# stan_version_major = 2
# stan_version_minor = 38
# stan_version_patch = 0
# model = ProbAgent_model
# start_datetime = 2026-05-11 08:29:45 UTC
# method = sample (Default)
#   sample
#     num_samples = 1000 (Default)
#     num_warmup = 300
#     save_warmup = true
#     thin = 1 (Default)
#     adapt
#       engaged = true (Default)
#       gamma = 0.05 (Default)
#       delta = 0.8 (Default)
#       kappa = 0.75 (Default)
#       t0 = 10 (Default)
#       init_buffer = 75 (Default)
#       term_buffer = 50 (Default)
#       window = 25 (Default)
#       save_metric = false (Default)
#     algorithm = hmc (Default)
#       hmc
#         engine = nuts (Default)
#           nuts
#             max_depth = 10 (Default)
#         metric = diag_e (Default)
#         metric_file =  (Default)
#         stepsize = 1 (Default)
#         stepsize_jitter = 0 (Default)
#     num_chains = 1 (Default)
# id = 2
# data
#   file = /var/folders/7_/txf_yc3n3ws8m_z7jz1j51nr0000gn/T/RtmpCZXZ45/standata-16d8c4435e748.json
# init = 2 (Default)
# random
#   seed = 865154443
# output
#   file = /Users/magnusseverin/Documents/GitHub/Advanced_Cognitive_Modeling/Assignment03/src/simmodels/temp/ProbAgent-202605111029-2-30a70a.csv
#   diagnostic_file =  (Default)
#   refresh = 0
#   sig_figs = 8 (Default)
#   profile_file = /Users/magnusseverin/Documents/GitHub/Advanced_Cognitive_Modeling/Assignment03/src/simmodels/temp/ProbAgent-profile-202605111029-2-73fa54.csv
#   save_cmdstan_config = false (Default)
# num_threads = 1 (Default)
# stanc_version = stanc3 v2.38.0
# stancflags = --name=ProbAgent_model
lp__,accept_stat__,stepsize__,treedepth__,n_leapfrog__,divergent__,energy__,w,log_lik.1,log_lik.2,log_lik.3,log_lik.4,log_lik.5,log_lik.6,log_lik.7,log_lik.8,log_lik.9,log_lik.10,prior_pred.1,prior_pred.2,prior_pred.3,prior_pred.4,prior_pred.5,prior_pred.6,prior_pred.7,prior_pred.8,prior_pred.9,prior_pred.10,posterior_pred.1,posterior_pred.2,posterior_pred.3,posterior_pred.4,posterior_pred.5,posterior_pred.6,posterior_pred.7,posterior_pred.8,posterior_pred.9,posterior_pred.10,lprior,w_prior
-20.565742,0.66669799,2,1,3,0,21.807033,0.22037544,-1.9641396,-2.1437016,-1.5517012,-1.5960358,-1.3651558,-2.0717275,-1.461675,-1.5595789,-1.9641396,-1.3651558,8,1,5,6,5,3,3,5,8,8,6,4,4,5,5,3,5,5,5,6,0.030394007,0.9701914
-20.565742,0,7.8476788,0,1,1,20.58001,0.22037544,-1.9641396,-2.1437016,-1.5517012,-1.5960358,-1.3651558,-2.0717275,-1.461675,-1.5595789,-1.9641396,-1.3651558,5,3,3,5,6,3,7,7,7,7,6,5,5,1,3,7,1,6,7,8,0.030394007,0.59425935
-16.381464,1,1.1082378,1,1,0,19.385803,0.54410717,-1.2258326,-1.6293732,-1.4457791,-1.5296842,-0.90545274,-1.718317,-1.6716702,-1.3358567,-1.2258326,-0.90545274,5,3,5,1,7,3,3,5,5,6,6,5,2,4,7,2,5,8,8,6,0.3976529,0.13800716
-16.065696,1,1.4170255,1,3,0,16.3108,0.92072671,-0.4580776,-1.0769677,-1.4842504,-1.7326712,-0.40735032,-1.4100097,-2.1800569,-1.2159918,-0.4580776,-0.40735032,4,4,3,6,6,5,6,5,5,5,8,2,3,3,8,4,2,7,8,6,-0.82568653,0.17586022
-15.266916,1,2.1789978,1,1,0,15.296214,0.74974073,-0.79585075,-1.3221345,-1.4482863,-1.6035549,-0.62895024,-1.5355391,-1.9135003,-1.2477274,-0.79585075,-0.62895024,5,2,4,5,5,7,5,7,6,8,8,3,2,4,8,3,5,8,8,8,0.11847384,0.44029252
-15.266916,8.6428905e-06,3.7019899,1,1,0,15.894403,0.74974073,-0.79585075,-1.3221345,-1.4482863,-1.6035549,-0.62895024,-1.5355391,-1.9135003,-1.2477274,-0.79585075,-0.62895024,8,2,3,5,8,3,2,4,6,8,8,2,3,7,4,5,6,6,8,7,0.11847384,0.57161694
-15.247272,0.99090748,0.31117401,4,15,0,15.674042,0.76224525,-0.77056815,-1.3038983,-1.4499221,-1.6108814,-0.61249586,-1.5255169,-1.9309266,-1.2439933,-0.77056815,-0.61249586,6,5,2,4,7,5,3,6,6,7,8,3,4,2,8,7,3,8,7,7,0.083756952,0.25822388
-15.258836,0.99859735,0.5322026,1,1,0,15.258836,0.75434777,-0.78652484,-1.3154099,-1.4488701,-1.606216,-0.62288328,-1.5318316,-1.9198837,-1.2463279,-0.78652484,-0.62288328,7,2,2,6,8,2,5,7,8,7,6,2,2,2,8,1,5,6,5,7,0.10601923,0.66687085
-15.39772,0.97072196,0.96568578,2,3,0,15.403383,0.70335551,-0.8904725,-1.3902177,-1.4436483,-1.5792321,-0.69033972,-1.5738331,-1.8516189,-1.2633185,-0.8904725,-0.69033972,8,4,5,5,8,1,5,8,7,7,8,1,1,4,7,3,5,2,7,8,0.2246458,0.44784067
-15.877469,0.63546467,1.6370587,1,1,0,15.880449,0.90874042,-0.48121372,-1.0938655,-1.4807972,-1.7215452,-0.42265042,-1.4179755,-2.1593307,-1.2167407,-0.48121372,-0.42265042,7,3,6,4,8,5,4,5,6,8,7,1,2,3,8,4,4,4,8,5,-0.69798361,0.67465455
-15.234047,0.95073967,0.97052616,1,3,0,15.772487,0.77661256,-0.74163568,-1.2830065,-1.4520005,-1.619705,-0.5936396,-1.5141614,-1.9513428,-1.2399575,-0.74163568,-0.5936396,7,7,2,4,6,4,2,4,8,6,7,2,2,6,7,3,5,3,6,5,0.040098152,0.34545234
-15.316695,0.92756587,1.5665395,1,1,0,15.325145,0.83796198,-0.6194681,-1.194522,-1.4632288,-1.6623055,-0.51370849,-1.4676239,-2.0433188,-1.2259295,-0.6194681,-0.51370849,8,3,3,7,7,8,2,7,7,5,5,4,3,5,8,2,4,6,8,8,-0.20494737,0.3281657
-15.236379,1,2.3541428,1,1,0,15.236678,0.77300913,-0.74888053,-1.2882402,-1.4514593,-1.6174511,-0.59836396,-1.5169933,-1.9461826,-1.2409439,-0.74888053,-0.59836396,8,1,5,2,5,2,6,4,8,8,8,1,3,5,6,5,6,7,8,8,0.051449575,0.66747559
-15.236379,7.349209e-06,4.4354234,1,1,0,15.472968,0.77300913,-0.74888053,-1.2882402,-1.4514593,-1.6174511,-0.59836396,-1.5169933,-1.9461826,-1.2409439,-0.74888053,-0.59836396,7,5,2,3,8,3,3,8,5,5,8,3,6,7,8,1,6,8,8,8,0.051449575,0.4166976
-15.345249,0.91381098,0.36775854,3,7,0,18.263036,0.71863802,-0.85915061,-1.3677099,-1.4449252,-1.5867504,-0.67005208,-1.5610233,-1.8715288,-1.2578851,-0.85915061,-0.67005208,4,3,2,2,5,4,4,4,7,5,8,3,6,1,8,3,3,8,7,7,0.19324871,0.24030468
-15.363088,0.99764121,0.53426067,1,1,0,15.371907,0.71315046,-0.87038076,-1.3757832,-1.444438,-1.5839949,-0.67732984,-1.5656012,-1.8643258,-1.2598031,-0.87038076,-0.67732984,8,3,1,6,4,1,4,7,2,7,8,3,7,4,6,6,5,3,5,8,0.20489915,0.42956807
-16.620739,0.55052854,1.00155,1,1,0,16.663572,0.51669533,-1.2852857,-1.671417,-1.4491456,-1.5264672,-0.94318304,-1.7451718,-1.6457214,-1.3510587,-1.2852857,-0.94318304,7,5,4,6,7,6,4,4,6,7,7,3,3,5,7,4,6,5,7,8,0.40434955,0.52823515
-15.675276,1,0.47552003,2,7,0,16.658326,0.89212167,-0.51342287,-1.1173646,-1.4762366,-1.7066482,-0.44392106,-1.4292344,-2.1311175,-1.2181788,-0.51342287,-0.44392106,6,1,2,3,5,5,5,8,3,8,8,1,4,5,8,3,6,7,8,8,-0.54914455,0.20280119
-15.240124,0.9951747,0.89259365,2,3,0,15.688717,0.80408989,-0.68664561,-1.2432316,-1.4565617,-1.6377943,-0.55772303,-1.4929242,-1.9915698,-1.2330184,-0.68664561,-0.55772303,7,2,1,6,8,6,2,8,7,8,8,1,3,5,7,7,5,8,8,8,-0.056384078,0.60433734
-15.311376,0.93499908,1.636384,1,1,0,15.343715,0.83645927,-0.62243428,-1.1966755,-1.4629089,-1.661166,-0.51565511,-1.4687255,-2.0409719,-1.2262086,-0.62243428,-0.51565511,5,1,1,2,7,1,6,7,6,8,6,3,5,5,7,4,6,6,8,8,-0.19751117,0.20286371
-15.311376,6.9939245e-05,2.4839725,1,1,0,15.719015,0.83645927,-0.62243428,-1.1966755,-1.4629089,-1.661166,-0.51565511,-1.4687255,-2.0409719,-1.2262086,-0.62243428,-0.51565511,8,6,2,4,4,6,5,2,7,5,7,3,3,2,8,4,8,7,8,8,-0.19751117,0.34098798
-15.232578,0.99971651,0.23610189,3,11,0,15.346056,0.79360771,-0.70757068,-1.2583773,-1.4547314,-1.6307048,-0.57140215,-1.5009511,-1.9760399,-1.2355429,-0.70757068,-0.57140215,8,3,6,5,7,7,4,7,8,6,6,1,4,5,8,2,5,7,5,8,-0.017383143,0.76299701
-15.32606,0.98490137,0.43764105,1,3,0,15.510492,0.84048051,-0.61449975,-1.1909143,-1.4637701,-1.6642263,-0.51044724,-1.465782,-2.0472628,-1.2254693,-0.61449975,-0.51044724,6,3,5,4,5,3,4,6,8,6,7,3,2,2,8,1,5,7,8,7,-0.21761121,0.62359013
-15.414369,0.98397494,0.7692778,1,1,0,15.417288,0.85910499,-0.57787177,-1.1642955,-1.4679663,-1.6788562,-0.486379,-1.4523316,-2.0768462,-1.2223623,-0.57787177,-0.486379,3,3,5,4,7,7,3,7,4,3,7,1,3,7,8,5,4,8,6,6,-0.31984495,0.35571239
-15.710171,0.87260108,1.3361099,1,1,0,15.807043,0.89536036,-0.50713386,-1.1127786,-1.4771046,-1.7095033,-0.43977055,-1.4270208,-2.1365683,-1.2178627,-0.50713386,-0.43977055,8,3,1,2,6,4,2,7,7,5,6,1,5,7,8,3,5,5,8,6,-0.57600237,0.44800459
-15.710171,0.0173555,1.6726065,1,1,0,16.286483,0.89536036,-0.50713386,-1.1127786,-1.4771046,-1.7095033,-0.43977055,-1.4270208,-2.1365683,-1.2178627,-0.50713386,-0.43977055,6,6,1,2,8,5,4,6,3,8,7,2,5,2,8,3,5,7,8,8,-0.57600237,0.21649813
-15.414763,0.99889631,0.18499238,3,15,0,15.977528,0.85917383,-0.57773675,-1.1641973,-1.4679825,-1.6789116,-0.48629019,-1.4522824,-2.0769569,-1.2223518,-0.57773675,-0.48629019,6,2,2,5,7,8,4,7,6,8,8,1,7,4,8,3,5,5,7,8,-0.32025355,0.41968631
-15.785418,0.99321171,0.33457008,2,7,0,15.820629,0.90177301,-0.49469875,-1.1037075,-1.478853,-1.7152251,-0.43156001,-1.4226656,-2.1474286,-1.2172878,-0.49469875,-0.43156001,6,2,4,2,7,4,1,6,8,5,8,1,5,3,8,2,7,7,7,8,-0.63210718,0.56794291
-15.401331,1,0.58971838,2,3,0,15.786866,0.85677221,-0.5824487,-1.1676239,-1.4674221,-1.6769826,-0.48938894,-1.4539998,-2.0731003,-1.2227226,-0.5824487,-0.48938894,7,2,1,4,7,1,3,6,5,7,8,2,4,5,8,2,6,6,8,7,-0.3061427,0.68792834
-15.353781,1,1.0491459,1,1,0,15.424374,0.84717021,-0.60132055,-1.181341,-1.4652381,-1.6693948,-0.50179235,-1.4609161,-2.057804,-1.2242929,-0.60132055,-0.50179235,5,1,5,4,8,6,5,8,6,5,6,4,3,3,7,2,6,8,8,7,-0.25252465,0.44134044
-17.012109,0.33011131,1.8487036,1,1,0,17.286899,0.95686892,-0.38879013,-1.0262711,-1.4954864,-1.7681785,-0.36142407,-1.3867882,-2.2444959,-1.2152599,-0.38879013,-0.36142407,3,2,3,3,8,3,7,4,6,6,8,2,5,7,8,5,8,7,7,8,-1.3958408,0.18203181
-16.734185,1,0.52320837,1,1,0,17.007781,0.9489883,-0.40383758,-1.0372927,-1.4929316,-1.7601835,-0.37141153,-1.3917484,-2.2301941,-1.2152188,-0.40383758,-0.37141153,7,2,3,6,6,1,3,8,5,8,8,5,3,4,8,4,6,8,8,7,-1.2362997,0.74486874
-15.645864,1,0.91863581,1,3,0,16.577501,0.88924087,-0.51902184,-1.1214464,-1.475473,-1.704128,-0.44761505,-1.4312112,-2.1262882,-1.2184744,-0.51902184,-0.44761505,8,2,3,7,7,1,6,6,7,8,7,2,2,1,8,4,7,6,8,7,-0.52602509,0.74205489
-15.247508,1,1.5982007,1,1,0,15.411889,0.81002338,-0.67482954,-1.2346734,-1.4576468,-1.6419109,-0.54999214,-1.4884216,-2.0004616,-1.2316577,-0.67482954,-0.54999214,7,2,1,7,8,5,4,6,8,7,6,3,3,3,8,2,5,5,7,8,-0.079786946,0.68182734
-15.280574,0.91468688,2.7557531,1,1,0,15.396453,0.8263536,-0.64241551,-1.2111756,-1.4608152,-1.6536285,-0.52876058,-1.4761842,-2.025313,-1.2281718,-0.64241551,-0.52876058,8,5,6,5,7,2,4,7,4,7,8,2,6,5,8,1,5,8,8,6,-0.14970728,0.38065981
-15.280574,8.1472217e-07,3.7640222,2,3,0,15.307555,0.8263536,-0.64241551,-1.2111756,-1.4608152,-1.6536285,-0.52876058,-1.4761842,-2.025313,-1.2281718,-0.64241551,-0.52876058,6,2,6,6,8,3,6,8,5,8,8,2,5,7,8,1,7,5,6,8,-0.14970728,0.77137604
-15.473394,0.98483257,0.47058252,2,5,0,15.62254,0.68464233,-0.92902493,-1.4178816,-1.4424258,-1.5706869,-0.71526487,-1.5897745,-1.8278753,-1.2703571,-0.92902493,-0.71526487,7,2,5,7,8,1,6,6,7,8,6,2,1,3,6,2,2,7,8,7,0.25885292,0.67044908
-16.227857,0.80283367,0.77756018,1,1,0,16.231337,0.56299155,-1.1851787,-1.6005619,-1.4439931,-1.5328127,-0.8795822,-1.7001514,-1.6904039,-1.3258252,-1.1851787,-0.8795822,8,1,4,6,8,5,4,8,6,8,7,4,4,5,5,3,2,8,8,6,0.38946606,0.80737448
-15.907059,0.6602147,0.79877545,1,3,0,18.151215,0.91080741,-0.47721832,-1.0909485,-1.4813829,-1.723441,-0.4200095,-1.4165925,-2.1628822,-1.2165941,-0.47721832,-0.4200095,7,2,2,5,8,5,4,8,7,5,8,1,3,2,8,2,6,8,8,8,-0.71862169,0.53859912
-15.573904,0.99960469,0.57019796,3,7,0,15.945929,0.66332878,-0.97320503,-1.4495294,-1.4414968,-1.5618384,-0.74376613,-1.608272,-1.8016809,-1.2788786,-0.97320503,-0.74376613,7,3,4,5,6,1,5,5,8,8,8,1,3,7,7,2,6,4,7,7,0.29262652,0.89879147
-15.812688,0.62214041,0.96533463,2,3,0,16.90649,0.90392859,-0.49052387,-1.100661,-1.4794495,-1.7171689,-0.4288023,-1.4212099,-2.1510995,-1.2171099,-0.49052387,-0.4288023,6,6,4,4,6,3,1,6,8,7,7,4,5,5,8,2,7,6,8,8,-0.65190896,0.41614698
-15.958834,0.99623676,0.62843415,2,3,0,15.975686,0.91424779,-0.47057349,-1.0860962,-1.4823669,-1.7266174,-0.41561615,-1.4142993,-2.1688144,-1.2163662,-0.47057349,-0.41561615,4,1,4,4,7,2,4,7,8,8,5,5,5,4,8,3,6,8,7,8,-0.75418756,0.68864736
-15.827757,1,1.0459557,1,1,0,16.071365,0.90508529,-0.48828466,-1.0990269,-1.4797715,-1.7182162,-0.42732296,-1.4204305,-2.1530735,-1.2170176,-0.48828466,-0.42732296,8,4,1,4,8,2,3,8,6,7,6,5,3,5,8,1,2,8,8,8,-0.66274321,0.74733306
-15.235858,1,1.7440581,1,1,0,15.418945,0.79933789,-0.69612377,-1.2500935,-1.4557182,-1.6345514,-0.56392091,-1.4965516,-1.9845013,-1.2341439,-0.69612377,-0.56392091,8,3,5,7,8,6,4,7,5,7,6,1,5,5,8,3,6,6,7,7,-0.038344881,0.85300673
-15.235858,0.047167389,2.8866326,1,1,0,15.541924,0.79933789,-0.69612377,-1.2500935,-1.4557182,-1.6345514,-0.56392091,-1.4965516,-1.9845013,-1.2341439,-0.69612377,-0.56392091,7,2,1,2,7,4,4,7,8,2,7,4,2,6,6,6,4,8,8,5,-0.038344881,0.34933882
-15.261322,0.99162522,0.46416132,2,5,0,15.38816,0.75287036,-0.78951411,-1.3175657,-1.4486805,-1.6053578,-0.62482827,-1.5330186,-1.9178319,-1.2467737,-0.78951411,-0.62482827,4,6,4,4,6,2,6,8,7,8,8,4,2,4,8,3,5,5,6,8,0.11005501,0.46038366
-15.262952,0.99157555,0.75438488,2,3,0,15.331815,0.75193243,-0.79141254,-1.3189346,-1.4485613,-1.6048153,-0.62606334,-1.5337731,-1.9165317,-1.2470581,-0.79141254,-0.62606334,5,3,3,3,8,3,6,8,8,7,6,2,3,5,8,2,5,6,7,4,0.11259655,0.47553015
-15.262952,0.12221282,1.2175876,1,1,0,16.633622,0.75193243,-0.79141254,-1.3189346,-1.4485613,-1.6048153,-0.62606334,-1.5337731,-1.9165317,-1.2470581,-0.79141254,-0.62606334,5,3,2,5,5,1,4,7,5,4,8,6,3,7,8,5,2,6,7,8,0.11259655,0.18351826
-15.273776,0.99804058,0.24463699,3,9,0,15.413529,0.82366825,-0.64773501,-1.2150339,-1.4602759,-1.6516625,-0.53224733,-1.4781809,-2.0211881,-1.2287186,-0.64773501,-0.53224733,8,1,5,4,8,2,3,7,8,8,5,3,1,5,7,4,1,6,8,8,-0.13761611,0.89231024
-17.430313,0.92487071,0.40133337,2,7,0,17.446069,0.43655824,-1.4621798,-1.7958716,-1.4644611,-1.5261485,-1.0547138,-1.8269581,-1.5783474,-1.3996894,-1.4621798,-1.0547138,7,4,6,5,6,2,4,6,6,8,4,1,1,2,7,3,2,7,7,7,0.38923468,0.80865374
-16.693794,1,0.55037842,2,5,0,17.718928,0.94769954,-0.40630155,-1.0390968,-1.4925193,-1.7588895,-0.37304624,-1.392565,-2.2278687,-1.2152229,-0.40630155,-0.37304624,5,2,2,4,8,2,5,5,7,8,8,2,3,4,8,2,1,8,8,6,-1.2127085,0.58396939
-15.565911,1,0.89610028,1,3,0,16.553751,0.88057687,-0.53588869,-1.1337375,-1.4732247,-1.6966586,-0.45873688,-1.4372011,-2.111873,-1.2194445,-0.53588869,-0.45873688,8,1,3,2,5,4,4,8,7,8,8,5,4,7,8,3,4,4,8,6,-0.46050099,0.68284201
-15.565911,0.04225007,1.4495916,1,1,0,16.563034,0.88057687,-0.53588869,-1.1337375,-1.4732247,-1.6966586,-0.45873688,-1.4372011,-2.111873,-1.2194445,-0.53588869,-0.45873688,3,5,3,5,4,5,3,8,6,4,8,1,4,8,8,4,4,8,8,8,-0.46050099,0.32019099
-15.471081,1,0.2547375,3,7,0,15.564262,0.86817462,-0.56010651,-1.151371,-1.4701327,-1.6862531,-0.47468932,-1.4458911,-2.0915205,-1.2210417,-0.56010651,-0.47468932,5,4,3,4,5,4,3,6,7,6,7,3,4,8,8,5,5,6,8,8,-0.37588002,0.16852354
-15.459159,1,0.41278834,1,1,0,15.478127,0.86639414,-0.56359037,-1.1539063,-1.4697011,-1.6847868,-0.47698256,-1.4471497,-2.0886258,-1.2212908,-0.56359037,-0.47698256,6,3,4,5,8,5,5,8,7,7,7,1,5,4,8,1,2,5,8,4,-0.36451701,0.48748174
-15.231391,0.99045965,0.66476111,1,3,0,15.603717,0.78424752,-0.72631094,-1.2719308,-1.453191,-1.624571,-0.58364053,-1.5081968,-1.9623643,-1.2379256,-0.72631094,-0.58364053,6,1,3,4,8,1,3,4,7,7,8,4,3,3,7,2,4,7,8,8,0.015105417,0.46716737
-15.405568,0.46533399,1.0413155,2,3,0,17.034812,0.70126392,-0.8947706,-1.393304,-1.4434929,-1.5782409,-0.69312106,-1.5756009,-1.8489304,-1.2640843,-0.8947706,-0.69312106,5,3,3,4,3,3,5,5,6,8,8,3,2,4,7,3,5,7,5,6,0.22869372,0.42783091
-17.029188,0.8680203,0.49668909,2,5,0,17.168491,0.95730311,-0.38796204,-1.0256644,-1.4956288,-1.7686232,-0.36087422,-1.3865166,-2.245288,-1.2152655,-0.38796204,-0.36087422,6,3,5,2,7,5,3,6,7,7,8,1,4,8,8,1,6,6,8,8,-1.405505,0.47159957
-16.645989,1,0.5891267,1,1,0,17.016638,0.94612073,-0.4093213,-1.0413077,-1.4920164,-1.7573095,-0.37504939,-1.3935676,-2.225025,-1.2152321,-0.4093213,-0.37504939,7,6,3,6,8,3,5,8,7,7,6,2,5,4,8,3,7,8,8,7,-1.1846351,0.79060548
-15.233038,0.88750573,0.93543307,1,3,0,16.649234,0.77863295,-0.73757702,-1.2800739,-1.4523098,-1.6209807,-0.59099218,-1.5125783,-1.9542477,-1.2394122,-0.73757702,-0.59099218,5,2,3,3,7,6,3,8,6,8,7,1,2,5,8,3,3,6,7,8,0.033610859,0.52886159
-15.238969,0.9967614,1.1514876,1,1,0,15.240138,0.76985696,-0.75522447,-1.2928219,-1.4509968,-1.615502,-0.60249939,-1.5194795,-1.9416904,-1.2418209,-0.75522447,-0.60249939,8,6,1,6,7,3,3,6,7,6,8,3,4,5,7,5,5,8,8,8,0.061154672,0.70923892
-15.264419,0.96917486,1.7980487,1,1,0,15.270629,0.81954885,-0.65590343,-1.220957,-1.4594626,-1.6486765,-0.5375996,-1.4812559,-2.0148897,-1.2295778,-0.65590343,-0.5375996,7,3,2,1,7,2,2,6,5,6,7,3,1,2,8,2,7,6,6,6,-0.11953699,0.58672072
-15.346729,0.25944698,2.6293698,2,3,0,15.540282,0.71816913,-0.86010945,-1.3683993,-1.4448823,-1.5865125,-0.67067363,-1.5614135,-1.8709109,-1.2580475,-0.86010945,-0.67067363,5,1,2,1,8,4,3,5,7,7,6,5,5,3,8,6,8,4,8,8,0.19426114,0.34901493
-15.379984,0.98970008,0.81789551,1,1,0,15.408672,0.70824716,-0.8804311,-1.3830051,-1.4440299,-1.5815857,-0.68383939,-1.5697124,-1.8579408,-1.2615482,-0.8804311,-0.68383939,6,3,2,4,8,5,7,8,6,8,8,1,5,7,8,1,7,7,8,7,0.21494905,0.71482831
-15.379984,0.23638526,1.2503831,2,3,0,16.424888,0.70824716,-0.8804311,-1.3830051,-1.4440299,-1.5815857,-0.68383939,-1.5697124,-1.8579408,-1.2615482,-0.8804311,-0.68383939,5,4,1,1,5,3,3,8,4,6,8,3,1,5,4,7,4,6,8,8,0.21494905,0.46562554
-15.699488,0.98162579,0.37661642,2,7,0,15.865098,0.64013695,-1.0216102,-1.4841371,-1.4410552,-1.5532783,-0.77491642,-1.6288089,-1.7742,-1.288746,-1.0216102,-0.77491642,5,3,4,3,6,5,3,8,6,8,7,1,5,6,8,2,3,5,7,8,0.32365459,0.45833361
-15.294683,0.91488624,0.56559317,2,3,0,16.616784,0.73677613,-0.82216396,-1.3410941,-1.4467619,-1.5963047,-0.64605241,-1.5460657,-1.8957678,-1.2518124,-0.82216396,-0.64605241,5,2,2,4,8,4,3,6,5,8,7,5,3,5,7,4,6,8,7,8,0.15153787,0.40030568
-15.294683,0.6330756,0.73365415,1,3,0,17.138741,0.73677613,-0.82216396,-1.3410941,-1.4467619,-1.5963047,-0.64605241,-1.5460657,-1.8957678,-1.2518124,-0.82216396,-0.64605241,7,2,4,8,8,5,4,6,3,6,8,1,2,7,7,6,6,5,8,7,0.15153787,0.55549079
-15.299352,0.95873915,0.52290931,1,3,0,15.786903,0.83283489,-0.62959371,-1.2018723,-1.4621463,-1.6584374,-0.52035244,-1.4713904,-2.0353311,-1.2268954,-0.62959371,-0.52035244,6,7,3,6,8,6,6,8,5,5,8,2,4,5,6,4,4,5,7,7,-0.17993367,0.29493636
-15.292889,1,0.74191582,1,1,0,15.308404,0.83073381,-0.63374756,-1.2048868,-1.4617103,-1.6568686,-0.52307701,-1.4729405,-2.0320738,-1.2273025,-0.63374756,-0.52307701,3,3,2,4,7,5,5,4,5,7,8,2,5,5,8,1,1,6,7,6,-0.16996913,0.14496199
-15.680497,0.86181922,1.1431394,1,1,0,15.687425,0.89261813,-0.51245845,-1.1166614,-1.476369,-1.7070843,-0.44328466,-1.4288945,-2.1319516,-1.2181293,-0.51245845,-0.44328466,7,4,2,2,5,5,1,7,7,6,8,5,3,5,8,3,6,7,8,8,-0.55320087,0.44121566
-15.640512,1,1.3151155,1,1,0,15.866167,0.88870055,-0.5200725,-1.1222123,-1.4753307,-1.7036573,-0.44830812,-1.4315828,-2.1253845,-1.2185314,-0.5200725,-0.44830812,5,3,1,2,7,4,4,4,5,8,6,1,3,5,8,3,4,6,7,7,-0.52176639,0.3215785
-15.341114,0.33634755,2.0107699,2,3,0,15.343148,0.71996327,-0.85644132,-1.3657616,-1.4450476,-1.5874252,-0.66829566,-1.5599213,-1.8732774,-1.2574274,-0.85644132,-0.66829566,8,5,3,7,7,3,4,7,7,8,4,4,3,7,7,2,4,8,8,8,0.19036987,0.34077978
-15.364644,0.99779179,0.78060247,2,3,0,15.389644,0.71268775,-0.87132854,-1.3764643,-1.4443984,-1.5837654,-0.67794386,-1.5659883,-1.8637212,-1.2599665,-0.87132854,-0.67794386,8,2,2,6,5,4,7,7,6,8,6,4,3,7,8,5,6,6,8,8,0.20586189,0.73228442
-15.335125,1,1.1859948,2,3,0,15.357826,0.84278272,-0.60996132,-1.1876182,-1.4642703,-1.6659941,-0.50746747,-1.464103,-2.0508797,-1.2250569,-0.60996132,-0.50746747,8,5,1,1,7,3,5,6,7,6,8,2,7,5,8,3,4,7,8,7,-0.22941314,0.33165203
-15.335125,0.0062618774,1.8022168,1,1,0,15.88854,0.84278272,-0.60996132,-1.1876182,-1.4642703,-1.6659941,-0.50746747,-1.464103,-2.0508797,-1.2250569,-0.60996132,-0.50746747,5,3,4,3,8,1,1,2,6,8,8,3,6,5,8,2,4,8,8,6,-0.22941314,0.27193141
-15.238207,0.99550507,0.36366162,2,7,0,15.554012,0.80214742,-0.69051837,-1.2460357,-1.4562142,-1.6364629,-0.56025583,-1.4944046,-1.9886748,-1.2334747,-0.69051837,-0.56025583,7,1,1,1,7,3,2,6,7,8,8,4,4,5,7,4,4,6,8,8,-0.048936486,0.81861968
-15.353128,0.97017201,0.5485147,2,5,0,15.586995,0.71617089,-0.86419723,-1.3713383,-1.4447022,-1.5855038,-0.6733231,-1.5630784,-1.8682829,-1.2587428,-0.86419723,-0.6733231,4,4,4,3,6,4,7,7,6,8,8,3,4,5,7,3,2,6,5,8,0.19854006,0.60202795
-15.400714,0.98645303,0.78305224,1,1,0,15.425337,0.70255273,-0.89212184,-1.3914021,-1.4435881,-1.5788506,-0.69140709,-1.5745112,-1.850586,-1.2636118,-0.89212184,-0.69140709,6,2,2,4,8,4,3,4,6,6,6,3,6,6,3,2,2,5,8,7,0.22620633,0.48058322
-16.102757,0.71132076,1.1507135,2,3,0,16.43881,0.92280177,-0.45408031,-1.0740466,-1.4848621,-1.73463,-0.40470508,-1.408644,-2.1836774,-1.2158872,-0.45408031,-0.40470508,6,5,4,5,6,5,6,8,7,8,8,3,5,6,7,4,6,8,7,7,-0.84996006,0.43955245
-16.310297,0.96954097,0.97497461,1,1,0,16.446237,0.93308873,-0.43429877,-1.0595845,-1.4879548,-1.7444834,-0.39160672,-1.4019315,-2.2017672,-1.2154794,-0.43429877,-0.39160672,7,1,3,6,7,3,3,3,8,8,7,4,3,4,8,3,4,8,8,8,-0.9818834,0.80676738
-16.866137,0.94496094,1.3788483,2,3,0,16.895212,0.49061743,-1.342339,-1.7116622,-1.4532184,-1.5248698,-0.97927452,-1.7712517,-1.6224053,-1.3662096,-1.342339,-0.97927452,7,3,3,4,6,4,5,7,7,6,8,2,3,4,8,6,3,6,5,6,0.40511292,0.67929889
-15.751071,0.66872297,1.851672,2,3,0,15.757205,0.63138399,-1.0399699,-1.4972452,-1.4410449,-1.5503367,-0.7867105,-1.63667,-1.7641042,-1.2926278,-1.0399699,-0.7867105,6,1,3,6,8,5,2,8,5,6,5,1,2,5,8,2,5,3,7,7,0.33391861,0.42445515
-15.266501,1,1.4432233,1,1,0,15.470178,0.74996471,-0.79539704,-1.3218074,-1.4483142,-1.6036832,-0.62865515,-1.5353584,-1.9138096,-1.2476587,-0.79539704,-0.62865515,5,7,2,3,8,6,3,4,6,8,7,6,3,4,8,6,4,7,8,8,0.11787713,0.41150647
-15.432934,0.47838672,2.1510923,1,3,0,15.527558,0.86225171,-0.5717028,-1.1598085,-1.4687089,-1.6814022,-0.48232096,-1.4500889,-2.0819175,-1.2218897,-0.5717028,-0.48232096,8,3,2,3,5,4,5,8,2,8,7,4,5,2,8,3,6,8,8,8,-0.33877583,0.26412843
-16.668879,0.67764594,1.160545,2,3,0,16.767876,0.94688413,-0.40786099,-1.0402386,-1.4922593,-1.7580728,-0.37408074,-1.3930825,-2.2263993,-1.2152271,-0.40786099,-0.37408074,8,3,5,4,6,5,3,6,8,6,8,4,4,6,8,3,4,4,8,8,-1.1980987,0.62526471
-16.009093,1,0.9253672,1,1,0,16.601314,0.91739222,-0.46450594,-1.0816642,-1.483276,-1.7295438,-0.41160321,-1.4122126,-2.1742591,-1.2161755,-0.46450594,-0.41160321,8,1,3,4,4,2,3,6,5,8,7,1,5,3,8,3,7,8,8,8,-0.78811213,0.54675392
-16.009093,0.90708352,1.3743094,1,3,0,16.391549,0.91739222,-0.46450594,-1.0816642,-1.483276,-1.7295438,-0.41160321,-1.4122126,-2.1742591,-1.2161755,-0.46450594,-0.41160321,8,1,6,7,7,2,6,8,7,7,8,2,6,6,7,4,7,5,8,7,-0.78811213,0.80504145
-15.231873,1,1.7022519,1,1,0,15.455834,0.7915182,-0.71174964,-1.2614006,-1.4543798,-1.6293195,-0.57413226,-1.5025622,-1.9729714,-1.2360644,-0.71174964,-0.57413226,8,3,3,6,8,5,7,6,5,7,7,1,5,7,6,2,4,5,7,6,-0.0099464545,0.70635811
-15.231873,0.00025730906,2.5119956,1,1,0,15.524029,0.7915182,-0.71174964,-1.2614006,-1.4543798,-1.6293195,-0.57413226,-1.5025622,-1.9729714,-1.2360644,-0.71174964,-0.57413226,6,4,3,3,8,5,4,5,7,8,8,3,2,6,8,6,3,5,8,6,-0.0099464545,0.54651768
-15.306883,0.98586649,0.55423045,1,3,0,15.383805,0.83514411,-0.6250313,-1.1985608,-1.4626307,-1.6601726,-0.51735923,-1.4696912,-2.0389219,-1.2264556,-0.6250313,-0.51735923,8,3,5,3,8,2,6,5,8,6,8,1,4,6,8,5,5,7,7,3,-0.19107509,0.9250291
-15.306883,0.76942882,0.7974775,1,3,0,16.637429,0.83514411,-0.6250313,-1.1985608,-1.4626307,-1.6601726,-0.51735923,-1.4696912,-2.0389219,-1.2264556,-0.6250313,-0.51735923,7,2,2,3,8,5,2,3,6,8,8,3,2,6,8,3,8,5,7,8,-0.19107509,0.24474523
-15.242661,0.99918721,0.76130167,1,3,0,15.29668,0.80634856,-0.68214521,-1.2399725,-1.4569706,-1.6393525,-0.5547791,-1.4912067,-1.994946,-1.2324946,-0.68214521,-0.5547791,8,3,5,2,4,4,4,6,6,7,7,1,7,6,8,2,6,6,7,8,-0.065175143,0.47332842
-15.242661,0.70193316,1.1178903,1,1,0,15.546239,0.80634856,-0.68214521,-1.2399725,-1.4569706,-1.6393525,-0.5547791,-1.4912067,-1.994946,-1.2324946,-0.68214521,-0.5547791,5,1,4,6,8,4,2,6,8,3,8,2,2,6,8,7,5,8,8,8,-0.065175143,0.30771307
-15.848059,0.84456215,0.93991218,1,3,0,15.892115,0.61585001,-1.072677,-1.5205718,-1.44124,-1.5455064,-0.8076925,-1.6507691,-1.7465584,-1.299726,-1.072677,-0.8076925,8,4,5,3,8,7,3,6,5,5,7,2,4,5,8,3,4,8,7,7,0.35028543,0.49995499
-15.284596,1,1.0313381,1,3,0,15.656659,0.82784559,-0.63946178,-1.2090328,-1.461118,-1.6547275,-0.5268241,-1.4750775,-2.0276113,-1.2278726,-0.63946178,-0.5268241,5,7,1,5,4,7,3,6,5,5,8,4,3,7,5,4,5,8,8,8,-0.15653265,0.1958421
-15.284596,0.0088621286,1.5071345,1,1,0,16.899926,0.82784559,-0.63946178,-1.2090328,-1.461118,-1.6547275,-0.5268241,-1.4750775,-2.0276113,-1.2278726,-0.63946178,-0.5268241,5,3,1,3,8,4,2,5,7,6,8,2,2,7,7,3,3,6,5,6,-0.15653265,0.25354127
-15.37399,0.99422521,0.35407206,3,7,0,15.553941,0.85148963,-0.59282461,-1.1751669,-1.4662094,-1.6727834,-0.49620992,-1.4577949,-2.0646607,-1.2235691,-0.59282461,-0.49620992,8,4,5,3,8,1,3,8,5,8,8,5,5,1,7,5,5,8,5,8,-0.27610896,0.64668778
-15.268142,0.99965923,0.51259082,3,7,0,15.393515,0.74908559,-0.79717797,-1.3230913,-1.4482051,-1.6031801,-0.62981342,-1.5360677,-1.912596,-1.2479286,-0.79717797,-0.62981342,7,2,3,4,7,3,4,5,6,7,5,4,4,8,8,1,4,5,8,8,0.12021406,0.2049849
-15.280894,0.99895487,0.74714861,2,3,0,15.28694,0.7427922,-0.80994086,-1.3322894,-1.4474475,-1.5996253,-0.63811097,-1.5411638,-1.903954,-1.24989,-0.80994086,-0.63811097,5,3,4,4,8,3,2,5,6,8,7,4,6,2,8,4,7,6,8,6,0.13654956,0.20428904
-16.63321,0.26394226,2.1684768,2,3,0,16.66507,0.94568848,-0.41014828,-1.0419131,-1.4918791,-1.7568779,-0.37559792,-1.3938425,-2.2242474,-1.2152354,-0.41014828,-0.37559792,6,7,2,3,4,5,2,7,7,7,8,1,6,6,8,3,3,5,8,8,-1.1771016,0.32051595
-16.63321,0.024149892,8.1821883,1,3,0,16.695642,0.94568848,-0.41014828,-1.0419131,-1.4918791,-1.7568779,-0.37559792,-1.3938425,-2.2242474,-1.2152354,-0.41014828,-0.37559792,7,4,2,4,7,4,5,7,7,6,7,1,3,5,7,4,4,8,8,8,-1.1771016,0.74720862
-16.23356,0.99606777,0.98453445,2,3,0,16.891624,0.9295252,-0.4411448,-1.0645908,-1.4868721,-1.7410431,-0.39614129,-1.4042458,-2.1954739,-1.2155997,-0.4411448,-0.39614129,6,2,4,5,6,3,2,4,6,8,7,3,2,4,8,3,2,5,5,8,-0.93382196,0.5323279
-16.023868,1,1.1087555,1,1,0,16.248649,0.91828285,-0.46278836,-1.0804095,-1.4835352,-1.7303767,-0.41046702,-1.4116233,-2.1758053,-1.2161246,-0.46278836,-0.41046702,8,5,4,7,7,3,4,8,7,8,8,1,6,5,8,2,5,6,8,8,-0.7979817,0.84309236
-15.232583,0.93177351,1.5839538,1,3,0,15.847463,0.77972616,-0.73538192,-1.2784876,-1.4524788,-1.6216746,-0.58956011,-1.5117231,-1.955823,-1.2391194,-0.73538192,-0.58956011,8,1,6,5,7,7,4,7,6,7,6,3,5,6,5,4,5,8,8,8,0.030063186,0.73110707
-15.33665,0.93310873,2.0937887,1,1,0,15.337794,0.84315808,-0.60922166,-1.1870809,-1.4643524,-1.6662834,-0.50698177,-1.4638297,-2.0514705,-1.2249904,-0.60922166,-0.50698177,8,1,3,8,8,7,2,6,7,6,6,3,6,4,8,3,3,8,7,7,-0.23135819,0.71250975
-15.260397,1,2.9549061,1,1,0,15.330327,0.81758259,-0.65980584,-1.2237861,-1.4590804,-1.6472641,-0.54015582,-1.4827287,-2.011896,-1.2299965,-0.65980584,-0.54015582,2,3,1,4,6,3,5,6,7,8,8,1,2,5,8,6,7,5,7,6,-0.11110165,0.30667551
-15.260397,0.016693121,5.3277914,1,1,0,15.76357,0.81758259,-0.65980584,-1.2237861,-1.4590804,-1.6472641,-0.54015582,-1.4827287,-2.011896,-1.2299965,-0.65980584,-0.54015582,4,2,4,3,8,5,5,7,5,8,8,1,1,5,8,1,7,6,8,5,-0.11110165,0.538798
-15.513627,0.99128926,0.44829234,2,5,0,15.668606,0.87408769,-0.54854926,-1.142958,-1.4715883,-1.6911722,-0.46707892,-1.441731,-2.1011827,-1.2202498,-0.54854926,-0.46707892,8,2,2,2,8,1,5,6,7,5,5,1,1,8,8,1,4,7,8,7,-0.41498467,0.48530555
-15.511511,1,0.80493266,1,1,0,15.535479,0.87380843,-0.54909464,-1.1433551,-1.4715188,-1.6909381,-0.46743815,-1.4419268,-2.1007246,-1.220286,-0.54909464,-0.46743815,7,5,4,3,6,3,5,5,7,5,8,3,3,2,8,4,3,5,8,8,-0.41308879,0.6609949
-15.410577,1,1.5081558,1,1,0,15.520084,0.85843771,-0.57918067,-1.1652474,-1.4678101,-1.678319,-0.48723984,-1.4528083,-2.0757735,-1.2224645,-0.57918067,-0.48723984,7,3,4,2,6,5,6,2,7,7,6,4,4,5,8,4,7,8,8,8,-0.31589712,0.15393865
-15.384188,0.51217357,2.8452466,2,3,0,15.397981,0.70706574,-0.88285489,-1.3847464,-1.4439354,-1.5810127,-0.68540875,-1.5707058,-1.8564095,-1.2619731,-0.88285489,-0.68540875,8,3,1,2,7,4,6,4,4,7,8,3,4,4,6,2,2,6,5,8,0.21732076,0.65458414
-15.420525,0.99070941,1.1564377,1,1,0,15.450094,0.69738777,-0.90274315,-1.3990275,-1.4432174,-1.5764281,-0.6982785,-1.5788864,-1.8439711,-1.2655174,-0.90274315,-0.6982785,7,2,4,2,6,2,4,8,5,7,7,3,2,7,7,8,3,4,6,8,0.23604273,0.56391452
-16.600523,0.35911488,2.1302221,1,1,0,17.073808,0.51892913,-1.2804211,-1.6679809,-1.4488365,-1.5266705,-0.94010047,-1.7429619,-1.6477807,-1.3497919,-1.2804211,-0.94010047,7,3,2,6,6,3,3,6,8,8,2,4,3,3,7,6,2,7,7,8,0.40403083,0.49082079
-16.045954,0.99991758,0.54567344,4,15,0,16.666507,0.91958724,-0.46027363,-1.0785722,-1.4839163,-1.7315997,-0.40880333,-1.4107614,-2.1780729,-1.2160524,-0.46027363,-0.40880333,7,1,5,6,8,4,1,6,8,8,6,1,5,6,8,3,5,8,8,8,-0.81265326,0.94864815
-15.239917,0.95674593,1.0375963,1,3,0,16.875438,0.76883416,-0.75728419,-1.2943092,-1.4508489,-1.614874,-0.60384177,-1.5202879,-1.9402372,-1.2421084,-0.75728419,-0.60384177,6,1,2,4,8,4,1,5,1,8,8,2,4,5,8,2,6,7,8,4,0.064259563,0.17959454
-15.239329,1,1.7164514,2,3,0,15.239722,0.8033136,-0.68819307,-1.2443521,-1.4564224,-1.6372612,-0.55873513,-1.4935154,-1.9904119,-1.2332001,-0.68819307,-0.55873513,5,2,5,3,8,3,7,4,4,6,8,2,2,4,8,1,6,8,8,7,-0.053395316,0.65316092
-15.239329,0.028795942,3.2215408,1,1,0,15.414723,0.8033136,-0.68819307,-1.2443521,-1.4564224,-1.6372612,-0.55873513,-1.4935154,-1.9904119,-1.2332001,-0.68819307,-0.55873513,7,1,4,2,8,4,8,6,7,8,8,1,3,6,8,2,6,8,7,8,-0.053395316,0.77934625
-15.23124,0.99998357,0.31586242,3,11,0,15.242986,0.78583078,-0.72313739,-1.2696364,-1.4534453,-1.6255955,-0.58156887,-1.5069661,-1.9646648,-1.2375141,-0.72313739,-0.58156887,5,6,1,4,8,3,6,7,6,8,8,3,4,5,7,4,3,6,8,7,0.0097568321,0.48327084
-15.260709,0.99857881,0.5961095,2,5,0,15.271561,0.75322916,-0.78878803,-1.3170421,-1.4487263,-1.6055658,-0.62435587,-1.5327302,-1.9183298,-1.2466651,-0.78878803,-0.62435587,3,1,4,3,6,5,2,6,4,7,7,1,6,4,8,2,8,7,7,7,0.10907855,0.42690467
-15.86033,0.78194688,1.1098915,1,3,0,16.628551,0.90750708,-0.48359881,-1.0956067,-1.4804497,-1.7204186,-0.4242267,-1.4188025,-2.1572161,-1.2168316,-0.48359881,-0.4242267,6,2,6,5,7,4,8,8,6,7,8,3,4,7,7,4,3,7,8,8,-0.68591765,0.5542053
-15.691873,0.99835179,1.0786776,2,7,0,15.84352,0.64146257,-1.018834,-1.4821541,-1.4410643,-1.5537376,-0.77313203,-1.6276236,-1.7757422,-1.2881656,-1.018834,-0.77313203,7,1,1,4,8,5,5,6,7,8,6,2,7,5,8,3,7,6,7,7,0.32203281,0.6543349
-16.073738,0.61405496,1.9789606,2,3,0,16.520628,0.92118396,-0.45719657,-1.0763239,-1.4843849,-1.733102,-0.40676733,-1.4097084,-2.1808539,-1.2159681,-0.45719657,-0.40676733,8,2,1,5,8,4,4,5,6,8,8,1,1,4,6,2,1,6,8,8,-0.83097481,0.78239346
-17.188209,0.93500031,1.1764274,2,3,0,17.472867,0.96110597,-0.38071359,-1.0203527,-1.496884,-1.7725359,-0.35606034,-1.3841454,-2.2522438,-1.2153296,-0.38071359,-0.35606034,6,2,1,4,6,3,7,5,8,6,8,5,3,5,8,4,6,8,7,6,-1.4948256,0.72888824
-17.638181,0.8507421,1.7796135,2,3,0,19.170558,0.41829544,-1.5031553,-1.8245623,-1.4691423,-1.5279961,-1.0803917,-1.8462763,-1.5647758,-1.4116149,-1.5031553,-1.0803917,5,1,5,4,7,6,1,6,8,8,6,3,4,3,7,2,4,8,7,8,0.37839958,0.24649509
-15.237236,0.60441408,2.101655,2,3,0,17.415055,0.8010565,-0.69269435,-1.247611,-1.4560207,-1.6357187,-0.56167872,-1.4952375,-1.9870523,-1.2337332,-0.69269435,-0.56167872,7,4,1,3,8,5,5,7,8,7,6,3,1,2,8,2,5,6,8,8,-0.04479875,0.66739863
-15.915694,0.83852897,1.2319097,1,3,0,16.178306,0.91139632,-0.47608043,-1.0901177,-1.4815506,-1.7239828,-0.41925727,-1.4161992,-2.1638958,-1.2165537,-0.47608043,-0.41925727,8,1,2,4,8,3,5,7,8,7,8,4,4,2,8,2,5,3,8,8,-0.72459987,0.73484875
-15.240309,0.97707348,1.4065502,1,3,0,15.842055,0.80426491,-0.68629677,-1.242979,-1.4565932,-1.6379146,-0.55749485,-1.4927909,-1.9918311,-1.2329776,-0.68629677,-0.55749485,6,5,1,2,6,6,4,4,7,8,7,1,5,5,7,4,5,8,7,5,-0.057060233,0.44257025
-15.281445,0.96259311,2.357026,1,1,0,15.284445,0.74253787,-0.81045715,-1.3326614,-1.4474177,-1.5994834,-0.6384465,-1.5413704,-1.9036065,-1.2499703,-0.81045715,-0.6384465,4,5,4,5,6,6,4,7,7,5,8,1,6,2,7,2,4,3,5,5,0.13719543,0.40618624
-15.231379,1,3.7623752,1,1,0,15.239051,0.78433485,-0.72613586,-1.2718043,-1.453205,-1.6246274,-0.58352625,-1.5081289,-1.962491,-1.2379028,-0.72613586,-0.58352625,5,4,1,4,8,1,4,6,7,5,7,1,7,8,4,3,2,8,8,8,0.01481193,0.42164652
-15.232938,0.98884792,6.6019643,1,1,0,15.244135,0.77886129,-0.73711846,-1.2797425,-1.452345,-1.6211254,-0.59069304,-1.5123996,-1.9545765,-1.2393509,-0.73711846,-0.59069304,6,2,2,3,7,3,3,5,4,7,8,2,5,4,8,3,5,8,7,8,0.032872033,0.48693946
-15.232938,1.4757842e-05,11.135097,1,3,0,15.238134,0.77886129,-0.73711846,-1.2797425,-1.452345,-1.6211254,-0.59069304,-1.5123996,-1.9545765,-1.2393509,-0.73711846,-0.59069304,8,5,1,2,6,5,5,5,6,4,5,1,3,4,8,3,6,5,6,8,0.032872033,0.32703894
-16.060468,0.71179049,1.2977189,2,3,0,16.763405,0.58501779,-1.1380699,-1.5671135,-1.4424484,-1.5373983,-0.8495324,-1.6793106,-1.7131376,-1.3145901,-1.1380699,-0.8495324,8,1,4,3,7,3,5,6,7,7,8,4,1,2,6,5,1,7,5,7,0.37612682,0.55085696
-15.870845,1,1.0489233,1,1,0,16.109874,0.61235144,-1.0800653,-1.5258367,-1.4413219,-1.5444874,-0.81242708,-1.6539705,-1.7426723,-1.3013611,-1.0800653,-0.81242708,3,2,3,6,8,7,4,3,7,8,7,2,1,6,6,4,5,7,8,8,0.35365443,0.36633345
-15.972533,0.93608648,1.8260849,1,1,0,16.399347,0.59733002,-1.1118802,-1.5484891,-1.4418337,-1.5404,-0.83279332,-1.6678245,-1.7262598,-1.3085322,-1.1118802,-0.83279332,6,3,4,5,8,2,2,8,8,8,4,2,3,7,5,4,1,4,7,6,0.36683599,0.8593042
-16.616674,0.69358437,2.6635532,1,3,0,16.629842,0.94512257,-0.41123114,-1.0427058,-1.4916996,-1.7563134,-0.37631614,-1.3942027,-2.2232301,-1.2152402,-0.41123114,-0.37631614,5,1,4,3,6,2,5,5,6,8,8,1,2,4,8,2,7,8,8,8,-1.1673343,0.17809934
-16.115318,1,2.0514401,1,1,0,16.748474,0.92348685,-0.4527611,-1.0730825,-1.485065,-1.7352788,-0.40383197,-1.4081939,-2.1848748,-1.2158543,-0.4527611,-0.40383197,7,2,2,4,4,6,3,7,6,8,8,4,3,3,8,4,7,7,8,7,-0.85813196,0.3308421
-16.115318,0.00058117603,3.506299,1,1,0,16.273163,0.92348685,-0.4527611,-1.0730825,-1.485065,-1.7352788,-0.40383197,-1.4081939,-2.1848748,-1.2158543,-0.4527611,-0.40383197,4,4,6,5,8,2,4,3,4,8,6,3,3,5,8,5,3,8,7,8,-0.85813196,0.40766543
-15.353215,0.99695778,0.45623827,2,7,0,16.589766,0.84704334,-0.60157025,-1.1815224,-1.4652098,-1.6692959,-0.50195638,-1.461008,-2.0576032,-1.2243146,-0.60157025,-0.50195638,3,1,1,3,8,7,4,8,7,5,8,1,8,2,8,1,8,5,8,8,-0.25184464,0.45854609
-16.448589,0.94229628,0.77620162,2,5,0,16.51666,0.93891343,-0.42312362,-1.0514095,-1.4897504,-1.7501685,-0.38420137,-1.3981738,-2.2121151,-1.2153312,-0.42312362,-0.38420137,4,6,4,5,7,3,3,5,8,8,8,2,4,5,8,3,5,8,8,6,-1.0667357,0.27141805
-16.388029,0.992586,1.1407287,2,7,0,16.513951,0.54332452,-1.2275228,-1.63057,-1.4458624,-1.5295706,-0.90652708,-1.7190758,-1.6709089,-1.3362802,-1.2275228,-0.90652708,8,3,2,2,4,6,3,8,8,6,6,4,3,2,8,1,3,5,8,6,0.39792873,0.26415981
-17.108794,0.35433775,1.8910517,2,3,0,17.954991,0.46647322,-1.3955982,-1.7491409,-1.4577649,-1.5246715,-1.0128632,-1.7958583,-1.6020129,-1.3808219,-1.3955982,-1.0128632,6,1,3,5,8,5,7,6,7,7,8,2,2,6,8,2,5,4,3,7,0.40095879,0.68154222
-17.24073,0.99252189,0.63393421,1,1,0,17.32522,0.45393378,-1.4234266,-1.7686891,-1.4604267,-1.5250575,-1.030374,-1.8088121,-1.5918768,-1.3886288,-1.4234266,-1.030374,7,7,1,3,7,5,5,6,8,7,7,2,4,4,6,1,2,7,7,7,0.39694049,0.68211376
-17.18746,1,1.047304,2,3,0,17.598084,0.45895032,-1.4122797,-1.7608617,-1.4593369,-1.5248628,-1.0233631,-1.8036155,-1.5958945,-1.3854878,-1.4122797,-1.0233631,8,1,1,6,8,5,3,8,8,7,6,2,3,3,4,3,6,7,4,5,0.39870199,0.84822232
-15.235796,1,1.7494538,1,1,0,16.104457,0.79925455,-0.69629011,-1.2502139,-1.4557037,-1.634495,-0.56402965,-1.4966154,-1.9843777,-1.2341639,-0.69629011,-0.56402965,7,3,1,3,7,4,5,4,6,8,8,3,4,3,7,4,7,7,6,5,-0.038033925,0.34154484
-15.235796,0.0010460472,2.9008807,1,1,0,16.983469,0.79925455,-0.69629011,-1.2502139,-1.4557037,-1.634495,-0.56402965,-1.4966154,-1.9843777,-1.2341639,-0.69629011,-0.56402965,7,3,3,7,6,1,6,7,5,7,8,3,1,7,6,3,6,7,8,7,-0.038033925,0.56122523
-15.231301,0.9992981,0.42478574,2,7,0,15.281587,0.78500057,-0.7248013,-1.2708394,-1.4533116,-1.6250577,-0.5826551,-1.5076112,-1.9634578,-1.2377295,-0.7248013,-0.5826551,7,3,1,5,8,4,3,5,7,6,8,1,3,5,5,1,1,7,8,8,0.012568716,0.66141191
-15.285687,0.98921017,0.70501519,2,5,0,15.425554,0.82823964,-0.6386819,-1.208467,-1.4611983,-1.6550186,-0.52631276,-1.4747855,-2.0282191,-1.2277941,-0.6386819,-0.52631276,6,1,3,5,7,4,6,7,5,6,7,1,2,6,8,4,8,5,8,8,-0.15834828,0.55611797
-15.758662,0.96646976,1.1342073,2,3,0,15.762828,0.63012705,-1.0426105,-1.4991297,-1.4410505,-1.5499273,-0.78840585,-1.6378038,-1.7626668,-1.2931923,-1.0426105,-0.78840585,5,7,4,2,8,5,1,7,5,8,8,6,4,3,8,6,5,5,5,6,0.33532995,0.51280965
-16.696593,0.59646597,1.7175501,1,1,0,17.030669,0.50843558,-1.3033039,-1.6841378,-1.4503427,-1.5258064,-0.95459352,-1.7533762,-1.6381917,-1.3557856,-1.3033039,-0.95459352,8,2,3,2,8,5,3,7,7,8,8,2,1,7,8,3,5,8,8,7,0.40518043,0.85186262
-16.696593,5.7968074e-06,2.1624866,2,3,0,19.595597,0.50843558,-1.3033039,-1.6841378,-1.4503427,-1.5258064,-0.95459352,-1.7533762,-1.6381917,-1.3557856,-1.3033039,-0.95459352,8,1,4,2,6,1,8,7,8,7,5,7,2,4,7,4,8,6,7,7,0.40518043,0.78711011
-16.696593,4.5619929e-16,5.0495995,1,1,0,16.811653,0.50843558,-1.3033039,-1.6841378,-1.4503427,-1.5258064,-0.95459352,-1.7533762,-1.6381917,-1.3557856,-1.3033039,-0.95459352,7,2,2,5,7,2,5,5,6,7,7,1,1,3,8,6,2,6,8,8,0.40518043,0.20733649
-16.500015,1,0.49788874,3,7,0,16.728609,0.53025082,-1.2558196,-1.6505927,-1.4473651,-1.5278616,-0.92449854,-1.73182,-1.6583691,-1.3434473,-1.2558196,-0.92449854,8,3,2,3,7,5,3,5,5,7,4,6,6,6,8,6,6,4,8,8,0.40179794,0.20949238
-15.466134,1,0.51855371,2,3,0,16.42033,0.6863161,-0.92556767,-1.4154025,-1.4425197,-1.5714216,-0.71303172,-1.5883372,-1.8299706,-1.2697105,-0.92556767,-0.71303172,7,1,2,6,6,3,3,3,8,8,8,1,4,5,7,5,5,6,6,7,0.25597301,0.55071724
-15.843396,0.69123839,0.7013761,1,3,0,17.952327,0.9062611,-0.48600922,-1.0973661,-1.4801,-1.7192838,-0.42581951,-1.4196394,-2.1550832,-1.2169261,-0.48600922,-0.42581951,8,3,3,8,8,5,2,7,6,8,8,2,1,4,7,2,6,6,8,8,-0.67391038,0.53673818
-16.271817,0.98823493,0.43687328,2,7,0,16.461114,0.93133391,-0.43766915,-1.0620493,-1.4874202,-1.7427857,-0.39383933,-1.4030697,-2.1986646,-1.2155358,-0.43766915,-0.39383933,8,6,5,5,6,4,5,4,6,6,4,5,5,5,8,4,5,8,8,8,-0.95787775,0.34693848
-16.145448,0.95403858,0.69974684,3,7,0,17.670042,0.57362525,-1.1623946,-1.584393,-1.4431756,-1.5349008,-0.8650582,-1.6900432,-1.7012604,-1.320338,-1.1623946,-0.8650582,5,2,2,3,6,5,5,5,7,8,8,5,2,4,8,5,7,5,6,8,0.38354387,0.35503606
-16.677602,0.39021776,1.0677184,1,3,0,18.755341,0.94717144,-0.40731149,-1.0398363,-1.4923508,-1.7583604,-0.37371622,-1.3929001,-2.2269168,-1.2152255,-0.40731149,-0.37371622,6,5,2,5,8,2,3,6,6,8,6,3,1,7,8,4,7,8,8,7,-1.203219,0.33657244
-16.636024,1,0.28612161,1,1,0,16.68076,0.94578405,-0.40996544,-1.0417792,-1.4919094,-1.7569732,-0.37547665,-1.3937817,-2.2244193,-1.2152346,-0.40996544,-0.37547665,8,3,2,3,8,3,6,7,8,8,8,4,2,5,8,1,3,7,7,6,-1.1787616,0.92717625
-16.854101,0.99471245,0.52693621,1,1,0,16.855941,0.9525882,-0.39695969,-1.0322557,-1.4940914,-1.7638181,-0.36684739,-1.3894753,-2.2367097,-1.2152234,-0.39695969,-0.36684739,6,4,5,4,7,3,4,6,8,7,8,1,3,6,8,4,5,8,8,8,-1.3056973,0.82395966
-17.064848,0.98504545,0.97035197,1,1,0,17.210802,0.95819296,-0.38626525,-1.0244211,-1.4959213,-1.7695357,-0.35974749,-1.3859605,-2.2469126,-1.2152781,-0.38626525,-0.35974749,6,3,2,5,7,4,2,1,7,8,8,1,2,5,8,1,1,6,7,8,-1.4256371,0.30273958
-16.024621,1,1.7470455,1,3,0,16.132698,0.58996815,-1.1275276,-1.559619,-1.44218,-1.5385674,-0.84279715,-1.6746783,-1.7183779,-1.3121351,-1.1275276,-0.84279715,7,4,5,1,8,5,4,4,7,7,8,3,4,6,8,2,3,8,8,7,0.3725523,0.54825855
-16.024621,3.2023581e-09,3.3046649,2,3,0,17.479501,0.58996815,-1.1275276,-1.559619,-1.44218,-1.5385674,-0.84279715,-1.6746783,-1.7183779,-1.3121351,-1.1275276,-0.84279715,8,6,2,7,5,3,4,5,8,7,6,3,5,3,7,4,6,7,7,8,0.3725523,0.42412087
-15.243532,0.99991929,0.27128907,4,15,0,16.056189,0.80706273,-0.68072285,-1.2389423,-1.457101,-1.6398474,-0.55384853,-1.4906645,-1.9960157,-1.2323304,-0.68072285,-0.55384853,7,3,3,6,8,1,5,5,8,8,8,4,2,4,8,3,5,8,8,8,-0.067984571,0.66481825
-15.314595,0.97789093,0.51831467,1,3,0,15.67037,0.72905466,-0.83788456,-1.3524116,-1.4459376,-1.5921535,-0.65625876,-1.5524005,-1.8853681,-1.2543471,-0.83788456,-0.65625876,7,6,2,4,4,7,2,6,6,6,6,3,3,3,6,1,6,6,7,6,0.16991473,0.4414919
-16.495999,0.56388563,0.92083761,2,3,0,17.654923,0.53071098,-1.2548216,-1.649887,-1.4473086,-1.5279157,-0.92386517,-1.7313692,-1.6588048,-1.3431921,-1.2548216,-0.92386517,4,3,1,4,6,4,3,8,4,2,7,5,1,6,8,4,3,8,7,4,0.40168532,0.16853738
-15.299113,0.95991322,0.4551572,3,7,0,18.295511,0.83275944,-0.62974282,-1.2019805,-1.4621306,-1.6583809,-0.52045026,-1.471446,-2.035214,-1.2269099,-0.62974282,-0.52045026,8,1,6,5,8,3,5,8,8,6,6,1,2,7,8,4,6,7,8,8,-0.17957304,0.83199327
-15.550157,0.97534748,0.76327256,2,3,0,15.600469,0.87870009,-0.53954791,-1.1364029,-1.4727472,-1.6950624,-0.46114849,-1.4385074,-2.1087718,-1.2196705,-0.53954791,-0.46114849,5,6,1,3,7,6,7,6,6,7,7,4,6,6,8,3,5,8,8,8,-0.44704137,0.41392316
-16.041729,0.86266655,1.3326724,1,1,0,16.105057,0.91934017,-0.46074987,-1.0789202,-1.483844,-1.7313677,-0.40911842,-1.4109245,-2.1776431,-1.2160659,-0.46074987,-0.40911842,6,2,1,7,8,2,2,5,6,8,5,2,5,3,6,6,5,7,8,3,-0.80985421,0.64202182
-15.396775,1,1.6453191,1,1,0,15.828453,0.8559307,-0.58410051,-1.1688249,-1.4672271,-1.6763096,-0.49047506,-1.4546027,-2.0717519,-1.2228546,-0.58410051,-0.49047506,6,2,4,5,8,5,5,8,6,7,8,3,2,2,6,1,1,8,7,7,-0.30126721,0.27632956
-15.315381,1,3.0507746,1,1,0,15.56422,0.83759591,-0.62019057,-1.1950465,-1.4631507,-1.6620275,-0.51418266,-1.4678921,-2.0427466,-1.2259972,-0.62019057,-0.51418266,7,3,2,4,7,3,4,6,6,8,8,1,2,6,7,2,3,8,8,8,-0.20312768,0.46382741
-15.315381,9.1823888e-12,5.6016851,1,1,0,15.670716,0.83759591,-0.62019057,-1.1950465,-1.4631507,-1.6620275,-0.51418266,-1.4678921,-2.0427466,-1.2259972,-0.62019057,-0.51418266,8,1,6,5,7,4,5,7,8,8,6,1,8,5,8,3,3,7,6,5,-0.20312768,0.78420566
-15.590244,0.90987965,0.54295837,1,3,0,17.150215,0.66013016,-0.97986043,-1.4542919,-1.4414004,-1.5605917,-0.74805385,-1.6110792,-1.7978276,-1.280203,-0.97986043,-0.74805385,5,3,2,4,8,3,6,7,8,8,7,5,4,6,8,2,4,8,8,6,0.29724867,0.51191154
-15.322538,0.93309974,0.7710539,1,3,0,16.152677,0.83955113,-0.61633273,-1.1922454,-1.4635696,-1.6635159,-0.51165051,-1.466461,-2.0458058,-1.225638,-0.61633273,-0.51165051,8,4,2,5,8,5,4,3,7,8,8,3,2,4,8,4,2,5,4,8,-0.21290839,0.59576386
-15.307731,1,1.1641869,1,1,0,15.343666,0.83539574,-0.62453433,-1.1982,-1.4626838,-1.6603624,-0.51703314,-1.4695063,-2.0393138,-1.2264081,-0.62453433,-0.51703314,8,4,2,3,7,5,2,7,6,6,8,4,7,4,7,3,8,7,8,8,-0.19230138,0.5439873
-15.307731,0.0010315498,2.1136228,1,1,0,16.563247,0.83539574,-0.62453433,-1.1982,-1.4626838,-1.6603624,-0.51703314,-1.4695063,-2.0393138,-1.2264081,-0.62453433,-0.51703314,4,8,1,3,5,4,1,6,8,7,7,1,2,6,7,6,5,6,8,8,-0.19230138,0.38155137
-15.305889,0.99976341,0.22422993,3,11,0,15.359446,0.73231468,-0.83124282,-1.347631,-1.446278,-1.5938909,-0.65194773,-1.54972,-1.8897442,-1.2532678,-0.83124282,-0.65194773,7,2,2,3,8,2,6,8,8,7,7,1,6,4,5,2,4,5,8,8,0.16227133,0.43714272
-15.286396,0.99251458,0.40852598,2,7,0,15.548056,0.82849289,-0.63818072,-1.2081034,-1.46125,-1.6552058,-0.52598414,-1.4745979,-2.0286099,-1.2277437,-0.63818072,-0.52598414,7,3,2,5,8,5,6,8,7,8,8,2,2,6,7,4,3,7,7,5,-0.15951809,0.18401358
-15.306133,0.99732126,0.72215622,1,1,0,15.308881,0.83492032,-0.62547331,-1.1988816,-1.4625835,-1.6600039,-0.51764924,-1.4698557,-2.0385734,-1.2264978,-0.62547331,-0.51764924,6,1,2,2,8,5,3,7,6,7,7,3,5,6,7,5,3,7,8,8,-0.18998654,0.39648999
-15.416784,0.95703735,1.2813942,1,1,0,15.441866,0.85952549,-0.57704707,-1.1636958,-1.468065,-1.6791952,-0.48583657,-1.4520314,-2.0775227,-1.2222983,-0.57704707,-0.48583657,6,4,2,5,8,1,6,6,6,6,7,1,6,7,7,4,8,2,8,6,-0.32234458,0.50807631
-15.416784,0.46811159,2.0168944,1,1,0,16.134532,0.85952549,-0.57704707,-1.1636958,-1.468065,-1.6791952,-0.48583657,-1.4520314,-2.0775227,-1.2222983,-0.57704707,-0.48583657,6,5,1,6,5,5,5,7,4,6,8,2,5,2,7,1,3,6,7,8,-0.32234458,0.34081477
-15.275465,0.97921965,0.83506878,1,3,0,15.645024,0.74536794,-0.80471438,-1.3285233,-1.4477526,-1.6010702,-0.63471374,-1.5390741,-1.9074813,-1.2490811,-0.80471438,-0.63471374,8,4,6,5,5,3,7,8,4,8,5,4,4,3,4,3,7,7,8,7,0.12994649,0.73656352
-15.787404,0.69703022,1.389827,1,1,0,15.879302,0.62543444,-1.052478,-1.5061697,-1.4410872,-1.5484277,-0.79473894,-1.6420476,-1.757328,-1.295315,-1.052478,-0.79473894,7,2,1,2,8,2,5,5,5,7,8,1,3,1,8,3,4,3,6,8,0.34046227,0.4589566
-15.420383,1,1.0793068,2,3,0,15.688937,0.69742395,-0.9026687,-1.398974,-1.4432199,-1.5764449,-0.69823035,-1.5788556,-1.8440172,-1.265504,-0.9026687,-0.69823035,8,5,3,4,6,6,6,7,4,8,5,2,1,6,8,2,4,8,8,7,0.23597504,0.25947611
-15.577033,0.81410519,1.8785073,1,1,0,15.931503,0.66271144,-0.97448902,-1.4504483,-1.4414773,-1.5615962,-0.74459345,-1.6088132,-1.8009357,-1.2791333,-0.97448902,-0.74459345,5,4,6,5,6,5,4,8,8,8,7,1,3,6,7,5,5,4,8,8,0.2935274,0.18546273
-15.42872,1,1.9877105,1,1,0,15.429247,0.86155426,-0.57306963,-1.1608028,-1.4685435,-1.6808361,-0.48322019,-1.4505852,-2.0807917,-1.2219931,-0.57306963,-0.48322019,8,4,1,6,7,2,5,5,8,7,8,1,4,7,7,3,4,7,7,8,-0.33453455,0.83289868
-15.42872,5.0385089e-06,3.4126498,1,1,0,15.464385,0.86155426,-0.57306963,-1.1608028,-1.4685435,-1.6808361,-0.48322019,-1.4505852,-2.0807917,-1.2219931,-0.57306963,-0.48322019,7,2,2,4,5,4,2,4,5,8,4,2,2,7,7,8,6,7,8,6,-0.33453455,0.15762846
-15.321874,0.99906379,0.4365433,1,3,0,15.473784,0.83937367,-0.61668279,-1.1924996,-1.4635314,-1.6633805,-0.51188031,-1.4665908,-2.0455278,-1.2256704,-0.61668279,-0.51188031,2,4,1,5,7,5,1,5,6,8,5,1,4,7,7,2,6,7,8,5,-0.21201435,0.20088783
-15.236268,0.99174144,0.75009078,1,3,0,15.419066,0.7731606,-0.74857583,-1.2880202,-1.4514818,-1.6175453,-0.59816531,-1.5168741,-1.9463989,-1.2409021,-0.74857583,-0.59816531,6,1,4,8,7,5,5,7,5,8,7,2,3,4,8,2,4,8,8,8,0.050977982,0.56098622
-15.236268,0.23946869,1.2545023,1,1,0,16.435352,0.7731606,-0.74857583,-1.2880202,-1.4514818,-1.6175453,-0.59816531,-1.5168741,-1.9463989,-1.2409021,-0.74857583,-0.59816531,6,2,1,4,7,5,6,6,4,4,8,2,4,4,8,3,7,6,8,7,0.050977982,0.12338679
-15.231224,0.99997873,0.31039536,2,5,0,15.237994,0.7872192,-0.72035563,-1.2676249,-1.4536704,-1.6264983,-0.57975268,-1.5058885,-1.9666864,-1.2371561,-0.72035563,-0.57975268,8,2,4,4,8,4,4,5,8,8,7,1,3,4,8,4,4,5,8,7,0.0050181819,0.76005206
-15.705457,0.91860524,0.52928358,1,3,0,16.511485,0.63910428,-1.0237737,-1.4856822,-1.4410495,-1.552923,-0.77630681,-1.6297332,-1.7730011,-1.2891995,-1.0237737,-0.77630681,6,2,1,1,8,3,5,5,6,8,7,3,4,5,6,2,5,7,7,7,0.3249056,0.61364861
-15.29455,0.97923068,0.73098951,3,7,0,15.95761,0.83128528,-0.63265706,-1.2040955,-1.4618243,-1.6572795,-0.52236179,-1.4725333,-2.0329279,-1.227195,-0.63265706,-0.52236179,8,4,3,4,6,4,5,5,6,7,8,4,3,4,8,2,8,8,8,7,-0.17256883,0.23571272
-15.691155,0.90677786,1.167343,2,3,0,15.756614,0.64158804,-1.0185713,-1.4819664,-1.4410653,-1.5537813,-0.77296316,-1.6275114,-1.7758883,-1.2881107,-1.0185713,-0.77296316,8,4,4,2,8,3,1,5,5,8,5,2,4,5,8,5,2,8,1,8,0.32187838,0.603769
-21.201597,0.056887337,1.5495929,1,1,0,21.427351,0.18822415,-2.042133,-2.197025,-1.5712467,-1.6158692,-1.4125777,-2.1111399,-1.4528874,-1.5867015,-2.042133,-1.4125777,7,3,2,2,7,5,2,8,6,8,5,4,2,2,8,2,2,8,6,6,-0.08689328,0.30033695
-17.656463,1,0.25768026,2,7,0,22.679119,0.41672599,-1.5066883,-1.8270337,-1.469566,-1.5281885,-1.082603,-1.8479482,-1.5636406,-1.412654,-1.5066883,-1.082603,8,2,1,2,6,3,4,8,5,7,6,2,1,2,6,3,7,5,8,7,0.3773349,0.38518607
-17.736628,0.99680166,0.43147101,1,1,0,17.847385,0.40991039,-1.5220528,-1.8377766,-1.4714454,-1.5290864,-1.0922143,-1.8552301,-1.5587683,-1.4171922,-1.5220528,-1.0922143,7,1,4,4,8,4,7,5,7,8,6,2,4,3,3,4,5,7,8,8,0.37246189,0.86352494
-15.365113,1,0.71173265,3,7,0,17.561518,0.71254871,-0.87161337,-1.376669,-1.4443866,-1.5836965,-0.67812838,-1.5661047,-1.8635396,-1.2600156,-0.87161337,-0.67812838,3,4,6,5,6,6,2,7,8,7,8,2,2,4,7,1,4,8,5,8,0.2061506,0.41333544
-16.623837,0.52924456,1.1748147,1,1,0,16.688354,0.51635427,-1.2860288,-1.6719418,-1.4491933,-1.5264371,-0.94365381,-1.7455095,-1.6454078,-1.3512526,-1.2860288,-0.94365381,5,3,4,5,8,4,2,5,5,3,7,4,2,4,8,5,6,5,6,8,0.40439469,0.41508017
-16.87647,0.98974183,0.63023363,2,3,0,16.993611,0.48955828,-1.3446665,-1.7133019,-1.453402,-1.5248352,-0.98074446,-1.7723219,-1.6214866,-1.3668389,-1.3446665,-0.98074446,5,2,3,3,7,2,4,5,7,7,8,4,6,5,6,2,3,7,7,8,0.4050289,0.3522616
-15.809177,1,1.0092324,2,3,0,16.608674,0.62194631,-1.0598222,-1.5114076,-1.4411307,-1.5473426,-0.79945034,-1.6452134,-1.7533877,-1.2969087,-1.0598222,-0.79945034,7,2,1,3,7,2,4,6,8,6,8,3,5,6,8,2,7,8,7,6,0.3441389,0.47859321
-16.779875,0.39988507,1.644976,1,1,0,17.72849,0.49957702,-1.3226824,-1.6978077,-1.451722,-1.5252571,-0.96685273,-1.7622331,-1.6302652,-1.3609295,-1.3226824,-0.96685273,8,1,2,7,8,6,6,5,6,7,6,2,3,5,7,3,5,7,6,3,0.40546439,0.42315484
-16.972561,0.97524499,0.65955877,1,1,0,17.146545,0.47984502,-1.3660493,-1.728358,-1.4551536,-1.5246286,-0.99424004,-1.7821759,-1.6131647,-1.3726604,-1.3660493,-0.99424004,4,2,2,1,8,6,5,6,3,7,5,3,2,4,8,3,4,1,8,8,0.40383889,0.44856681
-16.335984,1,1.0114266,1,1,0,17.082462,0.54958174,-1.2140217,-1.621008,-1.445217,-1.5305147,-0.89794265,-1.7130226,-1.6770291,-1.3329111,-1.2140217,-0.89794265,7,1,3,4,8,5,3,4,6,6,3,2,3,3,8,5,3,5,6,5,0.39558304,0.38769587
-15.299991,1,1.6326189,1,1,0,15.724542,0.73462179,-0.82654644,-1.3442498,-1.4465257,-1.5951339,-0.64889851,-1.5478282,-1.8928541,-1.252512,-0.82654644,-0.64889851,5,3,3,6,5,5,4,3,7,8,8,4,6,6,7,4,2,6,7,8,0.15676073,0.47193762
-15.344643,0.31165346,2.6191996,2,3,0,15.405546,0.84507525,-0.60544502,-1.1843375,-1.4647736,-1.6677659,-0.50450155,-1.4624357,-2.0544927,-1.2246541,-0.60544502,-0.50450155,6,1,2,2,6,1,5,5,7,6,8,1,5,1,7,4,3,8,6,8,-0.24138588,0.10191504
-15.257191,0.99949504,0.87689247,2,7,0,15.324723,0.75535968,-0.78447819,-1.3139338,-1.4490013,-1.6068065,-0.62155144,-1.5310196,-1.9212915,-1.2460242,-0.78447819,-0.62155144,6,2,3,3,3,3,4,6,8,6,7,1,3,4,6,6,6,5,8,7,0.10323198,0.59670053
-16.11047,0.5431284,1.402141,1,1,0,16.220675,0.57825871,-1.1524909,-1.5773598,-1.4428614,-1.5358841,-0.85873939,-1.6856661,-1.7060603,-1.3179839,-1.1524909,-0.85873939,7,7,3,5,8,3,2,5,6,6,8,1,2,3,8,4,5,7,7,8,0.38066235,0.25663582
-15.323921,0.92825624,0.80196945,1,3,0,16.805216,0.83991858,-0.61560797,-1.1917191,-1.4636488,-1.6637966,-0.51117476,-1.4661925,-2.0463816,-1.2255711,-0.61560797,-0.51117476,7,3,3,4,4,4,5,7,7,8,8,1,3,4,8,4,3,7,7,8,-0.21476355,0.54864344
-15.764548,0.92887616,1.0884387,1,3,0,15.765556,0.90006586,-0.49800694,-1.1061212,-1.4783837,-1.7136929,-0.43374481,-1.4238214,-2.1445286,-1.2174342,-0.49800694,-0.43374481,8,3,2,2,8,2,2,7,8,6,8,4,4,2,8,4,6,7,7,8,-0.61677177,0.38938669
-16.172794,0.92167629,1.4737369,2,3,0,16.176473,0.57005392,-1.170038,-1.589819,-1.4434351,-1.5341733,-0.8699326,-1.6934284,-1.6975896,-1.3221678,-1.170038,-0.8699326,7,4,4,3,8,1,5,7,6,8,3,3,6,2,5,6,5,7,7,8,0.38563967,0.58005029
-16.694892,0.5848829,1.9568812,1,1,0,16.715005,0.94773514,-0.40623349,-1.039047,-1.4925307,-1.7589252,-0.37300108,-1.3925425,-2.2279328,-1.2152227,-0.40623349,-0.37300108,8,2,3,7,8,5,4,7,7,7,8,2,5,4,8,5,8,8,8,8,-1.2133517,0.9228137
-19.108552,0.93137148,1.2397013,1,3,0,19.138063,0.98638209,-0.33273198,-0.98515448,-1.5055694,-1.7993907,-0.3241509,-1.3687325,-2.2993219,-1.2164551,-0.33273198,-0.3241509,8,3,6,3,8,4,3,5,6,4,8,1,6,2,8,4,6,7,8,8,-2.5183216,0.6266267
-20.84436,0.92390674,1.6770967,1,1,0,21.18756,0.99443857,-0.3175095,-0.973974,-1.5084624,-1.808263,-0.31401161,-1.3639482,-2.3146394,-1.2170763,-0.3175095,-0.31401161,8,1,4,5,8,5,6,7,7,8,6,3,4,6,7,3,7,8,8,8,-3.4057178,0.89889507
-17.509162,1,2.2246127,1,1,0,20.861509,0.96764064,-0.36827623,-1.0112352,-1.4990724,-1.779337,-0.34779633,-1.3801026,-2.2642737,-1.2155032,-0.36827623,-0.34779633,8,6,1,4,8,1,5,7,8,8,8,1,5,5,8,5,3,7,8,8,-1.6719871,0.79452583
-17.509162,0.00023162689,3.4640229,3,7,0,18.307887,0.96764064,-0.36827623,-1.0112352,-1.4990724,-1.779337,-0.34779633,-1.3801026,-2.2642737,-1.2155032,-0.36827623,-0.34779633,6,3,6,4,8,4,5,8,7,8,8,1,5,2,8,2,5,6,8,8,-1.6719871,0.65829114
-17.38085,1,0.63308543,2,3,0,17.564587,0.9651931,-0.37293194,-1.0146487,-1.4982481,-1.7767781,-0.35089041,-1.3816121,-2.2597564,-1.2154287,-0.37293194,-0.35089041,8,1,2,4,7,3,3,5,5,7,8,3,4,4,8,4,7,5,8,8,-1.6016072,0.43556115
-15.343639,0.93791548,0.98769335,2,7,0,16.803403,0.71915166,-0.85810043,-1.3669547,-1.4449724,-1.5870115,-0.66937128,-1.560596,-1.8722061,-1.2577074,-0.85810043,-0.66937128,7,3,1,5,8,2,3,7,6,8,8,2,3,4,8,1,8,6,6,5,0.19213599,0.73497791
-15.844616,0.58761338,1.3446614,2,3,0,16.346884,0.90635184,-0.48583366,-1.0972379,-1.4801255,-1.7193664,-0.4257035,-1.4195784,-2.1552384,-1.2169191,-0.48583366,-0.4257035,6,4,1,5,8,5,4,6,4,7,7,3,2,6,8,2,3,8,8,8,-0.67477869,0.41765134
-15.479658,0.93187832,0.87334378,1,3,0,16.736241,0.68321535,-0.93197385,-1.4199958,-1.4423481,-1.5700651,-0.71716933,-1.5910016,-1.8260934,-1.270911,-0.93197385,-0.71716933,8,1,4,4,8,1,5,6,8,8,5,5,4,7,7,5,6,8,7,3,0.26128123,0.84776824
-15.304597,0.62184992,1.1707574,2,3,0,16.588377,0.83445783,-0.62638688,-1.1995448,-1.4624862,-1.6596557,-0.51824865,-1.4701957,-2.0378535,-1.2265855,-0.62638688,-0.51824865,6,2,3,5,8,6,3,3,8,7,5,3,7,3,7,2,6,8,8,8,-0.18774292,0.51990688
-16.194528,0.93656437,0.82078565,2,3,0,16.215994,0.56724625,-1.1760532,-1.5940878,-1.4436498,-1.53362,-0.87376718,-1.6960965,-1.6947212,-1.3236156,-1.1760532,-0.87376718,4,2,4,4,5,6,3,7,4,7,7,1,5,4,7,1,3,6,7,8,0.38721128,0.37631115
-15.323577,1,1.1077767,2,3,0,15.822396,0.72584725,-0.84442549,-1.3571184,-1.4456137,-1.5904657,-0.66050289,-1.5550461,-1.8810836,-1.255422,-0.84442549,-0.66050289,3,4,6,3,8,1,3,5,6,6,4,4,2,6,7,4,5,8,8,6,0.17727394,0.17070498
-15.323577,0.23852563,1.6982509,1,3,0,15.998811,0.72584725,-0.84442549,-1.3571184,-1.4456137,-1.5904657,-0.66050289,-1.5550461,-1.8810836,-1.255422,-0.84442549,-0.66050289,7,1,6,6,7,2,4,7,6,6,7,1,3,4,8,1,2,6,7,8,0.17727394,0.77433366
-15.415526,0.99248941,0.54483664,2,3,0,15.451936,0.69866801,-0.90010888,-1.3971365,-1.4433066,-1.5770234,-0.69657463,-1.5777999,-1.8456057,-1.2650421,-0.90010888,-0.69657463,8,3,2,8,8,4,6,7,7,8,5,2,1,7,8,3,6,7,8,8,0.2336372,0.92613516
-15.742912,0.92092476,0.82182946,1,1,0,15.747183,0.63274369,-1.0371146,-1.4952073,-1.4410408,-1.5507833,-0.78487703,-1.6354449,-1.7656626,-1.2920192,-1.0371146,-0.78487703,4,3,2,2,7,6,3,4,6,7,8,2,1,3,6,2,6,7,5,6,0.33237433,0.082508688
-15.379001,1,1.0676802,1,1,0,15.629969,0.70852558,-0.87986002,-1.3825948,-1.4440524,-1.5817212,-0.6834696,-1.5694784,-1.858302,-1.2614483,-0.87986002,-0.6834696,5,1,2,3,8,3,6,3,6,8,7,2,4,2,7,4,4,7,7,8,0.21438733,0.59479346
-16.915531,0.16714786,1.6225733,2,3,0,17.51928,0.48558042,-1.3534151,-1.7194637,-1.4541047,-1.5247265,-0.98626803,-1.7763487,-1.618056,-1.369212,-1.3534151,-0.98626803,8,4,1,4,8,4,5,6,6,8,5,2,4,6,7,2,5,7,8,8,0.40463306,0.51858439
-16.894228,1,0.46144078,1,1,0,17.029146,0.48774477,-1.3486536,-1.7161103,-1.4537199,-1.5247815,-0.9832621,-1.7741562,-1.6199188,-1.3679189,-1.3486536,-0.9832621,6,6,1,5,8,3,5,3,6,8,6,1,5,3,7,1,3,6,6,7,0.40486417,0.64021197
-16.769687,1,0.70116522,1,1,0,17.102335,0.5006494,-1.3203335,-1.6961514,-1.4515498,-1.5253148,-0.96536749,-1.7611578,-1.6312165,-1.3603027,-1.3203335,-0.96536749,4,3,5,2,8,3,6,7,5,6,8,3,4,5,6,3,3,4,8,7,0.40546342,0.70602669
-16.946153,0.94206842,1.0610053,1,1,0,17.532055,0.48249033,-1.3602192,-1.7242542,-1.4546646,-1.5246651,-0.99056197,-1.7794851,-1.6154126,-1.371066,-1.3602192,-0.99056197,8,3,4,5,7,3,6,3,6,5,7,3,2,7,8,6,2,5,4,8,0.404238,0.35420424
-15.308593,0.59913615,1.4258706,2,3,0,17.397729,0.83564996,-0.6240323,-1.1978356,-1.4627375,-1.6605542,-0.51670373,-1.4693196,-2.0397099,-1.2263603,-0.6240323,-0.51670373,5,2,1,4,6,6,2,3,4,6,8,2,7,3,7,1,5,5,7,7,-0.19354271,0.26809334
-17.337731,0.60055276,0.97275181,2,3,0,18.172206,0.44495301,-1.4434287,-1.7827249,-1.4624614,-1.5255405,-1.0429433,-1.8181626,-1.584809,-1.3943106,-1.4434287,-1.0429433,3,2,2,3,6,6,4,4,7,8,8,1,2,5,7,2,6,7,5,6,0.39327037,0.10613958
-16.317979,1,0.66784968,1,1,0,17.194839,0.55177525,-1.2092952,-1.6176593,-1.445002,-1.530865,-0.89493592,-1.7109078,-1.6791928,-1.3317394,-1.2092952,-0.89493592,8,3,3,4,7,3,1,7,8,6,7,2,5,6,7,3,6,7,7,4,0.3946845,0.74027235
-15.749177,0.63292352,1.0026488,2,3,0,18.224934,0.63169888,-1.0393086,-1.4967732,-1.4410438,-1.5504398,-0.78628585,-1.6363861,-1.7644648,-1.2924867,-1.0393086,-0.78628585,6,2,3,7,7,1,3,4,6,8,7,3,3,7,7,2,5,7,7,8,0.3335626,0.70735732
-15.749177,0.37306639,0.7353935,2,5,0,20.954741,0.63169888,-1.0393086,-1.4967732,-1.4410438,-1.5504398,-0.78628585,-1.6363861,-1.7644648,-1.2924867,-1.0393086,-0.78628585,6,4,1,2,7,4,2,6,7,6,6,2,2,2,6,3,5,7,8,7,0.3335626,0.23253387
-16.86551,0.94950624,0.32739405,3,11,0,18.034555,0.95291412,-0.39633734,-1.0317999,-1.494197,-1.7641486,-0.36643432,-1.3892701,-2.237301,-1.215225,-0.39633734,-0.36643432,8,4,2,4,6,5,4,5,4,7,7,2,4,6,8,1,6,8,8,8,-1.3122532,0.09896521
-15.394725,0.99328323,0.44489965,3,7,0,17.856297,0.85554716,-0.5848535,-1.1693724,-1.4671384,-1.6760034,-0.49097014,-1.4548777,-2.0711379,-1.2229151,-0.5848535,-0.49097014,8,4,5,4,8,6,7,6,5,8,7,1,5,4,6,2,6,7,8,8,-0.29905677,0.73349784
-15.413629,0.99943226,0.65555451,3,7,0,15.425692,0.69915764,-0.89910168,-1.3964135,-1.4433412,-1.577252,-0.6959231,-1.5773847,-1.8462318,-1.2648608,-0.89910168,-0.6959231,4,4,3,7,8,4,4,7,7,7,7,3,4,5,5,2,5,6,7,8,0.23271156,0.72136802
-15.531162,0.95954528,0.9738688,1,1,0,15.577637,0.67201553,-0.95516358,-1.4366126,-1.4418154,-1.5653312,-0.73213536,-1.6006893,-1.8122481,-1.2753414,-0.95516358,-0.73213536,3,1,1,2,7,6,4,4,7,7,6,2,3,4,7,3,3,4,6,8,0.27949663,0.3848211
-15.315734,1,1.3364879,1,1,0,15.467022,0.72863967,-0.83873049,-1.3530204,-1.4458951,-1.5919339,-0.65680773,-1.5527423,-1.8848126,-1.2544854,-0.83873049,-0.65680773,4,4,2,5,8,3,4,4,2,6,8,4,2,2,7,2,2,7,7,8,0.17087581,0.31559509
-15.315734,0.21490283,1.9741446,1,1,0,15.629157,0.72863967,-0.83873049,-1.3530204,-1.4458951,-1.5919339,-0.65680773,-1.5527423,-1.8848126,-1.2544854,-0.83873049,-0.65680773,6,4,3,2,5,3,2,5,5,3,6,1,3,5,7,1,4,6,8,8,0.17087581,0.16267538
-15.392385,0.98800509,0.66379113,1,1,0,15.392619,0.70480202,-0.8875016,-1.3880841,-1.4437584,-1.5799229,-0.68841685,-1.5726125,-1.8534833,-1.2627919,-0.8875016,-0.68841685,4,5,3,5,5,3,4,5,7,8,7,4,7,2,7,3,4,7,4,6,0.2218121,0.3281543
-18.431915,0.35895494,0.95828047,3,7,0,19.876114,0.98050598,-0.34385632,-0.99332085,-1.5034973,-1.7930153,-0.33155571,-1.3722614,-2.2882454,-1.2160831,-0.34385632,-0.33155571,8,2,4,2,6,6,4,6,8,2,7,5,4,6,7,1,5,4,6,7,-2.1655745,0.6146149
-18.409131,1,0.42676421,2,3,0,18.479868,0.98026612,-0.34431081,-0.99365441,-1.5034134,-1.7927568,-0.33185815,-1.3724061,-2.287795,-1.2160694,-0.34431081,-0.33185815,8,2,1,8,8,3,3,7,8,6,8,1,2,6,6,4,7,8,7,7,-2.1535898,0.6300783
-17.918357,1,0.62910396,1,1,0,18.401427,0.97423837,-0.35574198,-1.0020422,-1.5013224,-1.7863037,-0.33946279,-1.3760617,-2.2765193,-1.2157607,-0.35574198,-0.33946279,8,1,4,7,8,3,7,5,7,6,8,1,1,8,8,4,3,7,6,8,-1.893209,0.58875762
-18.156624,0.99163681,0.9242736,1,1,0,18.318066,0.97738342,-0.34977521,-0.99766448,-1.5024092,-1.7896602,-0.33549391,-1.3741501,-2.282392,-1.215913,-0.34977521,-0.33549391,2,4,2,5,7,6,6,6,5,8,8,2,4,3,6,2,3,7,8,7,-2.020189,0.34376643
-16.426296,1,1.3327946,1,1,0,17.938085,0.93802188,-0.42483293,-1.0526601,-1.4894735,-1.7492933,-0.38533433,-1.3987469,-2.2105263,-1.21535,-0.42483293,-0.38533433,5,1,4,4,7,4,6,7,6,7,8,2,2,6,8,3,6,4,8,7,-1.0531964,0.21504287
-17.581716,0.71124214,1.9455275,1,1,0,18.13695,0.96893749,-0.36581067,-1.0094273,-1.4995115,-1.7806984,-0.34615748,-1.3793051,-2.2666728,-1.2155472,-0.36581067,-0.34615748,8,1,2,2,8,3,3,6,7,7,8,3,6,6,8,3,2,7,8,8,-1.7115494,0.69055748
-15.290805,1,1.6710329,1,1,0,16.514879,0.8300298,-0.63513997,-1.2058972,-1.4615651,-1.6563451,-0.52399018,-1.4734607,-2.0309844,-1.2274403,-0.63513997,-0.52399018,8,1,4,6,8,2,5,8,8,8,8,4,4,6,8,5,8,6,8,5,-0.16666638,0.81315234
-15.361902,0.94476756,1.2146135,1,1,0,15.362171,0.71350484,-0.86965498,-1.3752615,-1.4444685,-1.5841709,-0.67685962,-1.5653048,-1.8647891,-1.2596781,-0.86965498,-0.67685962,7,2,6,3,8,1,4,8,6,8,8,1,5,4,8,7,7,2,7,8,0.20415978,0.70220397
-15.361902,0,15.803395,0,1,1,15.57625,0.71350484,-0.86965498,-1.3752615,-1.4444685,-1.5841709,-0.67685962,-1.5653048,-1.8647891,-1.2596781,-0.86965498,-0.67685962,5,3,2,5,8,4,7,6,5,8,7,4,4,3,7,4,5,7,8,6,0.20415978,0.59296048
-15.361902,0.00016733628,2.5924759,1,1,0,15.689717,0.71350484,-0.86965498,-1.3752615,-1.4444685,-1.5841709,-0.67685962,-1.5653048,-1.8647891,-1.2596781,-0.86965498,-0.67685962,5,3,4,3,7,2,4,6,7,7,8,2,4,5,7,3,3,7,7,8,0.20415978,0.18822682
-15.362331,0.99998226,0.25150521,1,1,0,15.36731,0.71337639,-0.86991805,-1.3754506,-1.4444575,-1.5841071,-0.67703006,-1.5654123,-1.8646211,-1.2597234,-0.86991805,-0.67703006,6,6,3,4,5,7,7,5,8,8,3,3,4,3,7,3,6,6,7,8,0.20442799,0.46357546
-15.543506,0.98096071,0.33657309,2,3,0,15.698672,0.66945602,-0.96047439,-1.4404159,-1.4417129,-1.5642859,-0.73556023,-1.6029173,-1.809119,-1.2763745,-0.96047439,-0.73556023,7,1,5,4,8,5,5,6,8,7,6,1,4,6,8,3,4,8,7,6,0.28345411,0.57797553
-15.579313,0.99408944,0.49390976,1,1,0,15.617914,0.66226307,-0.97542172,-1.4511158,-1.4414634,-1.5614207,-0.74519439,-1.6092064,-1.8003948,-1.2793185,-0.97542172,-0.74519439,6,5,1,3,8,5,6,8,4,8,6,5,1,1,4,5,4,8,8,7,0.29417905,0.38173228
-15.285346,1,0.82075734,1,1,0,15.463803,0.7407748,-0.81403723,-1.3352407,-1.4472134,-1.5985033,-0.64077297,-1.5428043,-1.9012008,-1.2505295,-0.81403723,-0.64077297,7,3,5,3,7,8,5,4,7,8,8,1,7,5,8,1,2,8,4,8,0.14164276,0.41383667
-15.500062,0.74034095,1.4627354,1,1,0,15.736585,0.67867026,-0.94137503,-1.4267342,-1.4421154,-1.5681127,-0.72323882,-1.594921,-1.8204447,-1.2726912,-0.94137503,-0.72323882,6,3,1,4,7,5,1,6,7,8,8,3,8,5,8,5,5,5,7,7,0.26885212,0.42814331
-15.427781,1,1.1881342,1,3,0,15.462717,0.86139751,-0.57337686,-1.1610263,-1.4685063,-1.680709,-0.48342231,-1.4506968,-2.0805388,-1.2220165,-0.57337686,-0.48342231,7,5,1,5,6,3,4,6,5,4,4,1,5,3,7,6,4,8,8,6,-0.33358494,0.074046834
-15.427781,0.00016693005,2.2094007,1,1,0,15.430453,0.86139751,-0.57337686,-1.1610263,-1.4685063,-1.680709,-0.48342231,-1.4506968,-2.0805388,-1.2220165,-0.57337686,-0.48342231,8,1,1,3,8,5,2,7,8,8,6,1,3,4,8,2,5,6,6,7,-0.33358494,0.83073938
-15.975138,0.98976443,0.17570684,2,7,0,16.574558,0.91528793,-0.4685658,-1.0846298,-1.4826666,-1.727583,-0.41428845,-1.413608,-2.170613,-1.2163012,-0.4685658,-0.41428845,6,5,3,4,3,8,4,7,7,8,8,1,3,7,3,2,2,7,3,7,-0.76525435,0.21495291
-15.544502,0.99459907,0.32151023,1,3,0,16.304741,0.87801077,-0.54089239,-1.1373822,-1.4725727,-1.694478,-0.46203445,-1.438988,-2.1076347,-1.2197549,-0.54089239,-0.46203445,2,2,2,3,4,6,3,6,3,6,8,1,2,7,8,5,3,8,8,7,-0.44215947,0.40427282
-15.304186,0.96090523,0.59991517,1,3,0,15.99736,0.73297209,-0.82990426,-1.3466674,-1.446348,-1.594244,-0.65107872,-1.5491805,-1.8906293,-1.2530517,-0.82990426,-0.65107872,5,5,1,3,6,4,2,3,7,5,8,1,3,6,8,6,4,6,8,8,0.16070972,0.27836574
-15.808046,0.74829821,1.0068334,2,3,0,15.87426,0.90356745,-0.49122314,-1.1011713,-1.4793493,-1.7168425,-0.42926424,-1.4214535,-2.1504838,-1.2171391,-0.49122314,-0.42926424,4,3,4,2,7,4,7,4,8,8,8,3,3,5,6,3,5,7,8,7,-0.6485565,0.57287419
-15.347498,1,0.86872723,2,3,0,15.676453,0.84574022,-0.60413557,-1.1833862,-1.4649206,-1.6682819,-0.50364148,-1.461953,-2.0555427,-1.2245387,-0.60413557,-0.50364148,8,4,2,4,5,2,2,6,5,7,8,5,6,5,8,4,2,8,7,8,-0.2449008,0.6271634
-15.347498,0.37075232,1.6414561,1,3,0,17.192484,0.84574022,-0.60413557,-1.1833862,-1.4649206,-1.6682819,-0.50364148,-1.461953,-2.0555427,-1.2245387,-0.60413557,-0.50364148,8,5,2,7,6,4,6,6,4,8,7,3,3,3,7,4,6,7,8,7,-0.2449008,0.43582905
-15.231338,0.99109701,0.44427401,1,3,0,15.501268,0.78878934,-0.71721116,-1.2653509,-1.4539273,-1.6275241,-0.57769937,-1.5046718,-1.9689775,-1.2367544,-0.71721116,-0.57769937,5,5,2,7,8,1,7,1,6,8,8,1,4,4,8,4,2,8,7,8,-0.00039576573,0.4429591
-15.246281,0.98281575,0.81612225,2,3,0,15.287223,0.76303262,-0.76897935,-1.3027517,-1.4500305,-1.6113537,-0.61146112,-1.5248901,-1.9320346,-1.243765,-0.76897935,-0.61146112,7,1,3,4,8,3,4,8,6,7,6,2,4,6,7,3,4,8,8,8,0.081472184,0.77129674
-15.246281,0.61519794,1.4503036,1,1,0,15.367396,0.76303262,-0.76897935,-1.3027517,-1.4500305,-1.6113537,-0.61146112,-1.5248901,-1.9320346,-1.243765,-0.76897935,-0.61146112,8,4,3,2,4,6,4,6,4,8,7,1,3,5,8,2,6,8,8,5,0.081472184,0.049003876
-15.871259,0.7491144,0.84644365,1,1,0,15.873741,0.61228834,-1.0801987,-1.5259317,-1.4413235,-1.5444693,-0.81251251,-1.6540283,-1.7426024,-1.3013907,-1.0801987,-0.81251251,6,4,2,5,7,7,7,4,5,7,4,3,3,6,6,3,6,2,7,8,0.35371415,0.05736534
-15.256143,1,0.74339709,1,3,0,15.654977,0.75602012,-0.78314276,-1.3129706,-1.4490875,-1.607193,-0.62068235,-1.5304901,-1.9222115,-1.2458267,-0.78314276,-0.62068235,7,2,5,6,8,4,3,8,8,8,7,2,4,1,7,3,5,7,6,7,0.10140268,0.95771825
-15.256143,0.47355705,1.3745522,1,1,0,15.452893,0.75602012,-0.78314276,-1.3129706,-1.4490875,-1.607193,-0.62068235,-1.5304901,-1.9222115,-1.2458267,-0.78314276,-0.62068235,8,4,2,4,8,4,7,8,6,8,8,2,5,4,8,1,6,8,8,7,0.10140268,0.82382925
-15.254559,0.96161553,0.53771578,2,3,0,15.595794,0.75704401,-0.7810729,-1.3114776,-1.449222,-1.6077941,-0.61933517,-1.5296699,-1.9236395,-1.2455217,-0.7810729,-0.61933517,6,3,2,4,5,3,3,5,8,5,8,3,6,3,8,4,7,5,6,8,0.098550612,0.31240047
-15.254559,0.33221322,0.88324579,1,3,0,16.981464,0.75704401,-0.7810729,-1.3114776,-1.449222,-1.6077941,-0.61933517,-1.5296699,-1.9236395,-1.2455217,-0.7810729,-0.61933517,7,4,1,4,5,3,3,6,5,7,8,3,6,6,8,2,4,8,3,7,0.098550612,0.18200633
-15.28672,0.99823161,0.23461205,1,3,0,15.321036,0.74016772,-0.8152704,-1.336129,-1.4471438,-1.5981674,-0.64157423,-1.5432986,-1.9003738,-1.250723,-0.8152704,-0.64157423,7,3,2,4,6,2,2,5,4,7,6,2,5,6,8,4,1,8,8,6,0.14316205,0.53016686
-15.788462,0.91905419,0.42752585,2,3,0,16.267007,0.62526367,-1.0528374,-1.5064261,-1.441089,-1.548374,-0.79496953,-1.6422024,-1.7571346,-1.2953927,-1.0528374,-0.79496953,5,2,4,4,8,6,6,6,8,8,7,1,2,6,7,3,3,6,5,5,0.34064501,0.38217961
-15.417016,1,0.61633939,2,7,0,15.735207,0.8595657,-0.57696822,-1.1636384,-1.4680744,-1.6792276,-0.4857847,-1.4520027,-2.0775874,-1.2222922,-0.57696822,-0.4857847,6,5,2,5,7,4,3,7,8,8,8,3,4,5,8,7,3,8,8,6,-0.32258409,0.31981993
-15.464014,0.94770294,1.1086075,1,3,0,15.479414,0.68680906,-0.92454978,-1.4146726,-1.442548,-1.5716391,-0.71237416,-1.5879143,-1.8305888,-1.2695207,-0.92454978,-0.71237416,6,4,1,2,5,5,7,5,5,7,7,5,1,6,7,5,3,7,7,8,0.25511827,0.44978618
-15.47921,0.34654792,1.7069063,2,3,0,15.51046,0.86935553,-0.5577968,-1.14969,-1.4704207,-1.6872294,-0.47316874,-1.4450578,-2.0934441,-1.2208791,-0.5577968,-0.47316874,8,2,2,5,8,4,2,7,8,8,7,1,5,8,8,5,4,6,7,7,-0.38351926,0.86642525
-15.445527,0.97986378,0.49603512,3,7,0,15.916096,0.69119211,-0.91550612,-1.4081859,-1.4428107,-1.5735952,-0.70653037,-1.5841629,-1.8361064,-1.2678458,-0.91550612,-0.70653037,7,4,4,6,7,3,3,8,6,7,5,3,4,5,6,1,5,6,5,7,0.24738607,0.75974332
-15.278493,0.77393966,0.8336979,2,3,0,16.095648,0.82555481,-0.64399743,-1.2123231,-1.4606541,-1.6530421,-0.52979757,-1.4767775,-2.0240844,-1.2283334,-0.64399743,-0.52979757,7,4,1,3,8,5,3,7,8,7,8,5,5,7,8,6,5,6,7,8,-0.14608483,0.35417415
-18.87409,0.4823685,0.79411507,2,3,0,18.927479,0.98459325,-0.33611658,-0.98763948,-1.5049352,-1.7974413,-0.32640426,-1.3698033,-2.2959414,-1.2163346,-0.33611658,-0.32640426,7,5,5,3,6,6,2,4,7,8,8,2,2,7,8,4,7,5,7,8,-2.3967168,0.42792014
-15.342654,0.99382288,0.34513954,3,15,0,19.163615,0.84460594,-0.60636931,-1.185009,-1.4646702,-1.6674022,-0.5051086,-1.4627767,-2.0537522,-1.2247359,-0.60636931,-0.5051086,8,2,5,6,6,4,4,7,8,7,6,4,5,4,8,3,5,7,8,8,-0.2389167,0.67189156
-15.375886,0.945841,0.59627742,2,3,0,15.898007,0.85187518,-0.59206677,-1.1746161,-1.466297,-1.6730879,-0.49571185,-1.4575171,-2.0652747,-1.2235059,-0.59206677,-0.49571185,8,1,6,7,8,5,3,6,8,7,8,4,3,7,8,4,3,5,8,8,-0.2782558,0.77695388
-15.233219,0.94825119,0.89915241,2,3,0,15.53347,0.79505615,-0.70467537,-1.2562824,-1.4549777,-1.6316705,-0.56951031,-1.4998364,-1.9781723,-1.235185,-0.70467537,-0.56951031,6,5,2,1,7,5,3,7,5,6,8,3,4,2,8,4,3,4,8,7,-0.022602308,0.49211852
-15.233219,0.47295668,1.3555317,1,1,0,15.596822,0.79505615,-0.70467537,-1.2562824,-1.4549777,-1.6316705,-0.56951031,-1.4998364,-1.9781723,-1.235185,-0.70467537,-0.56951031,8,2,4,4,6,4,4,8,8,7,8,2,4,4,8,5,6,5,7,6,-0.022602308,0.64077159
-15.233901,0.99987221,0.5875923,1,1,0,15.234109,0.79635378,-0.70208257,-1.2544062,-1.4552002,-1.6325395,-0.56781589,-1.4988393,-1.9800864,-1.2348668,-0.70208257,-0.56781589,7,3,4,7,8,1,3,4,6,7,6,2,3,3,8,2,3,8,6,8,-0.027323266,0.48835894
-15.258057,0.98715362,1.0092239,1,1,0,15.259958,0.81636985,-0.66221389,-1.2255316,-1.4588465,-1.646397,-0.54173293,-1.4836388,-2.0100535,-1.2302575,-0.66221389,-0.54173293,8,1,3,5,7,4,3,5,5,6,7,1,3,6,8,4,5,8,8,8,-0.10595989,0.45367233
-15.258057,0.0078966143,1.6636552,1,1,0,15.56756,0.81636985,-0.66221389,-1.2255316,-1.4588465,-1.646397,-0.54173293,-1.4836388,-2.0100535,-1.2302575,-0.66221389,-0.54173293,6,1,5,6,6,3,1,6,7,7,7,2,4,6,4,3,6,8,7,8,-0.10595989,0.88192488
-15.673437,0.9914913,0.22426567,4,15,0,16.014405,0.8919458,-0.51376455,-1.1176137,-1.4761897,-1.7064938,-0.44414651,-1.4293549,-2.1308222,-1.2181965,-0.51376455,-0.44414651,8,1,3,5,8,2,3,3,8,8,8,2,7,6,7,5,6,8,7,7,-0.54771279,0.50378125
-15.563069,0.99462362,0.37512953,2,3,0,15.87874,0.88024293,-0.53653964,-1.1342117,-1.4731395,-1.696374,-0.45916593,-1.4374333,-2.1113206,-1.2194843,-0.53653964,-0.45916593,5,4,1,3,6,6,3,7,7,8,8,2,2,6,8,2,3,7,8,7,-0.45808788,0.41381348
-15.59717,0.99533847,0.62754152,1,1,0,15.640964,0.88412419,-0.52897778,-1.1287024,-1.4741364,-1.6996968,-0.45418104,-1.4347406,-2.1177554,-1.2190327,-0.52897778,-0.45418104,8,5,5,4,7,4,5,8,5,5,8,1,2,6,8,2,5,6,7,8,-0.48663452,0.49039302
-15.326149,0.95029183,1.0436336,2,3,0,15.516538,0.8405038,-0.61445381,-1.190881,-1.4637751,-1.6642442,-0.51041709,-1.465765,-2.0472993,-1.2254651,-0.61445381,-0.51041709,8,3,1,1,6,2,4,7,7,6,7,3,6,5,5,4,3,7,8,8,-0.21772954,0.22336445
-19.064004,0.13665017,1.540976,1,1,0,19.106113,0.98605985,-0.33334156,-0.98560206,-1.505455,-1.799039,-0.32455676,-1.3689252,-2.2987124,-1.2164329,-0.33334156,-0.32455676,5,2,6,2,8,5,5,8,8,8,7,4,4,5,8,1,6,7,8,7,-2.4952608,0.55426533
-19.292292,0.99911722,0.30652118,1,1,0,19.292338,0.98763083,-0.33037028,-0.98342031,-1.5060139,-1.8007559,-0.32257833,-1.3679869,-2.3016861,-1.2165429,-0.33037028,-0.32257833,8,3,2,5,8,1,7,7,8,5,8,3,2,6,7,3,2,7,8,8,-2.613235,0.69152511
-19.560167,0.99749437,0.51136369,1,1,0,19.619348,0.98924116,-0.32732594,-0.98118465,-1.5065892,-1.8025219,-0.32055095,-1.3670275,-2.3047403,-1.2166607,-0.32732594,-0.32055095,7,5,3,4,8,7,3,6,3,6,6,2,4,4,8,3,8,8,8,8,-2.751085,0.19017653
-18.386006,1,0.8435774,1,1,0,19.57146,0.9800194,-0.34477831,-0.99399752,-1.5033271,-1.792491,-0.33216924,-1.3725551,-2.2873318,-1.2160554,-0.34477831,-0.33216924,6,3,3,2,7,8,1,6,8,7,8,1,2,4,8,2,5,7,7,8,-2.1414168,0.3766545
-15.232512,0.36018768,1.3902141,2,3,0,16.511438,0.79343838,-0.70790923,-1.2586223,-1.4547028,-1.6305922,-0.57162335,-1.5010815,-1.9757909,-1.235585,-0.70790923,-0.57162335,6,3,3,2,8,5,4,7,5,7,7,1,1,6,6,5,1,6,8,8,-0.016776456,0.17987171
-18.687178,0.66281309,0.49339752,2,5,0,19.562283,0.98298957,-0.33915229,-0.98986805,-1.5043692,-1.7957001,-0.32842501,-1.3707658,-2.2929172,-1.216232,-0.33915229,-0.32842501,8,1,7,8,8,3,7,6,8,8,8,3,1,5,7,1,3,7,8,7,-2.2993259,0.9031313
-18.734939,0.99967275,0.36410711,1,1,0,18.792697,0.98341553,-0.33834583,-0.98927604,-1.5045193,-1.796162,-0.32788821,-1.3705099,-2.2937199,-1.2162588,-0.33834583,-0.32788821,8,2,2,2,5,4,2,8,8,6,6,1,1,4,8,4,7,6,7,8,-2.3242528,0.17030725
# Adaptation terminated
# Step size = 0.684042
# Diagonal elements of inverse mass matrix:
# 1.4029
-18.006638,1,0.68404175,1,1,0,18.745779,0.9754564,-0.35343053,-1.0003465,-1.5017422,-1.7876009,-0.33792544,-1.3753203,-2.278791,-1.2158174,-0.35343053,-0.33792544,6,3,2,6,8,4,8,7,7,5,8,7,3,3,7,3,5,7,8,8,-1.9403943,0.45663523
-17.145194,1,0.68404175,1,1,0,17.970096,0.96011831,-0.38259538,-1.0217318,-1.4965567,-1.7715165,-0.35731025,-1.3847599,-2.2504341,-1.2153104,-0.38259538,-0.35731025,7,4,6,2,5,3,4,5,3,2,8,1,5,5,8,3,4,8,8,8,-1.4707772,0.10903824
-15.730842,0.97707072,0.68404175,1,3,0,17.142274,0.8971954,-0.5035731,-1.1101815,-1.4776009,-1.7111314,-0.43742001,-1.4257707,-2.1396669,-1.2176913,-0.5035731,-0.43742001,8,4,1,1,5,5,4,7,7,8,5,2,5,4,8,1,4,7,8,6,-0.59164733,0.31580272
-15.938848,0.97238589,0.68404175,1,1,0,15.973012,0.91294515,-0.47308867,-1.087933,-1.481993,-1.7254116,-0.41727928,-1.4151663,-2.1665652,-1.2164501,-0.47308867,-0.41727928,7,1,4,6,7,2,4,4,7,6,6,1,6,2,8,3,4,7,6,8,-0.74053692,0.52442633
-15.690319,1,0.68404175,2,3,0,15.927379,0.89354055,-0.51066692,-1.115355,-1.4766156,-1.7078962,-0.4421024,-1.4282635,-2.1335027,-1.2180382,-0.51066692,-0.4421024,8,1,5,6,8,4,3,5,7,8,8,4,1,5,8,2,6,7,8,5,-0.56079519,0.45650445
-16.060393,0.94759143,0.68404175,2,3,0,16.477322,0.92042303,-0.45866278,-1.0773952,-1.4841612,-1.7323854,-0.40773752,-1.4102099,-2.1795279,-1.2160078,-0.45866278,-0.40773752,7,2,3,1,7,5,6,8,6,8,8,2,4,7,8,4,5,8,8,8,-0.82219303,0.60205919
-16.418646,0.9638782,0.68404175,1,1,0,16.451611,0.93771194,-0.42542725,-1.0530949,-1.4893774,-1.7489895,-0.38572823,-1.3989463,-2.2099744,-1.2153568,-0.42542725,-0.38572823,5,5,3,1,8,3,6,7,7,5,6,4,2,4,7,5,6,7,6,8,-1.0485386,0.39590008
-16.537503,0.98983316,0.68404175,1,1,0,16.661877,0.94230562,-0.41662391,-1.0466531,-1.4908108,-1.7535148,-0.37989236,-1.3959999,-2.2181767,-1.2152729,-0.41662391,-0.37989236,6,5,4,3,6,4,4,7,7,6,4,1,6,2,8,2,6,8,6,8,-1.1202616,0.42740835
-15.295603,0.97449763,0.68404175,1,3,0,16.656585,0.83163093,-0.63197365,-1.2035995,-1.4618959,-1.6575373,-0.52191355,-1.4722782,-2.0334635,-1.2271279,-0.63197365,-0.52191355,7,2,4,3,4,5,3,5,5,7,7,3,3,7,8,1,5,6,8,6,-0.17420391,0.40530276
-15.445054,0.97658268,0.68404175,1,3,0,15.445133,0.86420697,-0.56787246,-1.157022,-1.4691751,-1.6829951,-0.47980067,-1.4486997,-2.0850793,-1.2216037,-0.56787246,-0.47980067,7,1,4,2,7,2,5,7,8,8,8,1,6,6,8,3,4,8,7,8,-0.3508069,0.83945122
-16.085895,0.91889841,0.68404175,1,3,0,16.114648,0.9218678,-0.45587916,-1.0753612,-1.4845863,-1.7337471,-0.40589555,-1.4092582,-2.1820467,-1.2159334,-0.45587916,-0.40589555,7,1,5,7,8,2,5,5,8,6,5,1,2,6,8,4,8,6,8,7,-0.83894703,0.71158005
-15.617497,1,0.68404175,1,1,0,16.020011,0.88631664,-0.52470995,-1.1255923,-1.4747061,-1.7015885,-0.45136679,-1.4332254,-2.1214047,-1.2187883,-0.52470995,-0.45136679,4,5,1,3,5,6,8,8,7,7,5,4,1,7,7,1,5,4,7,6,-0.5032598,0.73659843
-15.639497,0.99657074,0.68404175,1,1,0,15.706638,0.88859748,-0.52027293,-1.1223584,-1.4753035,-1.7035676,-0.44844033,-1.4316537,-2.1252122,-1.2185423,-0.52027293,-0.44844033,6,5,1,1,6,3,2,5,5,6,7,4,8,4,8,3,7,6,6,8,-0.52095679,0.31548417
-15.355993,0.99258762,0.68404175,1,3,0,15.587525,0.84766305,-0.60035064,-1.1806363,-1.465348,-1.6697794,-0.50115517,-1.4605591,-2.0585843,-1.2242089,-0.60035064,-0.50115517,2,2,2,3,6,3,3,6,3,5,8,4,1,6,7,3,5,6,8,8,-0.25517302,0.10034183
-17.382534,0.76919431,0.68404175,2,3,0,17.795296,0.44086958,-1.4525432,-1.7891166,-1.4634222,-1.5258174,-1.0486662,-1.8224343,-1.5816484,-1.3969189,-1.4525432,-1.0486662,8,6,4,5,8,5,4,8,6,7,7,4,3,3,7,3,4,6,7,8,0.39138076,0.71477668
-15.910372,1,0.68404175,2,7,0,17.141157,0.91103407,-0.47678034,-1.0906287,-1.4814474,-1.7236494,-0.41971997,-1.4164411,-2.1632722,-1.2165785,-0.47678034,-0.41971997,5,4,6,4,7,2,6,6,7,8,7,5,2,7,8,2,6,7,8,8,-0.72091735,0.5898127
-16.081501,0.97984179,0.68404175,1,1,0,16.142941,0.92162167,-0.45635329,-1.0757077,-1.4845137,-1.7335148,-0.40620931,-1.4094202,-2.1816172,-1.2159458,-0.45635329,-0.40620931,8,1,3,3,7,4,3,5,6,7,8,3,2,3,8,4,6,5,8,8,-0.83606882,0.55342884
-15.295385,0.99435474,0.68404175,1,3,0,16.069944,0.8315596,-0.63211467,-1.2037019,-1.4618811,-1.6574841,-0.52200604,-1.4723308,-2.0333529,-1.2271417,-0.63211467,-0.52200604,4,4,2,5,7,4,4,8,6,6,8,1,2,5,7,2,5,6,8,4,-0.17386614,0.2635086
-15.302674,0.90332181,0.68404175,2,3,0,16.026765,0.83387071,-0.62754683,-1.2003867,-1.4623629,-1.6592143,-0.51900965,-1.4706277,-2.0369404,-1.2266972,-0.62754683,-0.51900965,6,1,3,2,7,2,6,8,6,4,8,1,3,3,8,6,8,7,7,8,-0.18490637,0.49945851
-16.57545,0.74532876,0.68404175,1,3,0,16.965543,0.94367851,-0.41399512,-1.044729,-1.4912431,-1.7548765,-0.37814919,-1.395123,-2.2206373,-1.2152552,-0.41399512,-0.37814919,8,1,2,6,8,7,4,7,8,7,6,1,3,6,8,3,6,8,8,8,-1.1428894,0.47700384
-16.209208,1,0.68404175,1,1,0,16.582635,0.9283388,-0.44342557,-1.0662584,-1.4865143,-1.739904,-0.39765164,-1.4050189,-2.193385,-1.2156447,-0.44342557,-0.39765164,8,6,3,6,8,3,7,7,7,8,8,1,1,7,7,1,7,8,8,8,-0.91840488,0.63792967
-16.571215,0.9669361,0.68404175,1,1,0,16.613234,0.94352738,-0.41428444,-1.0449408,-1.4911954,-1.7547264,-0.37834105,-1.3952195,-2.2203662,-1.215257,-0.41428444,-0.37834105,8,3,4,4,7,3,6,7,8,8,8,3,4,4,8,4,4,4,8,8,-1.1403699,0.82354267
-16.967723,0.97135114,0.68404175,1,1,0,17.023325,0.95571547,-0.39099046,-1.0278831,-1.4951088,-1.7669995,-0.36288496,-1.3875106,-2.2423938,-1.2152467,-0.39099046,-0.36288496,5,3,3,4,8,2,3,6,5,6,5,3,3,6,8,3,8,8,8,8,-1.3706554,0.38828472
-16.219198,1,0.68404175,1,1,0,16.902886,0.92882885,-0.44248338,-1.0655695,-1.486662,-1.7403741,-0.39702773,-1.4046994,-2.1942475,-1.2156258,-0.44248338,-0.39702773,6,4,3,2,5,4,3,6,7,7,7,1,5,5,8,1,4,8,5,8,-0.92473912,0.28957971
-15.943962,1,0.68404175,1,1,0,16.2283,0.91328145,-0.47243925,-1.0874587,-1.4820894,-1.7257225,-0.41684988,-1.4149423,-2.1671455,-1.2164282,-0.47243925,-0.41684988,8,5,3,5,7,3,4,4,5,6,8,4,6,7,8,5,4,2,8,8,-0.74403913,0.28003807
-15.245152,0.95615695,0.68404175,1,3,0,16.182264,0.76396071,-0.76710708,-1.3014004,-1.4501591,-1.6119121,-0.61024165,-1.524152,-1.9333422,-1.243497,-0.76710708,-0.61024165,8,3,5,3,8,4,7,6,5,6,8,4,1,3,4,2,5,5,6,8,0.078763543,0.67884434
-15.255764,0.99286544,0.68404175,1,3,0,15.292718,0.81512448,-0.6646876,-1.2273245,-1.4586079,-1.6455099,-0.54335283,-1.4845746,-2.0081646,-1.2305277,-0.6646876,-0.54335283,8,2,4,7,7,6,6,6,4,7,8,1,3,5,4,5,8,8,7,7,-0.10072752,0.47891726
-15.287803,0.99753881,0.68404175,2,3,0,15.288882,0.82899079,-0.63719549,-1.2073886,-1.4613518,-1.6555743,-0.52533811,-1.4742293,-2.0293786,-1.2276451,-0.63719549,-0.52533811,7,3,3,3,6,7,4,6,7,4,7,1,5,6,8,3,8,7,7,8,-0.16182461,0.40541801
-15.484605,0.96983361,0.68404175,1,3,0,15.487506,0.87012517,-0.55629193,-1.1485946,-1.4706091,-1.6878673,-0.47217793,-1.4445154,-2.0946994,-1.2207744,-0.55629193,-0.47217793,7,6,4,7,8,3,5,7,7,7,8,4,6,7,7,1,2,7,7,5,-0.38854285,0.53651192
-16.280941,0.90517116,0.68404175,1,3,0,16.331844,0.9317557,-0.43685889,-1.0614568,-1.4875484,-1.7431931,-0.39330263,-1.4027958,-2.1994097,-1.2155217,-0.43685889,-0.39330263,6,3,3,7,7,3,3,6,6,7,8,3,2,5,8,3,6,8,8,7,-0.96358658,0.46722633
-15.316058,0.99036905,0.68404175,1,3,0,16.292583,0.83778472,-0.61981792,-1.194776,-1.463191,-1.6621708,-0.51393809,-1.4677537,-2.0430417,-1.2259622,-0.61981792,-0.51393809,4,2,2,5,6,5,2,2,5,6,8,3,4,6,5,2,8,8,6,7,-0.20406558,0.51312547
-15.316058,0.76214304,0.68404175,1,3,0,16.711946,0.83778472,-0.61981792,-1.194776,-1.463191,-1.6621708,-0.51393809,-1.4677537,-2.0430417,-1.2259622,-0.61981792,-0.51393809,6,4,1,5,7,5,5,5,7,5,5,1,2,5,8,1,4,6,8,8,-0.20406558,0.59929542
-16.64235,0.74237698,0.68404175,1,3,0,17.04226,0.9459981,-0.40955591,-1.0414794,-1.4919774,-1.757187,-0.37520501,-1.3936456,-2.2248043,-1.215233,-0.40955591,-0.37520501,4,1,6,5,6,3,4,8,7,7,8,5,1,7,4,4,3,7,8,8,-1.1824912,0.49146392
-16.451298,1,0.68404175,1,1,0,16.729641,0.93902061,-0.42291815,-1.0512591,-1.4897837,-1.7502738,-0.38406517,-1.3981049,-2.2123062,-1.2153291,-0.42291815,-0.38406517,4,1,3,6,8,2,6,7,7,8,8,2,4,4,6,1,5,6,8,8,-1.0683778,0.80264546
-15.536455,0.99557185,0.68404175,2,3,0,16.564976,0.87701485,-0.54283537,-1.1387972,-1.4723214,-1.6936356,-0.4633147,-1.439683,-2.1059936,-1.2198783,-0.54283537,-0.4633147,8,1,2,4,7,5,7,8,6,5,5,1,2,4,8,4,4,7,7,8,-0.43516351,0.59508125
-15.25994,0.87146778,0.68404175,2,3,0,17.057401,0.75368452,-0.78786665,-1.3163776,-1.4487847,-1.6058302,-0.62375638,-1.5323642,-1.918962,-1.2465277,-0.78786665,-0.62375638,5,4,5,3,8,4,4,6,6,4,4,2,1,7,6,4,6,7,8,8,0.10783593,0.22508001
-16.952168,0.67970043,0.68404175,2,7,0,16.952268,0.95530247,-0.39177848,-1.0284604,-1.4949739,-1.766578,-0.36340813,-1.3877695,-2.2416418,-1.2152426,-0.39177848,-0.36340813,7,6,1,1,3,1,6,6,6,5,8,1,3,5,7,5,3,7,8,8,-1.3618048,0.3776418
-16.237522,0.93092358,0.68404175,3,7,0,19.836603,0.56176885,-1.1878035,-1.6024236,-1.4440957,-1.5325877,-0.88125422,-1.7013193,-1.6891698,-1.3264636,-1.1878035,-0.88125422,5,2,4,2,7,3,5,3,6,7,8,4,2,1,8,3,3,7,7,3,0.39008589,0.54887966
-15.744019,1,0.68404175,1,1,0,16.174277,0.63255863,-1.0375031,-1.4954846,-1.4410413,-1.5507223,-0.78512655,-1.6356115,-1.7654503,-1.2921019,-1.0375031,-0.78512655,8,2,2,6,5,1,4,8,8,7,7,2,4,2,8,3,6,8,3,8,0.33258559,0.76745247
-15.594053,1,0.68404175,2,3,0,15.783956,0.65939335,-0.98139445,-1.4553894,-1.4413798,-1.5603075,-0.74904192,-1.611727,-1.7969428,-1.2805098,-0.98139445,-0.74904192,7,3,3,4,7,5,3,7,6,6,5,3,2,6,7,6,4,3,8,6,0.29829745,0.50114134
-15.967083,0.74659171,0.68404175,1,3,0,17.277542,0.91477657,-0.46955275,-1.0853507,-1.4825191,-1.727108,-0.41494115,-1.4139477,-2.1697285,-1.2163329,-0.46955275,-0.41494115,8,3,6,3,6,3,4,6,8,8,7,1,3,6,7,2,4,6,8,7,-0.75979489,0.68840101
-16.621341,0.97789479,0.68404175,2,3,0,16.621608,0.94528304,-0.41092407,-1.042481,-1.4917505,-1.7564734,-0.37611247,-1.3941005,-2.2235185,-1.2152388,-0.41092407,-0.37611247,3,1,4,6,7,3,5,4,7,7,8,3,3,6,8,1,6,4,8,8,-1.170093,0.60250162
-16.957127,0.97612566,0.68404175,1,1,0,17.030039,0.95543464,-0.39152628,-1.0282757,-1.495017,-1.7667129,-0.36324069,-1.3876866,-2.2418824,-1.2152439,-0.39152628,-0.36324069,5,4,4,3,6,4,6,7,6,8,8,1,5,7,8,1,4,7,8,8,-1.3646279,0.58227476
-15.486956,0.97663238,0.68404175,2,7,0,16.611916,0.68157186,-0.93537177,-1.4224316,-1.4422614,-1.5693542,-0.71936341,-1.592417,-1.8240461,-1.2715519,-0.93537177,-0.71936341,3,5,1,5,5,5,7,7,5,6,7,3,4,1,7,3,8,4,7,6,0.26404743,0.38701716
-15.603109,0.96386581,0.68404175,1,1,0,15.662277,0.65765449,-0.98501609,-1.4579802,-1.4413336,-1.5596412,-0.75137433,-1.6132574,-1.794859,-1.2812362,-0.98501609,-0.75137433,6,3,2,5,3,7,4,7,8,8,7,2,3,3,7,7,3,7,8,8,0.30074911,0.34259189
-15.518759,0.85819174,0.68404175,1,3,0,16.302619,0.87475942,-0.5472376,-1.142003,-1.4717558,-1.6917358,-0.46621491,-1.4412604,-2.102285,-1.2201633,-0.5472376,-0.46621491,4,1,3,2,6,6,6,2,7,6,7,1,2,5,8,6,7,6,6,8,-0.41956567,0.08623754
-15.301587,0.96682063,0.68404175,1,3,0,15.748858,0.73398913,-0.82783396,-1.3451769,-1.4464572,-1.594792,-0.64973453,-1.5483466,-1.8920003,-1.2527186,-0.82783396,-0.64973453,8,1,1,6,8,2,5,6,7,6,7,3,1,3,7,4,7,6,8,8,0.1582803,0.87738238
-15.381907,0.943869,0.68404175,1,3,0,15.600514,0.85307933,-0.58970048,-1.1728961,-1.4665714,-1.6740407,-0.49415654,-1.4566503,-2.0671942,-1.2233099,-0.58970048,-0.49415654,8,1,3,3,8,3,7,5,7,6,8,2,2,6,8,2,7,8,8,8,-0.28500577,0.62122172
-17.072847,0.82925223,0.68404175,2,3,0,17.378926,0.4699582,-1.3878846,-1.7437182,-1.4570619,-1.5246237,-1.0080046,-1.7922793,-1.6048852,-1.3786785,-1.3878846,-1.0080046,8,4,3,6,8,6,5,7,7,6,8,1,3,4,7,4,6,4,4,7,0.40184854,0.74172462
-17.56019,0.89978065,0.68404175,1,1,0,17.973106,0.42505627,-1.487957,-1.8139267,-1.4673561,-1.5272281,-1.0708744,-1.8390955,-1.5697223,-1.4071646,-1.487957,-1.0708744,7,4,4,3,5,1,3,8,8,8,7,7,4,2,7,5,2,6,5,7,0.38274264,0.74052678
-16.765384,1,0.68404175,1,1,0,17.660302,0.50110324,-1.3193397,-1.6954506,-1.4514773,-1.52534,-0.96473904,-1.7607029,-1.6316198,-1.3600378,-1.3193397,-0.96473904,7,4,3,5,8,1,1,8,8,8,6,6,1,6,4,3,2,8,6,7,0.40546024,0.70156923
-16.0083,1,0.68404175,2,7,0,16.645662,0.91734403,-0.46459889,-1.0817322,-1.483262,-1.7294988,-0.4116647,-1.4122446,-2.1741755,-1.2161783,-0.46459889,-0.4116647,5,3,6,3,5,5,1,8,8,7,8,2,3,1,8,3,5,7,8,7,-0.78758145,0.38048807
-19.317849,0.78860903,0.68404175,1,3,0,20.738414,0.98779478,-0.33006027,-0.98319266,-1.5060724,-1.8009354,-0.3223719,-1.3678891,-2.3019968,-1.2165546,-0.33006027,-0.3223719,8,3,2,4,8,2,6,6,7,8,8,3,1,4,8,4,3,4,6,8,-2.6264124,0.52313027
-19.668114,0.99434611,0.68404175,1,1,0,19.817522,0.98982695,-0.32621884,-0.98037156,-1.5067991,-1.8031658,-0.3198136,-1.3666791,-2.3058529,-1.2167048,-0.32621884,-0.3198136,8,5,1,3,6,1,5,8,7,8,8,1,2,7,8,3,6,8,8,8,-2.8064787,0.82502635
-18.94881,1,0.68404175,2,3,0,19.701226,0.98518881,-0.33498956,-0.98681205,-1.505146,-1.7980895,-0.32565396,-1.3694465,-2.297066,-1.216374,-0.33498956,-0.32565396,7,2,2,1,8,4,5,5,8,8,6,2,5,7,8,2,5,7,8,8,-2.4355347,0.6195491
-18.911736,1,0.68404175,1,1,0,19.216502,0.98489642,-0.33554286,-0.98721827,-1.5050425,-1.7977712,-0.32602231,-1.3696216,-2.2965138,-1.2163546,-0.33554286,-0.32602231,7,4,6,6,8,1,6,7,8,8,8,1,3,5,6,1,7,6,5,8,-2.4162826,0.94086171
-15.543985,0.72688897,0.68404175,1,3,0,20.269825,0.87794728,-0.54101624,-1.1374724,-1.4725567,-1.6944242,-0.46211607,-1.4390323,-2.10753,-1.2197628,-0.54101624,-0.46211607,6,5,1,6,5,3,4,5,8,8,8,2,6,5,8,3,6,8,8,6,-0.44171145,0.37641972
-15.276873,0.96999866,0.68404175,1,3,0,15.731745,0.74468645,-0.8060968,-1.3295195,-1.4476712,-1.6006865,-0.63561241,-1.5396265,-1.9065468,-1.2492943,-0.8060968,-0.63561241,6,3,1,2,4,2,3,7,8,6,7,2,3,5,5,7,4,6,7,4,0.13170456,0.48576222
-15.354509,0.94748779,0.68404175,2,3,0,15.579925,0.84733307,-0.60100002,-1.1811081,-1.4652744,-1.6695219,-0.50158178,-1.4607981,-2.0580618,-1.2242651,-0.60100002,-0.50158178,7,1,4,3,8,2,3,5,7,8,8,1,6,5,7,3,5,8,8,8,-0.25339862,0.46749652
-15.237363,1,0.68404175,1,3,0,15.338962,0.80120428,-0.69239955,-1.2473976,-1.4560468,-1.6358194,-0.56148596,-1.4951246,-1.9872719,-1.2336981,-0.69239955,-0.56148596,8,2,5,7,8,5,5,8,8,8,7,4,2,7,6,3,1,8,6,8,-0.045357369,0.98629516
-15.470219,0.94861268,0.68404175,1,3,0,15.512152,0.86804795,-0.5603543,-1.1515513,-1.4701019,-1.6861485,-0.47485244,-1.4459805,-2.0913143,-1.2210592,-0.5603543,-0.47485244,7,2,1,2,7,6,5,3,6,8,8,1,7,8,8,3,5,6,7,8,-0.37506553,0.37153868
-15.244233,0.91770229,0.68404175,2,3,0,16.457285,0.76474276,-0.76552981,-1.3002619,-1.4502681,-1.612384,-0.60921424,-1.5235306,-1.9344454,-1.243272,-0.76552981,-0.60921424,6,2,2,1,8,4,1,4,4,7,6,2,6,7,8,5,6,6,7,7,0.076467968,0.36913281
-15.334653,0.95947371,0.68404175,2,3,0,15.472951,0.72207882,-0.85211863,-1.3626527,-1.4452469,-1.5885101,-0.66549278,-1.5581653,-1.876076,-1.2567014,-0.85211863,-0.66549278,6,4,4,6,5,1,6,5,7,7,8,6,7,4,8,4,6,7,7,8,0.18572076,0.56820685
-15.552001,0.89058983,0.68404175,1,3,0,15.96687,0.87892311,-0.53911298,-1.1360861,-1.4728038,-1.6952516,-0.46086187,-1.438352,-2.1091399,-1.2196434,-0.53911298,-0.46086187,7,3,2,5,8,3,3,8,3,7,8,1,5,7,8,5,6,7,8,7,-0.44862786,0.1222293
-15.360635,0.96660755,0.68404175,1,3,0,15.904386,0.71388458,-0.86887732,-1.3747026,-1.4445014,-1.5843599,-0.67635577,-1.5649874,-1.8652859,-1.2595443,-0.86887732,-0.67635577,5,3,3,4,8,3,7,8,8,8,3,3,2,5,7,4,7,8,6,8,0.2033655,0.84284207
-15.505227,0.95610551,0.68404175,1,1,0,15.524278,0.67754326,-0.94370817,-1.4284061,-1.4420612,-1.5676352,-0.72474464,-1.5958954,-1.8190504,-1.2731363,-0.94370817,-0.72474464,7,6,4,6,6,5,4,5,7,5,8,1,4,4,8,3,4,7,7,6,0.2706913,0.49222772
-16.646645,0.48893782,0.68404175,3,7,0,18.973792,0.94614281,-0.40927906,-1.0412767,-1.4920234,-1.7573315,-0.37502138,-1.3935536,-2.2250647,-1.2152319,-0.40927906,-0.37502138,8,2,3,2,8,1,1,4,7,5,7,1,7,4,8,4,6,8,6,8,-1.1850217,0.76564702
-17.547689,0.94290225,0.68404175,1,1,0,17.547758,0.96833676,-0.36695266,-1.0102647,-1.4993079,-1.7800673,-0.34691658,-1.3796743,-2.265561,-1.2155264,-0.36695266,-0.34691658,6,5,7,3,4,5,4,3,8,8,8,1,3,7,8,6,4,8,7,8,-1.6930149,0.16731005
-17.751127,0.95994391,0.68404175,2,7,0,17.773593,0.40868915,-1.5248096,-1.8397034,-1.471789,-1.529258,-1.0939379,-1.8565385,-1.5579051,-1.4180098,-1.5248096,-1.0939379,8,1,4,7,7,1,5,6,7,8,6,3,5,7,7,3,4,5,4,8,0.37154561,0.8575633
-16.430865,1,0.68404175,2,3,0,17.561599,0.53826301,-1.2384638,-1.6383147,-1.4464194,-1.5288666,-0.91347907,-1.7239942,-1.6660143,-1.3390346,-1.2384638,-0.91347907,8,1,2,4,8,1,6,6,6,7,7,5,1,5,8,7,4,6,8,8,0.39959166,0.75806874
-15.232028,0.95681363,0.68404175,2,3,0,16.705267,0.79204842,-0.71068897,-1.2606333,-1.4544686,-1.6296701,-0.57343938,-1.502153,-1.9737492,-1.2359315,-0.71068897,-0.57343938,6,2,4,4,8,4,5,7,4,4,7,3,2,5,4,4,7,7,8,6,-0.011823281,0.60980334
-15.677869,0.88848899,0.68404175,1,3,0,15.829611,0.8923688,-0.51294278,-1.1170145,-1.4763025,-1.7068652,-0.44360426,-1.4290651,-2.1315326,-1.2181541,-0.51294278,-0.44360426,4,3,5,3,7,2,3,2,6,8,8,4,5,8,8,2,5,5,7,8,-0.55116101,0.30903932
-15.235175,0.99536514,0.68404175,1,3,0,15.693055,0.79838698,-0.69802201,-1.2514675,-1.4555522,-1.6339083,-0.56516182,-1.4972798,-1.9830924,-1.2343729,-0.69802201,-0.56516182,6,4,3,2,7,4,7,7,7,8,3,2,6,5,6,6,7,6,6,8,-0.034807559,0.46763231
-15.234756,1,0.68404175,2,3,0,15.235875,0.79776228,-0.69926936,-1.2523703,-1.4554436,-1.6334868,-0.56597718,-1.4977585,-1.9821679,-1.234524,-0.69926936,-0.56597718,7,2,3,3,7,3,4,1,8,8,7,2,2,2,8,2,3,5,7,8,-0.032496576,0.31596923
-15.271693,0.99525535,0.68404175,2,3,0,15.275459,0.74724419,-0.8009098,-1.3257813,-1.4479791,-1.6021314,-0.63224017,-1.5375554,-1.9100591,-1.2484972,-0.8009098,-0.63224017,6,6,4,4,5,5,2,7,8,8,7,3,2,3,8,3,3,8,6,8,0.12506478,0.043803891
-15.407428,0.96044003,0.68404175,1,1,0,15.408071,0.70077425,-0.89577725,-1.3940268,-1.4434572,-1.5780102,-0.69377238,-1.5760153,-1.8483022,-1.2642643,-0.89577725,-0.69377238,8,2,1,4,6,3,4,5,6,8,8,3,1,6,8,2,7,7,6,8,0.22963301,0.47653883
-15.561323,0.95283751,0.68404175,1,1,0,15.592413,0.66583571,-0.96799344,-1.4457991,-1.4415802,-1.5628304,-0.74040752,-1.6060776,-1.8047152,-1.2778488,-0.96799344,-0.74040752,4,4,3,2,6,3,3,4,6,4,6,2,1,6,6,1,8,8,7,8,0.28892463,0.18166988
-15.231319,1,0.68404175,1,3,0,15.525372,0.78862275,-0.7175447,-1.2655921,-1.4539,-1.6274151,-0.57791719,-1.5048008,-1.9687342,-1.2367969,-0.7175447,-0.57791719,5,2,3,5,8,5,5,4,8,4,6,5,5,2,8,4,3,8,8,6,0.00018141944,0.54147708
-15.231806,0.99438211,0.68404175,2,3,0,15.264456,0.79126537,-0.71225546,-1.2617665,-1.4543376,-1.6291525,-0.57446267,-1.5027574,-1.9726007,-1.2361279,-0.71225546,-0.57446267,6,3,1,7,7,3,4,6,3,8,8,4,1,3,7,1,4,8,8,8,-0.0090539476,0.57181391
-15.252817,0.99522166,0.68404175,1,3,0,15.255234,0.81342803,-0.66805876,-1.2297676,-1.4582854,-1.6443068,-0.54556011,-1.4858515,-2.0055969,-1.2308994,-0.66805876,-0.54556011,7,4,5,6,7,6,1,8,4,8,8,3,2,5,6,1,5,8,7,5,-0.093676579,0.2702934
-15.725491,0.90308779,0.68404175,1,3,0,15.815533,0.89672604,-0.50448368,-1.1108457,-1.4774736,-1.7107142,-0.43802115,-1.4260902,-2.1388736,-1.2177346,-0.50448368,-0.43802115,5,5,2,1,3,7,1,6,6,8,7,3,3,6,8,3,8,6,7,7,-0.58761543,0.045292945
-15.749043,0.87958501,0.68404175,2,3,0,17.334571,0.89876344,-0.50053192,-1.1079632,-1.4780275,-1.7125284,-0.43541212,-1.424705,-2.1423205,-1.2175491,-0.50053192,-0.43541212,6,1,2,3,3,6,2,5,4,4,8,3,2,2,8,4,5,7,7,6,-0.60527128,0.044256629
-15.257428,0.99968138,0.68404175,2,3,0,15.735078,0.81603416,-0.66288057,-1.2260148,-1.4587821,-1.6461576,-0.54216952,-1.4838909,-2.009544,-1.2303301,-0.66288057,-0.54216952,8,2,5,7,7,3,4,7,7,7,7,1,7,6,8,1,7,7,7,8,-0.1045448,0.53948892
-15.238127,1,0.68404175,2,3,0,15.252388,0.77081667,-0.75329236,-1.2914266,-1.4511366,-1.6160932,-0.60124005,-1.5187217,-1.9430559,-1.2415525,-0.75329236,-0.60124005,3,3,2,1,5,3,5,4,7,7,6,1,3,6,7,6,4,7,7,8,0.058221725,0.19245228
-15.496789,0.92197654,0.68404175,1,3,0,15.642289,0.871824,-0.55297136,-1.1461775,-1.471027,-1.68928,-0.46999138,-1.44332,-2.0974748,-1.2205465,-0.55297136,-0.46999138,8,1,4,5,8,2,5,7,4,8,7,1,2,5,8,3,5,6,8,8,-0.39975922,0.59027336
-16.146087,0.86033598,0.68404175,1,3,0,16.922708,0.5735413,-1.1625741,-1.5845205,-1.4431815,-1.5348834,-0.86517274,-1.6901227,-1.7011739,-1.3203809,-1.1625741,-0.86517274,6,5,5,6,6,2,7,8,7,8,7,5,3,6,7,3,3,8,8,7,0.38359438,0.487144
-15.448693,1,0.68404175,1,1,0,15.934083,0.69043018,-0.91707737,-1.4093131,-1.4427635,-1.5732523,-0.70754587,-1.5848139,-1.8351445,-1.2681353,-0.91707737,-0.70754587,7,2,2,3,8,4,3,6,5,6,8,2,5,3,7,3,4,8,6,5,0.24874742,0.52260265
-15.322779,1,0.68404175,1,1,0,15.421046,0.72612637,-0.84385601,-1.3567087,-1.4456414,-1.5906117,-0.66013344,-1.5548156,-1.8814556,-1.255328,-0.84385601,-0.66013344,8,1,1,6,8,5,4,6,8,8,7,3,4,7,8,2,4,7,5,8,0.17663976,0.84433332
-15.237039,0.98814106,0.68404175,2,3,0,15.394888,0.77214462,-0.75061981,-1.2894965,-1.4513315,-1.6169145,-0.59949789,-1.5176743,-1.9449485,-1.2411831,-0.75061981,-0.59949789,6,3,2,2,6,4,1,7,5,7,8,3,4,7,8,3,3,7,8,8,0.054131911,0.10251301
-15.592696,0.46163013,0.68404175,3,7,0,18.815888,0.65965541,-0.98084879,-1.454999,-1.4413871,-1.5604084,-0.74869047,-1.6114965,-1.7972574,-1.2804006,-0.98084879,-0.74869047,8,1,3,4,7,4,6,6,6,7,7,2,2,3,7,3,5,8,8,8,0.2979251,0.62477674
-15.32386,1,0.68404175,2,3,0,15.529704,0.83990243,-0.61563982,-1.1917422,-1.4636453,-1.6637842,-0.51119566,-1.4662043,-2.0463563,-1.2255741,-0.61563982,-0.51119566,7,2,3,5,8,3,4,8,8,8,7,3,4,6,8,4,4,7,7,7,-0.2146819,0.75664205
-15.381215,0.98828428,0.68404175,1,1,0,15.390014,0.85294246,-0.58996941,-1.1730916,-1.4665402,-1.6739323,-0.49433331,-1.4567487,-2.0669759,-1.2233321,-0.58996941,-0.49433331,8,4,4,1,8,3,4,7,7,8,8,5,5,5,7,3,4,6,8,8,-0.28423505,0.57014855
-15.231387,0.99858251,0.68404175,1,3,0,15.382589,0.78917054,-0.71644796,-1.2647989,-1.4539901,-1.627774,-0.57720096,-1.5043767,-1.9695345,-1.2366574,-0.71644796,-0.57720096,6,1,2,6,8,2,7,3,6,6,8,1,4,5,7,2,7,6,8,5,-0.0017190754,0.60230564
-15.241147,0.99771956,0.68404175,1,3,0,15.242423,0.80503697,-0.68475818,-1.2418648,-1.4567326,-1.6384463,-0.55648845,-1.4922035,-1.9929842,-1.2327979,-0.68475818,-0.55648845,6,2,5,3,4,4,3,7,5,7,7,4,2,6,8,5,4,7,6,8,-0.060052951,0.28211049
-15.946297,0.83582025,0.68404175,1,3,0,16.169422,0.91343427,-0.47214415,-1.0872432,-1.4821332,-1.7258639,-0.41665476,-1.4148406,-2.1674093,-1.2164183,-0.47214415,-0.41665476,6,3,3,2,8,4,3,6,8,8,8,6,3,4,8,3,5,7,8,8,-0.74563564,0.80473666
-16.360471,0.84851793,0.68404175,2,3,0,18.147755,0.9352855,-0.43008193,-1.0565001,-1.4886282,-1.7466185,-0.38881286,-1.4005106,-2.2056609,-1.2154164,-0.43008193,-0.38881286,6,3,1,2,8,2,4,6,6,7,8,2,4,2,8,1,8,8,8,8,-1.0129139,0.13466423
-16.91463,0.95587456,0.68404175,1,1,0,16.932725,0.95428642,-0.39371754,-1.0298809,-1.4946427,-1.7655429,-0.36469537,-1.3884073,-2.2397936,-1.2152338,-0.39371754,-0.36469537,7,2,2,6,5,2,6,6,8,7,7,4,4,4,8,1,4,5,8,8,-1.3403918,0.80755695
-17.872839,0.94852747,0.68404175,1,1,0,17.872931,0.97358441,-0.35698333,-1.0029529,-1.5010976,-1.7856087,-0.34028835,-1.3764604,-2.2753011,-1.2157315,-0.35698333,-0.34028835,8,1,3,5,8,3,6,7,7,8,6,1,6,8,8,2,7,5,8,7,-1.8688121,0.75331544
-15.496992,1,0.68404175,2,3,0,17.610994,0.87185191,-0.55291683,-1.1461378,-1.4710339,-1.6893032,-0.46995547,-1.4433003,-2.0975205,-1.2205427,-0.55291683,-0.46995547,7,1,2,1,8,4,4,8,7,8,8,2,2,5,8,3,3,7,7,8,-0.39994494,0.65856847
-16.891935,0.83958355,0.68404175,1,3,0,17.154291,0.95365854,-0.39491608,-1.0307589,-1.4944386,-1.7649044,-0.36549096,-1.3888019,-2.2386526,-1.2152293,-0.39491608,-0.36549096,8,5,4,7,8,4,4,7,8,7,8,1,4,7,7,3,6,8,6,7,-1.3274083,0.6341846
-16.170801,1,0.68404175,2,3,0,16.827423,0.92640918,-0.44713678,-1.0689715,-1.4859352,-1.7380582,-0.40010889,-1.406279,-2.1899942,-1.2157231,-0.44713678,-0.40010889,8,1,3,5,8,3,8,7,7,8,7,2,6,2,8,2,3,6,8,8,-0.89391474,0.8896118
-15.978823,1,0.68404175,1,1,0,16.211972,0.91552028,-0.46811741,-1.0843023,-1.4827337,-1.727799,-0.4139919,-1.4134538,-2.1710151,-1.216287,-0.46811741,-0.4139919,6,4,3,4,7,4,5,8,5,7,8,2,6,5,5,2,2,8,8,8,-0.7677471,0.15120757
-15.978823,0.94891301,0.68404175,1,1,0,16.429875,0.91552028,-0.46811741,-1.0843023,-1.4827337,-1.727799,-0.4139919,-1.4134538,-2.1710151,-1.216287,-0.46811741,-0.4139919,6,6,5,4,7,7,3,6,4,6,8,2,3,8,8,5,7,8,7,8,-0.7677471,0.45961766
-15.584715,1,0.68404175,1,1,0,15.922335,0.88273748,-0.53167854,-1.1306702,-1.4737786,-1.6985059,-0.45596163,-1.4357011,-2.1154526,-1.2191913,-0.53167854,-0.45596163,4,1,5,6,8,1,6,7,8,6,5,4,3,5,8,5,4,8,2,8,-0.47630806,0.91467609
-15.456646,1,0.68404175,1,1,0,15.579377,0.86601095,-0.56434039,-1.154452,-1.4696086,-1.6844722,-0.4774762,-1.447421,-2.0880037,-1.2213451,-0.56434039,-0.4774762,8,3,4,6,8,2,8,7,4,5,8,2,2,5,8,4,7,7,8,8,-0.36209543,0.74731992
-15.388351,1,0.68404175,1,1,0,15.461242,0.85433559,-0.58723266,-1.1711021,-1.4668593,-1.6750382,-0.4925343,-1.4557473,-2.0692001,-1.2231078,-0.58723266,-0.4925343,8,7,3,3,6,3,7,6,4,7,7,2,4,5,7,2,3,6,7,8,-0.29212161,0.47230907
-15.772896,0.94608282,0.68404175,1,3,0,15.777646,0.90075486,-0.49667156,-1.1051469,-1.4785727,-1.7143105,-0.43286294,-1.4233546,-2.1456983,-1.2173745,-0.49667156,-0.43286294,8,5,4,4,8,5,3,7,6,8,7,1,6,3,8,4,7,7,7,8,-0.62292503,0.23326207
-15.965292,0.97513212,0.68404175,1,1,0,16.007176,0.91466219,-0.46977354,-1.0855119,-1.4824862,-1.7270018,-0.41508716,-1.4140238,-2.1695307,-1.2163401,-0.46977354,-0.41508716,8,2,5,4,8,3,6,5,8,6,8,2,7,7,4,7,7,6,8,8,-0.75857865,0.60016961
-15.431795,0.92953837,0.68404175,1,3,0,16.660469,0.69455383,-0.90857803,-1.4032151,-1.4430262,-1.5751224,-0.70205172,-1.5812961,-1.8403642,-1.2665767,-0.90857803,-0.70205172,5,2,2,5,8,3,2,8,6,7,7,2,2,4,5,5,5,8,5,8,0.24129214,0.35194225
-15.23221,1,0.68404175,1,3,0,15.423311,0.79261083,-0.70956408,-1.2598195,-1.4545631,-1.6300427,-0.57270451,-1.5017192,-1.9745748,-1.235791,-0.70956408,-0.57270451,8,2,3,6,8,5,3,8,7,6,8,4,2,3,7,1,2,7,8,5,-0.013821683,0.7727526
-15.240217,0.99837872,0.68404175,1,3,0,15.240446,0.80417785,-0.68647029,-1.2431046,-1.4565776,-1.6378548,-0.55760835,-1.4928572,-1.9917011,-1.2329979,-0.68647029,-0.55760835,4,2,2,3,7,2,5,8,4,7,8,3,5,3,8,6,6,6,7,8,-0.056723795,0.29739164
-15.27164,0.89872038,0.68404175,2,3,0,15.900103,0.82277608,-0.64950328,-1.2163163,-1.4600984,-1.6510127,-0.53340615,-1.4788456,-2.019821,-1.2289026,-0.64950328,-0.53340615,6,6,4,2,7,4,3,6,8,7,7,3,5,4,8,4,7,7,6,7,-0.13365299,0.50585125
-15.430299,0.9524243,0.68404175,1,3,0,15.572942,0.69492588,-0.90781172,-1.4026651,-1.4430508,-1.5752929,-0.70155623,-1.5809793,-1.8408368,-1.2664371,-0.90781172,-0.70155623,8,2,3,4,7,4,6,8,8,8,6,1,1,6,5,2,5,8,6,7,0.24060886,0.65121703
-15.430299,0.83127958,0.68404175,1,1,0,15.8394,0.69492588,-0.90781172,-1.4026651,-1.4430508,-1.5752929,-0.70155623,-1.5809793,-1.8408368,-1.2664371,-0.90781172,-0.70155623,7,6,1,7,8,1,3,7,8,5,7,3,3,4,8,4,4,6,6,8,0.24060886,0.59651502
-15.264173,1,0.68404175,1,3,0,15.381106,0.75124439,-0.79280551,-1.3199389,-1.4484744,-1.6044185,-0.62696949,-1.5343271,-1.915579,-1.2472676,-0.79280551,-0.62696949,6,1,5,5,8,3,6,7,8,7,6,3,5,5,7,5,2,8,8,7,0.11445086,0.92289111
-15.310528,0.99552731,0.68404175,2,3,0,15.313751,0.73055761,-0.83482174,-1.3502072,-1.4460932,-1.5929517,-0.65427093,-1.5511636,-1.887383,-1.2538478,-0.83482174,-0.65427093,8,2,2,4,6,3,3,6,2,8,5,1,5,5,6,3,2,6,5,8,0.16641161,0.7388187
-15.310528,0.62898197,0.68404175,1,3,0,16.914301,0.73055761,-0.83482174,-1.3502072,-1.4460932,-1.5929517,-0.65427093,-1.5511636,-1.887383,-1.2538478,-0.83482174,-0.65427093,6,1,1,4,6,7,2,8,6,7,7,3,3,3,6,3,3,6,7,8,0.16641161,0.13613178
-15.23595,0.99691857,0.68404175,1,3,0,15.326981,0.79946009,-0.69587986,-1.249917,-1.4557396,-1.6346342,-0.56376145,-1.4964581,-1.9846825,-1.2341146,-0.69587986,-0.56376145,8,5,6,4,4,5,7,7,8,8,8,2,5,5,8,3,6,6,6,8,-0.038801207,0.3757102
-15.323721,0.97585497,0.68404175,1,3,0,15.361353,0.72579697,-0.84452808,-1.3571922,-1.4456087,-1.5904394,-0.66056945,-1.5550877,-1.8810166,-1.255439,-0.84452808,-0.66056945,8,1,4,6,8,3,2,5,2,7,7,3,1,4,7,4,6,5,7,7,0.17738806,0.51956972
-15.233179,0.99859966,0.68404175,1,3,0,15.329731,0.7949728,-0.70484194,-1.256403,-1.4549635,-1.6316149,-0.56961915,-1.4999005,-1.9780495,-1.2352055,-0.70484194,-0.56961915,8,3,2,2,5,7,3,8,5,6,7,3,2,4,8,3,2,5,8,8,-0.022300544,0.59561265
-15.60666,0.90993835,0.68404175,1,3,0,15.715531,0.88515832,-0.52696441,-1.1272353,-1.4744045,-1.7005878,-0.45285348,-1.4340254,-2.1194753,-1.2189164,-0.52696441,-0.45285348,7,3,1,7,8,5,3,5,8,7,8,1,3,3,8,1,6,5,7,7,-0.49443006,0.94072958
-16.663117,0.88886843,0.68404175,1,3,0,16.749006,0.94669326,-0.40822608,-1.0405059,-1.4921985,-1.7578818,-0.37432292,-1.3932038,-2.2260555,-1.2152282,-0.40822608,-0.37432292,8,5,3,2,7,4,5,7,8,6,5,1,4,2,8,4,4,8,6,8,-1.1947132,0.77202805
-16.095796,1,0.68404175,1,1,0,16.615442,0.9224182,-0.45481901,-1.0745865,-1.4847487,-1.7342672,-0.40519396,-1.4088961,-2.1830074,-1.215906,-0.45481901,-0.40519396,4,3,4,6,8,4,5,8,7,8,8,1,4,2,5,4,5,8,8,8,-0.84541955,0.39727163
-15.779306,1,0.68404175,2,3,0,16.075351,0.90127836,-0.49565714,-1.1044068,-1.4787167,-1.7147805,-0.43219298,-1.4230002,-2.1465877,-1.2173297,-0.49565714,-0.43219298,8,2,5,6,7,1,8,7,6,8,8,1,3,2,8,3,7,3,8,8,-0.62763273,0.75947322
-16.185822,0.94698707,0.68404175,2,3,0,16.639699,0.9271726,-0.44566827,-1.067898,-1.4861639,-1.7387875,-0.39913662,-1.40578,-2.1913347,-1.2156913,-0.44566827,-0.39913662,4,4,2,5,8,5,3,4,8,8,8,2,4,4,8,3,4,8,8,7,-0.90351904,0.40647177
-16.068623,1,0.68404175,1,1,0,16.26637,0.92089363,-0.45775597,-1.0767326,-1.4842995,-1.7328284,-0.4071375,-1.4098997,-2.1803478,-1.2159831,-0.45775597,-0.4071375,5,3,4,2,7,5,4,7,7,8,8,6,4,5,8,6,4,4,8,8,-0.82761309,0.7318627
-15.651632,1,0.68404175,1,1,0,16.013451,0.88981749,-0.51790079,-1.1206292,-1.4756252,-1.7046309,-0.4468755,-1.430815,-2.1272534,-1.2184142,-0.51790079,-0.4468755,6,1,2,4,6,3,2,6,8,3,8,1,2,3,7,4,3,8,8,4,-0.53059652,0.26613559
-15.879801,0.96798272,0.68404175,1,1,0,15.902203,0.9089061,-0.48089337,-1.0936317,-1.480844,-1.7216968,-0.42243869,-1.4178645,-2.159615,-1.2167287,-0.48089337,-0.42243869,7,4,4,3,6,4,3,5,8,7,8,2,1,5,8,4,6,6,7,8,-0.6996185,0.51953654
-15.378062,0.95305491,0.68404175,1,3,0,16.42537,0.70879221,-0.87931315,-1.3822019,-1.444074,-1.5818511,-0.68311547,-1.5692544,-1.8586481,-1.2613528,-0.87931315,-0.68311547,8,4,5,2,6,4,4,6,8,7,6,4,1,4,8,5,3,5,4,8,0.21384838,0.37779867
-16.063803,0.80584736,0.68404175,1,1,0,16.06476,0.58456184,-1.1390418,-1.5678042,-1.4424746,-1.5372932,-0.85015308,-1.6797382,-1.7126574,-1.3148175,-1.1390418,-0.85015308,7,2,2,3,6,5,5,7,5,4,7,3,6,2,8,3,7,7,7,6,0.37644526,0.20094071
-15.231849,1,0.68404175,1,3,0,15.959451,0.79142731,-0.71193146,-1.2615321,-1.4543646,-1.6292594,-0.57425103,-1.5026323,-1.9728381,-1.2360872,-0.71193146,-0.57425103,6,2,6,7,7,1,6,7,8,8,7,2,2,7,8,2,5,7,8,6,-0.0096254458,0.93588211
-15.23677,0.97698244,0.68404175,2,3,0,15.371837,0.80050015,-0.69380434,-1.2484146,-1.4559224,-1.6353401,-0.56240449,-1.4956626,-1.9862258,-1.2338657,-0.69380434,-0.56240449,7,1,1,5,6,4,6,8,4,7,6,2,8,3,8,2,6,8,7,8,-0.042700868,0.63091938
-15.359345,0.71843322,0.68404175,2,3,0,16.89816,0.84840011,-0.59890036,-1.1795824,-1.4655128,-1.6703556,-0.50020236,-1.4600257,-2.0597523,-1.2240839,-0.59890036,-0.50020236,8,4,5,6,7,4,5,5,8,5,8,4,5,4,8,4,7,7,7,6,-0.25915396,0.55844265
-15.5323,0.98920948,0.68404175,2,3,0,15.533796,0.8764935,-0.54385269,-1.1395381,-1.4721902,-1.6931955,-0.46398498,-1.4400472,-2.1051354,-1.2199434,-0.54385269,-0.46398498,8,3,3,3,8,5,5,5,8,8,8,3,3,7,6,2,3,6,8,6,-0.43152802,0.48008379
-15.341447,0.95260996,0.68404175,2,3,0,15.943856,0.71985573,-0.85666113,-1.3659197,-1.4450376,-1.5873703,-0.66843817,-1.5600107,-1.8731353,-1.2574645,-0.85666113,-0.66843817,8,3,1,3,7,6,5,4,8,8,6,3,2,6,8,4,3,7,6,6,0.19060444,0.57622631
-15.35707,0.99842115,0.68404175,2,3,0,15.386233,0.71496302,-0.86666934,-1.3731154,-1.4445954,-1.5848981,-0.6749251,-1.5640864,-1.8666983,-1.2591654,-0.86666934,-0.6749251,7,1,5,3,6,5,5,8,2,7,4,1,4,3,8,3,6,6,7,8,0.20109866,0.64373371
-15.271526,1,0.68404175,2,3,0,15.334931,0.82272758,-0.64959943,-1.216386,-1.4600887,-1.6509774,-0.53346916,-1.4788818,-2.0197467,-1.2289127,-0.64959943,-0.53346916,3,2,2,1,8,3,6,3,7,6,4,6,2,6,8,4,6,6,7,7,-0.13343829,0.24502001
-15.231251,0.9541979,0.68404175,2,3,0,15.613038,0.7878281,-0.71913604,-1.2667429,-1.4537698,-1.6268955,-0.57895634,-1.5054164,-1.9675743,-1.237,-0.71913604,-0.57895634,6,5,1,4,6,3,4,7,7,8,4,2,3,2,8,5,4,6,7,5,0.0029256389,0.39262544
-15.320581,0.98160623,0.68404175,2,3,0,15.360153,0.72690088,-0.8422761,-1.3555719,-1.4457189,-1.5910178,-0.6591084,-1.5541761,-1.8824888,-1.2550675,-0.8422761,-0.6591084,8,2,2,6,8,7,2,7,8,7,7,3,2,5,4,6,5,7,8,8,0.17487385,0.57839911
-15.320581,0.915464,0.68404175,1,3,0,15.733228,0.72690088,-0.8422761,-1.3555719,-1.4457189,-1.5910178,-0.6591084,-1.5541761,-1.8824888,-1.2550675,-0.8422761,-0.6591084,5,1,4,2,5,6,5,4,7,5,6,4,3,6,5,2,7,7,6,7,0.17487385,0.22107166
-15.904666,0.76507488,0.68404175,1,3,0,16.598187,0.91064304,-0.47753596,-1.0911804,-1.4813362,-1.7232898,-0.42021948,-1.4167024,-2.1625994,-1.2166055,-0.47753596,-0.42021948,8,1,2,2,6,3,5,8,8,7,6,2,5,6,8,3,8,7,8,8,-0.71696097,0.42451411
-15.29925,0.99455596,0.68404175,1,3,0,15.863051,0.83280277,-0.6296572,-1.2019184,-1.4621396,-1.6584134,-0.52039409,-1.4714141,-2.0352813,-1.2269016,-0.6296572,-0.52039409,5,5,4,3,8,2,5,6,7,6,8,2,5,5,7,4,6,7,8,8,-0.17978011,0.065087917
-15.598644,0.95029298,0.68404175,2,3,0,15.745238,0.8842861,-0.52866252,-1.1284727,-1.4741784,-1.6998362,-0.45397318,-1.4346286,-2.1180245,-1.2190144,-0.52866252,-0.45397318,7,2,3,5,6,4,7,8,8,7,6,1,4,4,8,5,4,6,8,7,-0.48784964,0.55423385
-15.23196,0.993669,0.68404175,1,3,0,15.619832,0.79182215,-0.71114157,-1.2609607,-1.4544307,-1.6295204,-0.57373504,-1.5023276,-1.9734172,-1.2359882,-0.71114157,-0.57373504,4,3,1,2,8,6,2,8,7,6,8,1,6,4,7,1,5,8,8,8,-0.011021532,0.06099856
-15.23196,0.43541897,0.68404175,1,3,0,17.928246,0.79182215,-0.71114157,-1.2609607,-1.4544307,-1.6295204,-0.57373504,-1.5023276,-1.9734172,-1.2359882,-0.71114157,-0.57373504,6,8,4,2,6,1,1,7,8,7,7,4,4,3,5,1,4,6,8,8,-0.011021532,0.2346669
-15.275137,0.99190552,0.68404175,2,3,0,15.290257,0.82422407,-0.64663363,-1.2142351,-1.460387,-1.6520681,-0.53152549,-1.4777671,-2.0220406,-1.2286046,-0.64663363,-0.53152549,8,4,5,7,8,3,5,7,5,8,7,4,2,7,8,2,5,8,8,8,-0.14009862,0.68447591
-15.596201,0.94443254,0.68404175,1,3,0,15.620988,0.88401755,-0.52918543,-1.1288537,-1.4741089,-1.6996051,-0.45431795,-1.4348144,-2.1175781,-1.2190448,-0.52918543,-0.45431795,6,4,1,5,6,2,2,7,6,5,8,2,2,3,8,3,7,8,8,8,-0.4858353,0.18390271
-15.563072,0.93057945,0.68404175,1,3,0,16.292496,0.66548487,-0.96872254,-1.4463211,-1.4415681,-1.5626908,-0.74087745,-1.6063844,-1.8042898,-1.2779925,-0.96872254,-0.74087745,7,2,4,3,7,7,7,8,6,8,8,2,2,6,4,5,5,6,3,7,0.28944692,0.71170777
-15.670725,0.96631093,0.68404175,1,1,0,15.754665,0.64519247,-1.0110288,-1.4765778,-1.4411004,-1.5550495,-0.7681138,-1.6242959,-1.7801,-1.286543,-1.0110288,-0.7681138,6,3,5,4,7,5,6,7,8,3,8,3,3,3,4,5,4,6,8,6,0.31737306,0.41181959
-15.600015,0.81509798,0.68404175,1,3,0,16.573362,0.88443623,-0.5283702,-1.1282597,-1.4742172,-1.6999654,-0.45378043,-1.4345247,-2.1182741,-1.2189974,-0.5283702,-0.45378043,8,1,5,4,8,3,8,7,8,8,8,3,3,6,6,4,6,8,7,8,-0.48897818,0.83886673
-15.389977,1,0.68404175,1,1,0,15.563145,0.85464759,-0.58661991,-1.1706566,-1.4669311,-1.6752864,-0.49213147,-1.4555232,-2.0696988,-1.2230579,-0.58661991,-0.49213147,8,1,1,6,8,3,5,4,8,8,7,2,2,4,8,7,7,7,7,5,-0.29390067,0.50264831
-15.298631,0.97638952,0.68404175,1,3,0,15.565258,0.73516641,-0.82543827,-1.3434519,-1.4465849,-1.595429,-0.64817889,-1.5473823,-1.8935898,-1.2523346,-0.82543827,-0.64817889,7,3,4,1,8,2,4,6,5,6,8,1,3,1,7,4,6,7,8,8,0.15544746,0.58231978
-15.237109,0.99650251,0.68404175,1,3,0,15.3184,0.80090776,-0.69299109,-1.2478258,-1.4559944,-1.6356174,-0.56187274,-1.4953511,-1.9868313,-1.2337686,-0.69299109,-0.56187274,8,5,4,4,8,2,5,7,8,8,8,1,3,5,8,1,4,4,7,8,-0.044237073,0.72940944
-15.260359,0.99587975,0.68404175,1,3,0,15.260459,0.81756342,-0.65984391,-1.2238137,-1.4590767,-1.6472503,-0.54018076,-1.4827431,-2.0118668,-1.2300006,-0.65984391,-0.54018076,2,4,4,4,6,5,7,5,8,8,6,1,5,3,8,4,4,8,7,7,-0.11101999,0.69211536
-15.260359,0.43655881,0.68404175,1,3,0,18.213418,0.81756342,-0.65984391,-1.2238137,-1.4590767,-1.6472503,-0.54018076,-1.4827431,-2.0118668,-1.2300006,-0.65984391,-0.54018076,7,4,1,5,8,2,5,6,8,5,8,3,3,6,7,4,4,8,8,7,-0.11101999,0.66503146
-15.478892,0.96166235,0.68404175,2,3,0,15.574111,0.86930985,-0.55788614,-1.149755,-1.4704095,-1.6871915,-0.47322756,-1.44509,-2.0933696,-1.2208854,-0.55788614,-0.47322756,4,4,3,4,7,2,2,8,8,7,6,5,2,4,8,3,7,8,8,5,-0.38322218,0.3482932
-15.404046,0.95959229,0.68404175,1,3,0,15.867745,0.70166627,-0.89394359,-1.3927102,-1.4435224,-1.5784309,-0.69258594,-1.5752606,-1.8494469,-1.2639365,-0.89394359,-0.69258594,7,2,6,6,7,1,6,3,6,5,7,2,3,2,8,3,2,5,7,7,0.22791957,0.91304747
-15.259454,0.98499617,0.68404175,1,3,0,15.486937,0.81710008,-0.66076382,-1.2244805,-1.4589872,-1.6469187,-0.54078326,-1.4830906,-2.0111625,-1.2301001,-0.66076382,-0.54078326,8,1,6,7,6,1,4,4,8,8,8,4,7,4,8,4,5,7,7,8,-0.10905038,0.49123475
-15.437468,0.96856254,0.68404175,1,3,0,15.445721,0.86299188,-0.57025255,-1.1587535,-1.4688849,-1.6820043,-0.48136678,-1.4495626,-2.0831135,-1.2217807,-0.57025255,-0.48136678,6,3,5,3,6,6,8,5,6,7,8,2,3,2,7,3,4,7,5,7,-0.34330561,0.443517
-15.471715,0.94870534,0.68404175,1,3,0,15.90606,0.6850275,-0.92822919,-1.417311,-1.4424471,-1.5708555,-0.71475091,-1.5894436,-1.828357,-1.270208,-0.92822919,-0.71475091,5,4,3,4,7,4,7,7,4,8,7,1,2,2,8,4,6,7,8,6,0.25819323,0.34240424
-16.862117,0.75644993,0.68404175,2,7,0,16.862279,0.49103035,-1.3414318,-1.711023,-1.4531472,-1.5248839,-0.97870154,-1.7708348,-1.6227641,-1.3659645,-1.3414318,-0.97870154,8,2,2,6,7,3,5,7,8,8,8,7,1,2,7,4,2,8,8,8,0.40514324,0.92458256
-15.861721,1,0.68404175,1,1,0,16.633344,0.61374601,-1.0771193,-1.5237375,-1.4412876,-1.5448906,-0.81053942,-1.6526932,-1.7442185,-1.3007077,-1.0771193,-0.81053942,8,4,6,4,6,1,3,7,6,6,8,4,7,6,6,7,2,8,7,6,0.35232524,0.27158083
-15.524254,1,0.68404175,1,1,0,15.800802,0.67346741,-0.95215288,-1.4344562,-1.4418767,-1.5659302,-0.73019338,-1.5994278,-1.8140289,-1.2747588,-0.95215288,-0.73019338,5,4,3,4,5,5,5,6,8,8,8,3,3,4,7,2,1,8,8,8,0.27721828,0.4124637
-15.265153,1,0.68404175,1,3,0,15.447971,0.7507008,-0.79390622,-1.3207326,-1.4484061,-1.6041058,-0.62768548,-1.534765,-1.914827,-1.2474334,-0.79390622,-0.62768548,4,3,2,4,6,6,3,7,8,8,8,2,3,7,5,4,4,7,5,7,0.11590985,0.28752348
-15.416166,0.93999087,0.68404175,1,3,0,15.591584,0.85941828,-0.57725732,-1.1638487,-1.4680398,-1.6791087,-0.48597486,-1.4521079,-2.0773502,-1.2223146,-0.57725732,-0.48597486,3,8,1,2,7,6,3,6,7,6,6,1,2,7,8,3,8,8,6,6,-0.32170642,0.4071995
-15.803456,0.9460365,0.68404175,1,3,0,15.805987,0.90320805,-0.4919191,-1.1016792,-1.4792496,-1.716518,-0.42972398,-1.421696,-2.1498713,-1.2171685,-0.4919191,-0.42972398,3,4,2,5,5,7,2,7,8,8,8,2,5,7,6,7,5,8,4,6,-0.64523437,0.45147872
-15.563858,1,0.68404175,1,1,0,15.779157,0.8803358,-0.5363586,-1.1340798,-1.4731632,-1.6964532,-0.4590466,-1.4373687,-2.1114742,-1.2194732,-0.5363586,-0.4590466,7,4,2,4,8,2,5,7,8,8,8,3,7,3,5,3,4,8,7,8,-0.45875818,0.66058005
-15.877989,0.94974079,0.68404175,2,3,0,16.231347,0.90877738,-0.48114225,-1.0938134,-1.4808077,-1.721579,-0.42260319,-1.4179507,-2.1593941,-1.216738,-0.48114225,-0.42260319,3,2,1,4,6,6,6,5,7,7,8,5,1,4,6,2,4,7,8,8,-0.69834803,0.5330267
-15.985821,0.96874952,0.68404175,2,3,0,16.539304,0.91595887,-0.46727108,-1.0836841,-1.4828604,-1.7282071,-0.41343216,-1.4131627,-2.1717745,-1.2162603,-0.46727108,-0.41343216,2,4,1,1,4,1,3,7,6,7,8,3,3,3,6,4,4,7,8,8,-0.77247334,0.4179128
-16.04895,0.99267626,0.68404175,1,1,0,16.151033,0.91976175,-0.45993725,-1.0783265,-1.4839674,-1.7317636,-0.40858078,-1.4106462,-2.1783766,-1.216043,-0.45993725,-0.40858078,7,3,3,5,7,4,6,7,8,8,8,2,3,6,8,2,7,6,8,8,-0.81463608,0.27454341
-16.277703,0.96280176,0.68404175,2,3,0,16.88079,0.93160646,-0.43714557,-1.0616664,-1.487503,-1.7430489,-0.39349253,-1.4028927,-2.199146,-1.2155267,-0.43714557,-0.39349253,6,1,2,3,6,4,2,5,7,8,8,2,4,6,8,7,4,6,8,8,-0.96156225,0.33587723
-16.014873,1,0.68404175,1,1,0,16.298186,0.91774242,-0.46383052,-1.0811708,-1.4833779,-1.7298711,-0.41115643,-1.4119808,-2.1748669,-1.2161553,-0.46383052,-0.41115643,4,2,3,3,5,3,5,6,4,7,8,2,5,2,7,7,4,3,8,7,-0.79197883,0.62621931
-15.397388,0.98687008,0.68404175,1,3,0,15.943632,0.85604469,-0.58387673,-1.1686622,-1.4672535,-1.6764007,-0.49032792,-1.454521,-2.0719345,-1.2228366,-0.58387673,-0.49032792,6,4,4,4,6,5,5,6,6,8,8,2,2,6,8,2,3,6,6,8,-0.30192561,0.13515711
-15.511783,0.97905339,0.68404175,1,1,0,15.522929,0.87384436,-0.54902448,-1.143304,-1.4715277,-1.6909682,-0.46739194,-1.4419016,-2.1007836,-1.2202813,-0.54902448,-0.46739194,5,3,5,1,8,4,7,6,7,6,7,1,4,5,8,4,4,7,7,8,-0.4133324,0.44170248
-15.387546,1,0.68404175,1,1,0,15.49716,0.85418036,-0.58753755,-1.1713237,-1.4668237,-1.6749147,-0.49273473,-1.4558588,-2.0689521,-1.2231326,-0.58753755,-0.49273473,8,1,2,4,5,5,3,6,7,7,8,1,4,6,8,2,4,7,8,8,-0.29123821,0.71674043
-15.45078,0.98803929,0.68404175,1,1,0,15.469199,0.8651059,-0.56611218,-1.1557412,-1.4693908,-1.6837303,-0.47864228,-1.4480622,-2.0865357,-1.2214742,-0.56611218,-0.47864228,7,2,6,5,8,1,3,6,8,7,8,1,3,2,8,3,6,7,8,7,-0.35640912,0.64906872
-16.714518,0.9177421,0.68404175,2,3,0,16.839634,0.50651095,-1.3075094,-1.6871053,-1.450634,-1.525673,-0.95725508,-1.7552954,-1.6364564,-1.3568967,-1.3075094,-0.95725508,7,1,4,8,7,2,6,7,6,7,8,4,4,5,8,3,1,7,8,8,0.40529552,0.85781653
-18.110132,0.73740147,0.68404175,1,1,0,18.27454,0.37949137,-1.5910607,-1.8859366,-1.4806305,-1.534332,-1.135279,-1.8881565,-1.5381628,-1.4379563,-1.5910607,-1.135279,2,4,3,5,7,6,4,6,5,7,8,2,1,3,6,6,8,3,6,8,0.34562028,0.32787194
-16.355902,1,0.68404175,1,1,0,17.75619,0.54717268,-1.2192165,-1.6246878,-1.4454599,-1.5301416,-0.90124641,-1.7153496,-1.6746637,-1.3342035,-1.2192165,-0.90124641,6,3,1,5,6,4,5,3,6,7,5,4,2,3,6,5,2,6,7,3,0.39652421,0.098912552
-17.228705,0.93134161,0.68404175,2,3,0,17.417389,0.45506087,-1.4209206,-1.7669297,-1.4601789,-1.5250091,-1.0287982,-1.8076429,-1.5927751,-1.3879211,-1.4209206,-1.0287982,3,3,3,1,5,5,4,7,6,8,7,1,6,1,8,7,2,4,5,8,0.3973542,0.29488386
-16.018986,1,0.68404175,1,1,0,16.965899,0.59075476,-1.125854,-1.5584289,-1.4421399,-1.5387579,-0.84172754,-1.6739439,-1.719215,-1.3117474,-1.125854,-0.84172754,8,7,3,6,7,3,7,7,8,6,6,1,2,3,7,4,5,7,5,4,0.37196447,0.90882983
-15.596431,1,0.68404175,1,1,0,15.943165,0.65893496,-0.98234897,-1.4560723,-1.4413673,-1.5601312,-0.74965669,-1.6121302,-1.7963929,-1.2807009,-0.98234897,-0.74965669,4,1,1,4,8,4,2,6,5,4,5,1,4,6,8,2,4,6,5,6,0.29894694,0.15307484
-15.353202,1,0.68404175,2,3,0,15.531,0.71614811,-0.86424384,-1.3713718,-1.4447002,-1.5854923,-0.67335331,-1.5630974,-1.868253,-1.2587507,-0.86424384,-0.67335331,5,3,4,5,7,4,4,5,7,6,5,2,3,2,8,4,8,7,8,8,0.19858851,0.39335022
-15.300954,1,0.68404175,2,3,0,15.349518,0.73423913,-0.82732515,-1.3448105,-1.4464842,-1.594927,-0.64940415,-1.5481417,-1.8923376,-1.2526369,-0.82732515,-0.64940415,4,4,2,3,7,4,6,4,5,7,8,1,4,6,8,2,4,8,7,7,0.15768059,0.42872185
-15.35683,0.98336872,0.68404175,1,1,0,15.368414,0.71503599,-0.86651998,-1.3730081,-1.4446018,-1.5849346,-0.67482832,-1.5640255,-1.8667939,-1.2591398,-0.86651998,-0.67482832,5,3,3,6,8,2,6,3,4,7,8,2,2,5,7,3,4,8,8,7,0.20094469,0.21438302
-15.53545,0.89684926,0.68404175,1,3,0,15.975684,0.87688923,-0.54308048,-1.1389757,-1.4722897,-1.6935295,-0.4634762,-1.4397708,-2.1057868,-1.2198939,-0.54308048,-0.4634762,7,2,2,3,4,3,5,6,8,7,5,4,2,8,8,1,3,8,5,8,-0.43428588,0.4613415
-15.612433,0.99581472,0.68404175,2,3,0,15.651299,0.88577831,-0.52575762,-1.1263558,-1.4745658,-1.701123,-0.45205769,-1.4335971,-2.1205076,-1.2188476,-0.52575762,-0.45205769,8,2,2,5,8,4,8,8,8,8,7,2,4,4,8,5,5,6,8,6,-0.49914316,0.7775895
-15.927431,0.98514929,0.68404175,2,3,0,15.935174,0.91218688,-0.4745532,-1.0890025,-1.4817761,-1.7247114,-0.41824758,-1.4156717,-2.1652577,-1.2165003,-0.4745532,-0.41824758,8,2,6,5,7,3,4,5,6,7,8,2,6,6,8,2,6,7,7,8,-0.73269529,0.38984985
-15.390406,0.91407261,0.68404175,2,7,0,16.522757,0.70534382,-0.88638917,-1.3872851,-1.4438003,-1.5801828,-0.68769677,-1.5721558,-1.8541828,-1.2625954,-0.88638917,-0.68769677,7,3,5,4,7,2,4,7,5,7,8,2,4,3,7,2,4,7,8,7,0.22074347,0.48075901
-15.337417,0.95477001,0.68404175,1,3,0,15.642441,0.84334575,-0.60885187,-1.1868123,-1.4643934,-1.6664282,-0.50673894,-1.4636931,-2.051766,-1.2249572,-0.60885187,-0.50673894,4,3,4,2,8,4,6,6,8,6,8,1,3,6,8,7,7,7,6,8,-0.23233292,0.9265372
-15.244295,0.99104248,0.68404175,1,3,0,15.389326,0.76468979,-0.76563664,-1.3003391,-1.4502607,-1.612352,-0.60928383,-1.5235727,-1.9343706,-1.2432873,-0.76563664,-0.60928383,3,2,1,2,7,4,3,3,6,2,8,5,5,4,6,4,6,7,3,8,0.076623841,0.011695823
-16.263159,0.78337367,0.68404175,1,3,0,16.329658,0.55854927,-1.1947198,-1.6073282,-1.4443746,-1.53201,-0.88565895,-1.7044,-1.6859342,-1.3281521,-1.1947198,-0.88565895,8,2,3,5,8,3,6,7,8,8,7,3,4,2,6,5,5,6,7,7,0.39165816,0.64031772
-15.843976,1,0.68404175,1,1,0,16.260622,0.61648251,-1.0713422,-1.5196204,-1.4412267,-1.5456934,-0.80683689,-1.6501913,-1.7472636,-1.2994318,-1.0713422,-0.80683689,8,1,3,2,7,3,3,4,5,8,5,2,6,2,8,5,5,6,5,8,0.34966409,0.78538704
-16.026506,0.94439495,0.68404175,1,1,0,16.186589,0.5897056,-1.1280863,-1.5600162,-1.4421935,-1.5385042,-0.84315419,-1.6749235,-1.7180987,-1.3122646,-1.1280863,-0.84315419,7,3,2,5,5,2,2,6,5,6,7,6,6,4,8,3,4,8,6,8,0.37274729,0.18563459
-15.24291,1,0.68404175,1,3,0,16.009244,0.80655575,-0.68173253,-1.2396736,-1.4570084,-1.639496,-0.55450912,-1.4910494,-1.9952562,-1.2324469,-0.68173253,-0.55450912,8,2,2,3,8,5,6,7,3,7,8,3,1,8,7,3,7,8,8,8,-0.065988714,0.20616136
-15.411555,0.97008308,0.68404175,2,3,0,15.47377,0.85861068,-0.57884136,-1.1650007,-1.4678506,-1.6784582,-0.48701669,-1.4526847,-2.0760515,-1.222438,-0.57884136,-0.48701669,8,5,4,2,4,1,6,4,6,6,8,3,2,5,6,4,5,4,8,8,-0.31691825,0.20618052
-15.235457,0.99138532,0.68404175,1,3,0,15.451315,0.77431373,-0.74625668,-1.286345,-1.4516537,-1.618264,-0.59665316,-1.5159668,-1.9480477,-1.2405848,-0.74625668,-0.59665316,7,3,4,3,7,3,4,6,8,8,8,3,5,7,8,1,4,6,6,7,0.047371902,0.83416197
-15.2786,0.94988907,0.68404175,2,3,0,15.518889,0.82559623,-0.64391539,-1.2122636,-1.4606624,-1.6530725,-0.52974379,-1.4767467,-2.0241481,-1.228325,-0.64391539,-0.52974379,5,4,4,7,6,2,5,3,6,8,6,2,1,7,8,4,1,8,8,7,-0.14627214,0.3795253
-15.232734,1,0.68404175,2,3,0,15.271052,0.77934638,-0.73614442,-1.2790386,-1.4524199,-1.6214332,-0.59005758,-1.5120201,-1.9552754,-1.2392209,-0.73614442,-0.59005758,7,2,1,6,7,2,3,7,8,7,7,2,5,5,7,5,3,6,8,7,0.031298655,0.50860536
-15.364899,0.8350109,0.68404175,2,3,0,16.15789,0.84959587,-0.59654815,-1.1778731,-1.4657813,-1.6712928,-0.49865685,-1.4591613,-2.0616496,-1.223883,-0.59654815,-0.49865685,8,1,1,3,6,2,3,3,7,8,8,4,3,5,8,2,6,6,8,8,-0.26566445,0.46024389
-15.473456,0.97109234,0.68404175,2,3,0,15.680202,0.86852238,-0.55942625,-1.1508759,-1.4702174,-1.6865403,-0.47424149,-1.4456456,-2.0920866,-1.2209936,-0.55942625,-0.47424149,3,2,2,5,7,4,7,5,8,8,6,1,2,3,7,7,6,7,8,8,-0.37812109,0.58253121
-15.485848,0.99779337,0.68404175,1,1,0,15.532222,0.870301,-0.55594816,-1.1483444,-1.4706522,-1.6880132,-0.47195158,-1.4443915,-2.0949864,-1.2207506,-0.55594816,-0.47195158,2,5,2,4,7,5,5,7,6,7,8,3,4,3,6,3,4,8,8,7,-0.38969559,0.51409174
-15.539395,0.87107453,0.68404175,2,3,0,16.798591,0.87738076,-0.54212143,-1.1382773,-1.4724136,-1.6939449,-0.46284429,-1.4394276,-2.1065963,-1.2198328,-0.54212143,-0.46284429,7,1,1,4,6,1,3,7,2,4,8,1,1,8,8,6,5,8,8,8,-0.4377261,0.41279658
-15.317707,0.96287526,0.68404175,1,3,0,15.80874,0.72792659,-0.84018433,-1.3540667,-1.4458225,-1.5915574,-0.65775115,-1.55333,-1.8838589,-1.2547237,-0.84018433,-0.65775115,7,1,1,4,5,5,5,5,6,7,6,4,4,5,8,3,4,7,4,7,0.17252105,0.4824662
-15.668491,0.89723555,0.68404175,1,1,0,15.669495,0.6455908,-1.0101958,-1.4759825,-1.4411052,-1.5551913,-0.7675781,-1.6239412,-1.780567,-1.2863707,-1.0101958,-0.7675781,6,1,5,2,7,4,5,7,8,7,7,3,2,4,6,6,3,4,6,3,0.31686695,0.2235927
-16.86213,0.6949692,0.68404175,1,1,0,16.882281,0.49102895,-1.3414349,-1.7110252,-1.4531474,-1.5248839,-0.97870347,-1.7708362,-1.6227629,-1.3659654,-1.3414349,-0.97870347,4,7,1,2,5,3,5,6,5,5,5,7,2,2,6,6,4,5,8,8,0.40514314,0.20571756
-16.86213,0.63298993,0.68404175,1,1,0,19.015397,0.49102895,-1.3414349,-1.7110252,-1.4531474,-1.5248839,-0.97870347,-1.7708362,-1.6227629,-1.3659654,-1.3414349,-0.97870347,4,1,2,6,7,3,4,8,8,7,8,5,1,4,7,4,7,7,4,2,0.40514314,0.63213913
-16.729022,1,0.68404175,2,7,0,16.762139,0.9488258,-0.40414821,-1.0375201,-1.4928795,-1.7600201,-0.37161763,-1.3918512,-2.2299007,-1.2152191,-0.40414821,-0.37161763,7,2,5,4,8,2,3,8,8,7,7,4,4,6,7,1,8,5,8,8,-1.2332904,0.49672256
-16.860853,0.97755603,0.68404175,2,7,0,16.861299,0.4911602,-1.3411466,-1.7108221,-1.4531248,-1.5248884,-0.97852137,-1.7707037,-1.622877,-1.3658875,-1.3411466,-0.97852137,7,6,5,7,8,3,2,6,7,8,8,2,3,4,7,2,5,7,4,6,0.40515249,0.55844504
-17.69049,0.83113611,0.68404175,1,1,0,17.98568,0.41381989,-1.5132352,-1.8316122,-1.4703595,-1.528559,-1.0866995,-1.8510488,-1.5615517,-1.4145839,-1.5132352,-1.0866995,3,2,3,7,8,2,3,4,8,6,6,2,4,2,7,5,2,6,6,8,0.37530684,0.31055505
-16.7361,1,0.68404175,1,1,0,17.719,0.50420686,-1.3125475,-1.6906598,-1.4509888,-1.5255236,-0.9604428,-1.7575967,-1.6343886,-1.3582316,-1.3125475,-0.9604428,6,4,2,4,8,7,5,8,8,5,7,2,1,4,8,2,6,8,6,6,0.40539432,0.4338754
-16.505997,1,0.68404175,1,1,0,17.014522,0.52956654,-1.2573039,-1.6516424,-1.4474495,-1.527782,-0.92544048,-1.7324906,-1.657722,-1.3438271,-1.2573039,-0.92544048,1,2,4,1,7,2,4,5,7,7,7,1,2,7,8,3,7,5,8,6,0.40196226,0.13337307
-16.501185,1,0.68404175,1,1,0,16.892187,0.53011692,-1.25611,-1.6507981,-1.4473816,-1.527846,-0.92468285,-1.7319512,-1.6582424,-1.3435216,-1.25611,-0.92468285,7,5,1,6,8,1,3,8,6,7,2,1,4,5,4,1,7,5,4,7,0.4018304,0.54590072
-15.827564,0.77956744,0.68404175,2,3,0,18.062925,0.6190428,-1.0659415,-1.5157707,-1.4411775,-1.5464585,-0.80337461,-1.6478558,-1.750126,-1.2982454,-1.0659415,-0.80337461,7,2,4,7,8,2,6,5,7,8,7,3,3,5,8,1,2,7,6,4,0.34711035,0.47070815
-15.827564,0.64674323,0.68404175,1,1,0,16.919409,0.6190428,-1.0659415,-1.5157707,-1.4411775,-1.5464585,-0.80337461,-1.6478558,-1.750126,-1.2982454,-1.0659415,-0.80337461,8,6,6,3,6,3,3,5,4,8,7,3,1,4,7,5,5,4,5,6,0.34711035,0.27420408
-15.346779,1,0.68404175,2,3,0,15.739528,0.84557359,-0.60446368,-1.1836246,-1.4648837,-1.6681525,-0.503857,-1.4620739,-2.0552795,-1.2245676,-0.60446368,-0.503857,7,2,3,2,5,5,5,6,6,8,7,4,1,5,7,3,2,8,8,8,-0.2440182,0.1270675
-15.268949,0.98466362,0.68404175,1,3,0,15.452648,0.74866004,-0.7980402,-1.3237128,-1.4481525,-1.6029371,-0.63037416,-1.5364112,-1.9120092,-1.2480596,-0.7980402,-0.63037416,4,4,1,3,8,3,2,5,6,8,7,3,2,3,5,2,4,7,6,8,0.12134034,0.28997818
-15.324893,0.9518146,0.68404175,2,3,0,15.523015,0.84017488,-0.61510247,-1.191352,-1.4637041,-1.6639925,-0.51084292,-1.4660052,-2.0467834,-1.2255246,-0.61510247,-0.51084292,8,6,1,3,8,5,8,8,5,7,7,4,6,4,8,2,8,7,4,8,-0.21606082,0.11932808
-15.271092,0.91336541,0.68404175,2,3,0,15.995426,0.82254273,-0.64996584,-1.2166518,-1.460052,-1.650843,-0.53370928,-1.4790196,-2.0194637,-1.2289509,-0.64996584,-0.53370928,8,1,4,8,8,3,5,5,8,8,8,3,5,2,8,2,5,7,6,8,-0.13262082,0.95164786
-15.852992,0.88894058,0.68404175,1,3,0,15.955336,0.90697054,-0.48463668,-1.0963642,-1.4802989,-1.7199295,-0.42491255,-1.4191627,-2.1562972,-1.216872,-0.48463668,-0.42491255,6,4,1,6,7,2,1,5,5,5,7,3,4,6,8,4,6,5,7,8,-0.68072486,0.21241458
-16.426093,0.97871769,0.68404175,2,3,0,16.426915,0.93801365,-0.42484871,-1.0526717,-1.4894709,-1.7492852,-0.38534479,-1.3987522,-2.2105116,-1.2153502,-0.42484871,-0.38534479,2,3,1,5,5,3,3,3,7,8,8,2,4,8,8,3,2,8,5,8,-1.0530724,0.095003996
-15.331707,0.91272128,0.68404175,1,3,0,17.189282,0.72306286,-0.85010891,-1.3612071,-1.4453413,-1.5890179,-0.66418944,-1.5573497,-1.8773809,-1.2563656,-0.85010891,-0.66418944,7,3,3,6,7,4,3,8,7,7,6,3,3,7,8,2,3,7,7,7,0.18353563,0.52240636
-16.535901,0.51168208,0.68404175,2,7,0,17.917864,0.94224674,-0.41673668,-1.0467356,-1.4907923,-1.7534564,-0.37996713,-1.3960375,-2.2180712,-1.2152737,-0.41673668,-0.37996713,6,3,1,4,8,7,7,6,5,5,4,2,3,6,8,4,6,8,8,8,-1.1193041,0.38864748
-15.97477,1,0.68404175,1,1,0,16.480778,0.91526467,-0.46861071,-1.0846626,-1.4826599,-1.7275614,-0.41431815,-1.4136235,-2.1705727,-1.2163027,-0.46861071,-0.41431815,8,1,2,4,8,2,4,6,8,8,8,2,1,6,8,1,4,6,7,8,-0.76500513,0.93033347
-15.231306,0.97279358,0.68404175,1,3,0,16.1022,0.78850152,-0.71778745,-1.2657677,-1.4538801,-1.6273357,-0.5780757,-1.5048947,-1.9685572,-1.2368278,-0.71778745,-0.5780757,7,1,2,5,8,6,3,6,7,8,8,1,3,4,8,4,4,8,8,8,0.00060104065,0.77390703
-15.701545,0.88178938,0.68404175,2,3,0,15.991118,0.63978058,-1.0223567,-1.4846702,-1.4410531,-1.5531555,-0.7753962,-1.6291277,-1.773786,-1.2889024,-1.0223567,-0.7753962,8,5,5,5,7,1,6,6,7,7,7,3,2,5,4,3,3,8,8,7,0.32408753,0.75722574
-15.869679,0.94802036,0.68404175,1,1,0,15.988109,0.61252923,-1.0796897,-1.525569,-1.4413174,-1.5445386,-0.8121864,-1.6538076,-1.7428692,-1.3012777,-1.0796897,-0.8121864,7,4,1,3,7,4,1,7,6,5,6,7,7,5,8,1,4,4,7,6,0.35348599,0.14871639
-17.386735,0.64736015,0.68404175,1,1,0,17.41586,0.44048874,-1.4533939,-1.789713,-1.463513,-1.525845,-1.0492002,-1.8228334,-1.5813553,-1.3971629,-1.4533939,-1.0492002,7,2,1,4,7,5,4,6,8,8,7,2,3,2,7,2,6,6,6,5,0.39119745,0.80298095
-16.917496,0.68864255,0.68404175,3,7,0,19.85399,0.48538132,-1.3538533,-1.7197722,-1.4541404,-1.5247219,-0.98654461,-1.7765506,-1.6178852,-1.3693312,-1.3538533,-0.98654461,7,3,1,3,7,3,5,4,6,8,8,1,3,2,7,2,5,4,3,5,0.40460992,0.39863756
-15.989379,1,0.68404175,2,7,0,16.748023,0.91618045,-0.46684355,-1.0833718,-1.4829246,-1.7284134,-0.4131494,-1.4130157,-2.1721583,-1.216247,-0.46684355,-0.4131494,8,5,4,6,5,5,7,8,8,8,8,2,4,2,7,5,4,8,6,7,-0.77487146,0.75890155
-15.309458,0.93704338,0.68404175,1,3,0,16.443916,0.73095845,-0.83400511,-1.3496194,-1.4461351,-1.5931654,-0.65374087,-1.5508341,-1.8879211,-1.2537151,-0.83400511,-0.65374087,7,2,2,5,8,1,4,5,8,8,5,2,5,8,8,3,7,6,8,8,0.16547135,0.58425468
-15.289965,1,0.68404175,2,3,0,15.316886,0.73876026,-0.81813027,-1.338189,-1.4469838,-1.5973915,-0.64343225,-1.5444457,-1.8984596,-1.2511733,-0.81813027,-0.64343225,6,2,1,5,7,3,2,5,7,6,7,4,1,2,8,2,6,7,7,8,0.14666089,0.28500147
-16.522098,0.5437651,0.68404175,1,3,0,17.730108,0.94173591,-0.41771507,-1.0474516,-1.4906319,-1.7529509,-0.38061584,-1.3963642,-2.2171569,-1.2152812,-0.41771507,-0.38061584,8,1,6,5,8,4,3,7,8,7,6,4,3,5,8,5,5,7,8,8,-1.1110403,0.88879208
-15.446834,0.98263133,0.68404175,1,3,0,16.496318,0.86448799,-0.56732211,-1.1566216,-1.4692425,-1.6832248,-0.47943851,-1.4485003,-2.0855344,-1.2215631,-0.56732211,-0.47943851,8,1,3,4,7,5,4,4,5,8,8,1,4,6,7,2,3,5,6,8,-0.35255341,0.54629648
-15.828328,0.94703087,0.68404175,1,3,0,15.829071,0.90512871,-0.48820063,-1.0989655,-1.4797836,-1.7182555,-0.42726744,-1.4204012,-2.1531477,-1.2170142,-0.48820063,-0.42726744,8,4,2,5,7,3,2,7,7,8,8,1,4,8,7,2,1,8,8,8,-0.66315276,0.58210139
-15.674749,1,0.68404175,1,1,0,15.845928,0.89207129,-0.51352075,-1.1174359,-1.4762232,-1.7066039,-0.44398564,-1.4292689,-2.1310329,-1.2181839,-0.51352075,-0.44398564,6,3,3,5,8,1,8,8,4,4,3,3,2,6,8,4,4,8,7,8,-0.54873412,0.55130725
-15.72449,0.99269217,0.68404175,1,1,0,15.791448,0.8966378,-0.50465488,-1.1109706,-1.4774497,-1.7106359,-0.43813416,-1.4261503,-2.1387246,-1.2177428,-0.50465488,-0.43813416,7,4,3,3,7,1,5,7,8,8,8,1,3,7,7,6,6,8,8,8,-0.58685979,0.89990301
-15.643148,0.9178071,0.68404175,1,3,0,16.620399,0.65017078,-1.0006252,-1.4691422,-1.4411728,-1.5568453,-0.76142175,-1.6198716,-1.7859591,-1.2844019,-1.0006252,-0.76142175,6,2,1,2,5,2,3,7,5,8,7,5,6,4,8,6,3,7,8,3,0.31092907,0.31163078
-15.263046,1,0.68404175,1,3,0,15.534269,0.75187869,-0.79152133,-1.319013,-1.4485545,-1.6047843,-0.62613411,-1.5338164,-1.9164572,-1.2470745,-0.79152133,-0.62613411,7,3,2,6,6,2,2,6,7,7,8,1,6,5,8,6,7,5,6,8,0.11274169,0.33756724
-15.340199,0.9776623,0.68404175,1,1,0,15.34148,0.72025947,-0.85583594,-1.3653263,-1.4450752,-1.5875766,-0.66790317,-1.5596753,-1.8736687,-1.2573255,-0.85583594,-0.66790317,7,7,1,2,7,5,6,3,5,6,7,3,3,4,6,3,5,8,8,8,0.18972293,0.35577552
-15.545369,0.93844084,0.68404175,1,1,0,15.555027,0.6690733,-0.96126887,-1.4409848,-1.4416982,-1.5641307,-0.7360725,-1.6032509,-1.8086522,-1.2765297,-0.96126887,-0.7360725,6,2,1,3,6,6,3,3,8,6,7,1,2,3,8,3,6,5,3,8,0.28403944,0.2782073
-15.811879,0.91869904,0.68404175,1,1,0,15.871045,0.62151722,-1.0607262,-1.5120522,-1.441137,-1.5472108,-0.80003014,-1.6456034,-1.7529046,-1.2971056,-1.0607262,-0.80003014,8,1,1,3,2,3,5,7,8,7,8,2,8,5,7,2,5,6,8,4,0.3445831,0.72249028
-15.249193,1,0.68404175,1,3,0,15.667929,0.76078133,-0.77352312,-1.3060307,-1.4497222,-1.6100067,-0.61442012,-1.5266835,-1.9288701,-1.2444199,-0.77352312,-0.61442012,5,2,5,3,7,6,4,6,8,8,8,3,2,6,8,2,4,8,7,8,0.087972947,0.20826861
-15.317381,0.99218682,0.68404175,2,3,0,15.317432,0.7280439,-0.83994513,-1.3538945,-1.4458344,-1.5916193,-0.65759594,-1.5532333,-1.8840157,-1.2546844,-0.83994513,-0.65759594,7,5,1,2,7,4,4,5,4,2,7,1,7,7,8,3,4,5,7,8,0.17225092,0.038698709
-15.570158,0.9700327,0.68404175,2,3,0,15.573418,0.66407106,-0.9716615,-1.4484247,-1.4415208,-1.5621308,-0.74277149,-1.6076217,-1.8025781,-1.2785729,-0.9716615,-0.74277149,6,3,3,4,8,1,6,7,7,7,5,4,3,2,7,8,6,7,6,8,0.29153772,0.58579721
-15.30641,1,0.68404175,1,1,0,15.490812,0.73211516,-0.83164913,-1.3479235,-1.4462569,-1.593784,-0.65221151,-1.5498838,-1.8894758,-1.2533334,-0.83164913,-0.65221151,7,4,1,6,8,2,1,6,6,6,6,3,4,4,8,4,6,8,6,8,0.16274393,0.58244568
-15.544234,0.80702581,0.68404175,2,3,0,16.364444,0.87797785,-0.5409566,-1.1374289,-1.4725644,-1.6944501,-0.46207677,-1.4390109,-2.1075804,-1.219759,-0.5409566,-0.46207677,7,1,3,4,8,4,1,7,6,8,8,2,5,8,8,4,5,7,8,8,-0.44192716,0.45360318
-16.855917,0.86528753,0.68404175,1,3,0,17.054942,0.95264025,-0.3968603,-1.0321829,-1.4941082,-1.7638708,-0.36678142,-1.3894426,-2.2368041,-1.2152236,-0.3968603,-0.36678142,5,4,5,6,7,2,3,5,6,6,8,2,5,4,8,6,8,8,3,7,-1.3067411,0.77937274
-15.371223,0.9925173,0.68404175,2,3,0,16.997296,0.85092119,-0.59394207,-1.1759791,-1.4660805,-1.6723352,-0.49694431,-1.4582047,-2.0637561,-1.2236628,-0.59394207,-0.49694431,6,2,5,7,7,3,6,6,2,7,7,2,6,3,8,2,2,4,8,7,-0.27295648,0.70024331
-15.381386,0.98365317,0.68404175,2,3,0,15.584574,0.85297625,-0.58990302,-1.1730433,-1.4665479,-1.673959,-0.49428967,-1.4567244,-2.0670298,-1.2233266,-0.58990302,-0.49428967,5,1,7,1,4,3,8,6,7,7,8,3,2,8,7,1,5,7,7,7,-0.28442525,0.29966512
-15.922717,0.92797871,0.68404175,1,3,0,15.949182,0.91187073,-0.47516391,-1.0894484,-1.4816858,-1.7244199,-0.41865135,-1.4158826,-2.1647129,-1.2165215,-0.47516391,-0.41865135,7,7,5,2,5,5,3,5,8,7,8,5,3,7,6,2,2,2,8,8,-0.72944811,0.41459417
-15.285902,0.94476018,0.68404175,1,3,0,16.285204,0.74052804,-0.81453845,-1.3356017,-1.447185,-1.5983667,-0.64109865,-1.5430052,-1.9008645,-1.2506081,-0.81453845,-0.64109865,8,2,3,5,8,3,6,7,7,7,7,1,4,6,8,3,3,5,8,7,0.14226105,0.71206228
-15.330867,0.99558288,0.68404175,2,3,0,15.339594,0.7233459,-0.84953096,-1.3607914,-1.4453686,-1.5891643,-0.6638146,-1.5571152,-1.8777565,-1.2562693,-0.84953096,-0.6638146,5,2,6,1,6,1,3,8,8,7,7,2,5,3,8,3,2,6,8,7,0.18290444,0.52544719
-15.285088,1,0.68404175,1,1,0,15.325714,0.74088957,-0.81380413,-1.3350727,-1.4472266,-1.5985669,-0.64062151,-1.5427109,-1.9013572,-1.250493,-0.81380413,-0.64062151,8,1,3,3,8,3,8,8,8,4,8,2,7,2,8,5,8,6,8,6,0.14135485,0.85424525
-15.310637,0.94901215,0.68404175,2,3,0,15.550268,0.73051674,-0.83490501,-1.3502672,-1.4460889,-1.59293,-0.65432498,-1.5511972,-1.8873281,-1.2538614,-0.83490501,-0.65432498,6,3,3,1,6,2,7,8,8,8,7,4,3,2,5,3,5,8,6,5,0.16650734,0.70577125
-15.338776,0.95888686,0.68404175,1,3,0,15.536823,0.84367638,-0.60820045,-1.1863392,-1.4644659,-1.6666834,-0.50631116,-1.4634526,-2.0522868,-1.2248989,-0.60820045,-0.50631116,6,1,2,2,3,4,5,6,7,5,6,4,4,4,7,2,6,8,8,8,-0.23405374,0.47459327
-15.884017,0.92191432,0.68404175,1,3,0,15.925805,0.90920451,-0.48031645,-1.0932105,-1.4809284,-1.72197,-0.42205739,-1.4176646,-2.1601273,-1.2167072,-0.48031645,-0.42205739,7,4,5,3,8,4,5,6,4,6,6,1,3,7,8,2,3,7,7,7,-0.70257138,0.72308625
-15.875567,1,0.68404175,1,1,0,15.990991,0.90860487,-0.48147581,-1.0940569,-1.480759,-1.7214212,-0.42282364,-1.4180663,-2.1590981,-1.2167506,-0.48147581,-0.42282364,7,4,4,3,7,4,4,7,6,5,8,2,7,2,8,2,4,7,8,8,-0.69664857,0.44369951
-15.646834,1,0.68404175,1,1,0,15.864658,0.8893382,-0.5188326,-1.1213084,-1.4754987,-1.7042128,-0.44749022,-1.4311443,-2.1264511,-1.2184642,-0.5188326,-0.44749022,7,2,1,2,7,3,5,8,6,5,8,3,5,7,7,2,5,8,6,7,-0.52679477,0.22659164
-16.097803,0.97994266,0.68404175,2,3,0,16.098575,0.92252906,-0.4546055,-1.0744304,-1.4847815,-1.734372,-0.40505266,-1.4088232,-2.183201,-1.2159005,-0.4546055,-0.40505266,8,1,5,2,7,3,3,7,6,7,8,1,5,4,8,6,4,4,8,8,-0.8467293,0.40406193
-15.233641,0.98799742,0.68404175,2,3,0,16.232296,0.79588134,-0.70302644,-1.2550892,-1.455119,-1.6322227,-0.56843274,-1.4992021,-1.9793891,-1.2349824,-0.70302644,-0.56843274,8,3,3,4,7,1,3,8,8,8,7,6,2,3,8,2,6,7,4,7,-0.025599484,0.86477407
-15.231274,0.98979875,0.68404175,2,3,0,15.296586,0.78814681,-0.71849776,-1.2662814,-1.4538219,-1.6271037,-0.57853955,-1.5051694,-1.9680393,-1.2369184,-0.71849776,-0.57853955,5,4,2,2,2,6,4,7,6,5,8,3,2,4,6,3,5,6,8,8,0.0018268378,0.23896038
-15.313001,0.87788229,0.68404175,2,3,0,15.946215,0.83692431,-0.6215162,-1.196009,-1.4630076,-1.6615181,-0.51505264,-1.4683844,-2.0416977,-1.2261218,-0.6215162,-0.51505264,5,2,3,4,8,3,5,8,6,8,8,3,4,5,8,2,3,8,8,8,-0.19980299,0.69993332
-15.231397,0.99834993,0.68404175,1,3,0,15.318066,0.78420047,-0.72640528,-1.271999,-1.4531835,-1.6245407,-0.58370211,-1.5082334,-1.962296,-1.2379379,-0.72640528,-0.58370211,8,3,5,4,8,4,3,6,6,7,7,1,4,8,6,3,7,6,8,8,0.015263487,0.81527659
-15.236213,0.99881787,0.68404175,2,3,0,15.239366,0.77323483,-0.74842651,-1.2879123,-1.4514928,-1.6175915,-0.59806795,-1.5168156,-1.946505,-1.2408816,-0.74842651,-0.59806795,7,2,6,5,7,4,5,6,7,5,7,1,5,5,5,2,5,5,7,7,0.050746688,0.45296737
-16.016285,0.86859619,0.68404175,2,3,0,16.036745,0.9178276,-0.46366626,-1.0810508,-1.4834027,-1.7299507,-0.41104776,-1.4119244,-2.1750147,-1.2161504,-0.46366626,-0.41104776,8,3,4,5,7,1,5,7,5,8,5,4,5,4,7,2,4,6,7,8,-0.79292203,0.67867725
-16.097827,0.9908007,0.68404175,1,1,0,16.197106,0.92253043,-0.45460285,-1.0744285,-1.4847819,-1.7343733,-0.40505091,-1.4088223,-2.1832034,-1.2159005,-0.45460285,-0.40505091,7,4,4,5,8,3,7,6,7,8,7,2,1,3,8,3,5,7,8,8,-0.84674557,0.82243023
-15.476126,0.98261865,0.68404175,1,3,0,16.018602,0.86891058,-0.55866698,-1.1503233,-1.470312,-1.6868611,-0.47374164,-1.4453716,-2.092719,-1.2209401,-0.55866698,-0.47374164,7,1,3,1,7,7,3,7,7,6,7,3,5,6,8,2,6,8,8,8,-0.38063116,0.50931368
-15.274543,0.97486107,0.68404175,1,3,0,15.63561,0.74581961,-0.8037983,-1.3278631,-1.4478068,-1.601325,-0.63411819,-1.5387083,-1.9081012,-1.2489401,-0.8037983,-0.63411819,8,1,6,6,6,5,3,5,7,7,4,2,3,1,7,3,3,8,5,8,0.12877688,0.41324617
-15.348985,0.97822329,0.68404175,1,1,0,15.352484,0.71745923,-0.8615614,-1.3694433,-1.4448178,-1.5861532,-0.67161477,-1.5620046,-1.8699764,-1.2582939,-0.8615614,-0.67161477,8,1,4,3,7,2,4,5,7,7,7,2,1,3,6,2,5,5,5,8,0.19578789,0.63094277
-15.708212,0.89391174,0.68404175,1,1,0,15.712793,0.63862946,-1.0247686,-1.4863928,-1.4410473,-1.5527604,-0.7769462,-1.6301585,-1.7724505,-1.2894084,-1.0247686,-0.7769462,6,1,1,4,5,1,6,6,6,7,8,2,3,6,7,5,5,3,7,8,0.32547718,0.54103053
-15.985839,0.63732403,0.68404175,2,3,0,18.083702,0.91596,-0.4672689,-1.0836825,-1.4828608,-1.7282082,-0.41343072,-1.4131619,-2.1717764,-1.2162603,-0.4672689,-0.41343072,7,5,5,2,6,4,6,7,7,8,8,3,3,6,8,5,5,6,8,8,-0.7724855,0.58804882
-15.762142,0.98211246,0.68404175,2,3,0,16.426412,0.89986568,-0.49839497,-1.1064043,-1.4783288,-1.7135137,-0.43400105,-1.4239571,-2.144189,-1.2174517,-0.49839497,-0.43400105,8,4,1,4,7,6,3,6,3,8,8,1,2,4,8,4,5,7,7,8,-0.61499308,0.39966008
-15.518486,1,0.68404175,2,3,0,15.731344,0.87472388,-0.547307,-1.1420535,-1.4717469,-1.691706,-0.46626063,-1.4412853,-2.1022267,-1.2201679,-0.547307,-0.46626063,6,3,1,2,6,3,2,8,4,7,7,2,4,6,6,4,6,7,8,7,-0.41932255,0.049965013
-16.712789,0.932763,0.68404175,2,3,0,16.776823,0.50669618,-1.3071045,-1.6868197,-1.4506057,-1.5256855,-0.95699888,-1.7551106,-1.6366231,-1.3567896,-1.3071045,-0.95699888,7,2,3,7,7,2,2,6,8,8,4,7,2,4,7,4,1,4,6,8,0.40528574,0.94057008
-16.609425,1,0.68404175,2,7,0,16.618658,0.94487213,-0.41171042,-1.0430566,-1.4916203,-1.7560639,-0.37663401,-1.3943621,-2.2227801,-1.2152425,-0.41171042,-0.37663401,7,2,4,5,7,2,4,6,5,8,8,2,5,4,8,2,4,7,8,8,-1.163046,0.41080729
-15.331664,0.91360633,0.68404175,2,7,0,17.497267,0.7230774,-0.85007922,-1.3611858,-1.4453427,-1.5890254,-0.66417018,-1.5573376,-1.8774002,-1.2563607,-0.85007922,-0.66417018,7,4,4,3,5,5,4,7,7,8,8,3,2,7,8,3,3,7,7,7,0.18350323,0.24597304
-16.447801,0.78969686,0.68404175,2,7,0,16.450028,0.93888223,-0.42318343,-1.0514532,-1.4897407,-1.7501378,-0.38424101,-1.3981938,-2.2120595,-1.2153319,-0.42318343,-0.38424101,7,4,6,5,7,4,5,6,4,8,8,3,8,3,8,4,5,7,8,8,-1.0662583,0.74108697
-16.986584,0.87406415,0.68404175,2,3,0,19.018052,0.95621007,-0.39004686,-1.0271918,-1.4952705,-1.7675047,-0.36225849,-1.3872007,-2.2432948,-1.2152521,-0.39004686,-0.36225849,7,3,3,5,7,3,3,6,5,5,8,4,1,5,8,5,5,6,3,8,-1.3813696,0.5695536
-18.139346,0.95069187,0.68404175,2,3,0,18.701516,0.97717011,-0.35017975,-0.99796132,-1.5023352,-1.7894318,-0.33576303,-1.3742794,-2.281993,-1.215902,-0.35017975,-0.33576303,5,2,3,4,6,6,7,4,8,7,7,5,4,6,8,5,4,6,8,8,-2.0110196,0.64603587
-15.809273,0.99281478,0.68404175,1,3,0,18.514796,0.9036631,-0.49103792,-1.1010362,-1.4793758,-1.7169289,-0.42914189,-1.4213889,-2.1506468,-1.2171313,-0.49103792,-0.42914189,8,2,2,6,8,2,4,8,7,7,8,4,7,2,8,1,4,6,8,7,-0.64944307,0.71977969
-15.372398,0.98971109,0.68404175,1,3,0,15.742536,0.85116337,-0.59346595,-1.1756331,-1.4661354,-1.6725261,-0.49663141,-1.4580301,-2.0641414,-1.2236228,-0.59346595,-0.49663141,7,1,7,6,5,6,3,7,6,7,8,2,1,3,7,5,6,6,7,8,-0.27429777,0.29210055
-15.336059,1,0.68404175,2,3,0,15.379761,0.84301305,-0.60950744,-1.1872885,-1.4643206,-1.6661716,-0.50716943,-1.4639353,-2.0512422,-1.225016,-0.60950744,-0.50716943,8,4,2,5,7,6,4,4,7,8,7,2,2,6,8,2,6,7,7,8,-0.23060596,0.49213257
-15.558431,0.93226862,0.68404175,1,3,0,15.857724,0.66641751,-0.96678452,-1.4449337,-1.4416006,-1.5630625,-0.7396283,-1.605569,-1.8054212,-1.2776109,-0.96678452,-0.7396283,6,3,2,6,7,4,4,7,7,7,8,4,6,4,8,2,2,4,7,6,0.28805545,0.37108279
-16.454672,0.49035535,0.68404175,2,7,0,18.328832,0.93915376,-0.42266292,-1.0510724,-1.4898251,-1.7504047,-0.38389599,-1.3980194,-2.2125437,-1.2153264,-0.42266292,-0.38389599,5,1,4,3,8,6,3,8,7,8,8,1,3,4,7,6,6,5,8,8,-1.0704218,0.31558255
-16.330376,0.98105524,0.68404175,2,3,0,17.169443,0.93397988,-0.43258782,-1.0583331,-1.4882275,-1.7453482,-0.39047321,-1.4013545,-2.2033455,-1.2154528,-0.43258782,-0.39047321,7,5,3,8,8,1,3,5,6,8,8,3,5,7,8,5,4,7,8,8,-0.99433672,0.5882734
-15.234459,0.95272453,0.68404175,1,3,0,16.547614,0.79729421,-0.7002041,-1.2530468,-1.4553625,-1.6331715,-0.56658815,-1.4981175,-1.9814757,-1.2346376,-0.7002041,-0.56658815,5,4,3,5,7,6,5,3,7,6,8,1,3,6,8,5,2,8,8,7,-0.030771721,0.47687739
-15.297481,0.98644652,0.68404175,1,3,0,15.303573,0.83223901,-0.63077151,-1.2027271,-1.4620222,-1.6579915,-0.52112503,-1.4718297,-2.0344064,-1.2270102,-0.63077151,-0.52112503,6,4,2,6,6,2,5,4,7,8,8,2,2,2,7,4,5,7,7,6,-0.17709115,0.52600752
-16.82964,0.66972991,0.68404175,1,3,0,17.40428,0.95188003,-0.39831216,-1.0332463,-1.4938623,-1.7631007,-0.36774501,-1.3899215,-2.2354256,-1.2152206,-0.39831216,-0.36774501,8,1,4,2,8,2,5,6,6,7,8,1,7,8,6,5,8,8,8,8,-1.2916147,0.833267
-17.324508,0.96998742,0.68404175,1,1,0,17.370901,0.96405164,-0.3751043,-1.0162412,-1.4978656,-1.7755895,-0.35233387,-1.382318,-2.2576545,-1.2153979,-0.3751043,-0.35233387,8,4,3,3,7,4,3,8,7,5,8,3,1,5,8,4,5,5,8,8,-1.5705228,0.30132288
-15.367253,0.96128831,0.68404175,2,7,0,16.861338,0.71191725,-0.87290708,-1.3775988,-1.444333,-1.5833842,-0.67896644,-1.5666334,-1.8627154,-1.2602392,-0.87290708,-0.67896644,5,2,2,6,6,5,5,8,8,8,4,1,6,4,7,3,2,7,7,8,0.20745836,0.86763476
-15.387721,0.99373222,0.68404175,1,1,0,15.423923,0.7060835,-0.88487072,-1.3861944,-1.4438579,-1.5805386,-0.68671381,-1.5715326,-1.8551386,-1.2623276,-0.88487072,-0.68671381,7,5,3,2,7,3,3,8,4,8,5,1,6,5,7,3,3,7,6,7,0.21927812,0.30059134
-15.273433,1,0.68404175,1,1,0,15.355198,0.74636925,-0.8026837,-1.3270598,-1.447873,-1.6016356,-0.63339355,-1.5382633,-1.9088561,-1.2487689,-0.8026837,-0.63339355,8,5,2,3,8,5,1,3,7,6,8,2,4,5,8,3,1,8,6,8,0.12734884,0.16127882
-15.250783,1,0.68404175,1,1,0,15.269158,0.75962478,-0.77585858,-1.3077158,-1.4495659,-1.6093188,-0.61594076,-1.5276065,-1.9272484,-1.2447589,-0.77585858,-0.61594076,7,2,1,2,3,2,4,6,8,6,6,2,1,2,5,6,7,7,8,8,0.091274643,0.072914871
-15.350186,0.9123956,0.68404175,2,3,0,15.73449,0.84635753,-0.60292022,-1.1825033,-1.4650574,-1.6687618,-0.50284317,-1.4615051,-2.0565183,-1.2244322,-0.60292022,-0.50284317,7,6,2,4,8,1,2,6,4,7,7,1,3,4,8,4,3,7,8,7,-0.24818093,0.4876911
-15.975524,0.91164626,0.68404175,1,3,0,16.031538,0.91531235,-0.46851869,-1.0845954,-1.4826736,-1.7276057,-0.41425729,-1.4135918,-2.1706553,-1.2162997,-0.46851869,-0.41425729,6,7,5,6,7,5,1,5,5,7,7,3,5,2,4,3,3,8,8,8,-0.76551592,0.16016695
-15.914656,1,0.68404175,1,1,0,16.062676,0.91132589,-0.47621651,-1.090217,-1.4815305,-1.723918,-0.41934723,-1.4162462,-2.1637745,-1.2165585,-0.47621651,-0.41934723,6,2,6,2,7,3,6,6,5,6,8,1,4,8,8,2,5,8,8,8,-0.72388254,0.58266378
-16.130706,0.97498075,0.68404175,1,1,0,16.18142,0.92431403,-0.45116864,-1.0719186,-1.4853105,-1.7360636,-0.40277793,-1.4076511,-2.1863219,-1.2158157,-0.45116864,-0.40277793,8,1,4,3,8,4,4,2,6,7,8,5,3,7,8,4,6,7,8,8,-0.8681064,0.45080712
-15.899596,1,0.68404175,1,1,0,16.14925,0.91029326,-0.47821194,-1.091674,-1.4812369,-1.7229685,-0.42066632,-1.4169362,-2.1619979,-1.2166299,-0.47821194,-0.42066632,7,2,2,5,8,5,5,8,6,5,8,4,3,5,6,3,7,6,8,8,-0.71343836,0.32095208
-15.260861,0.99973936,0.68404175,1,3,0,15.895684,0.81781639,-0.65934171,-1.2234496,-1.4591256,-1.6474316,-0.53985182,-1.4825534,-2.0122515,-1.2299464,-0.65934171,-0.53985182,6,4,3,2,7,4,5,6,6,8,7,4,4,3,8,4,5,6,6,5,-0.11209821,0.35197765
-15.307488,0.99648314,0.68404175,2,3,0,15.308182,0.83532378,-0.62467645,-1.1983032,-1.4626686,-1.6603081,-0.5171264,-1.4695592,-2.0392017,-1.2264217,-0.62467645,-0.5171264,5,3,2,2,8,3,4,8,4,8,7,3,1,7,8,2,4,8,8,8,-0.19195043,0.42159521
-16.074166,0.91638963,0.68404175,2,3,0,16.218119,0.58314981,-1.1420523,-1.5699436,-1.4425571,-1.5369703,-0.85207564,-1.6810635,-1.7111727,-1.3155232,-1.1420523,-0.85207564,8,3,6,3,7,4,1,4,7,6,7,3,6,6,7,1,2,7,8,8,0.37741993,0.57172064
-15.499458,1,0.68404175,1,1,0,15.915304,0.67880251,-0.94110129,-1.426538,-1.4421219,-1.5681689,-0.72306213,-1.5948067,-1.8206085,-1.272639,-0.94110129,-0.72306213,7,5,5,7,8,4,6,7,5,5,5,3,5,2,8,3,4,7,6,8,0.2686353,0.6050573
-15.804719,0.90755366,0.68404175,1,1,0,15.847214,0.62265602,-1.0583273,-1.5103416,-1.4411208,-1.5475613,-0.79849148,-1.6445685,-1.7541875,-1.2965833,-1.0583273,-0.79849148,8,3,1,1,6,1,8,5,6,8,8,1,3,2,8,3,5,6,8,7,0.34340033,0.65683411
-15.26188,0.98752208,0.68404175,1,3,0,15.886092,0.81832385,-0.65833442,-1.2227194,-1.459224,-1.6477956,-0.53919205,-1.4821731,-2.0130236,-1.229838,-0.65833442,-0.53919205,6,5,2,3,7,2,5,5,6,7,8,3,4,7,8,4,6,7,8,8,-0.11426721,0.1413716
-15.639228,0.80632802,0.68404175,2,3,0,16.550903,0.88857014,-0.52032611,-1.1223971,-1.4752963,-1.7035438,-0.44847541,-1.4316726,-2.1251664,-1.2185452,-0.52032611,-0.44847541,7,5,2,6,7,4,8,6,7,7,8,1,5,8,8,4,3,7,7,8,-0.52074214,0.33776792
-15.756174,0.96705154,0.68404175,2,3,0,16.176649,0.89936614,-0.49936336,-1.1071107,-1.4781921,-1.7130668,-0.43464052,-1.4242959,-2.1433418,-1.2174956,-0.49936336,-0.43464052,8,3,7,1,7,2,6,8,8,8,8,2,2,5,7,4,5,7,5,8,-0.61057205,0.92986526
-15.582631,0.93247429,0.68404175,2,3,0,16.579609,0.66161265,-0.97677499,-1.4520841,-1.4414437,-1.5611669,-0.74606625,-1.6097771,-1.799611,-1.2795877,-0.97677499,-0.74606625,5,5,3,2,5,4,5,7,5,8,7,1,1,4,7,2,3,8,4,8,0.29512043,0.16685696
-15.652655,0.9779494,0.68404175,1,1,0,15.748358,0.64843925,-1.0042419,-1.4717275,-1.4411445,-1.5562149,-0.76374859,-1.6214082,-1.7839156,-1.2851434,-1.0042419,-0.76374859,3,3,3,6,3,5,7,8,3,7,8,3,6,6,7,4,5,5,8,5,0.31319976,0.33576588
-16.015445,0.63230312,0.68404175,1,3,0,17.486928,0.91777696,-0.46376392,-1.0811222,-1.4833879,-1.7299034,-0.41111237,-1.4119579,-2.1749268,-1.2161533,-0.46376392,-0.41111237,7,5,4,5,8,1,6,7,6,8,6,1,5,5,8,1,5,7,8,8,-0.79236112,0.70252308
-15.858727,1,0.68404175,1,1,0,16.055761,0.90739027,-0.48382475,-1.0957716,-1.4804168,-1.7203121,-0.42437601,-1.4188809,-2.157016,-1.2168404,-0.48382475,-0.42437601,4,3,5,2,8,2,2,5,7,7,7,2,5,4,7,3,6,6,7,8,-0.68478425,0.77468776
-16.141748,0.87382068,0.68404175,1,3,0,17.579377,0.5741118,-1.1613539,-1.5836541,-1.4431414,-1.5350019,-0.86439439,-1.6895828,-1.7017625,-1.3200898,-1.1613539,-0.86439439,6,6,2,2,5,5,2,5,6,6,8,2,2,6,8,6,3,7,7,7,0.38324993,0.15241032
-15.532998,1,0.68404175,2,3,0,16.001361,0.87658145,-0.54368107,-1.1394131,-1.4722123,-1.6932697,-0.4638719,-1.4399858,-2.1052801,-1.2199324,-0.54368107,-0.4638719,6,3,6,2,4,5,6,6,8,4,8,4,7,3,6,4,7,8,7,8,-0.43214002,0.26660991
-15.925356,0.94162489,0.68404175,1,1,0,15.925511,0.91204798,-0.47482151,-1.0891984,-1.4817364,-1.7245833,-0.41842497,-1.4157644,-2.1650183,-1.2165096,-0.47482151,-0.41842497,7,3,3,4,8,5,3,8,8,8,8,2,5,4,8,2,5,7,7,7,-0.73126704,0.19785148
-15.231302,0.95430942,0.68404175,2,3,0,16.499996,0.78845535,-0.71787991,-1.2658345,-1.4538725,-1.6273055,-0.57813608,-1.5049304,-1.9684897,-1.2368396,-0.71787991,-0.57813608,3,6,4,4,6,2,3,5,4,6,7,1,2,4,7,2,4,7,8,7,0.00076077765,0.16783805
-15.520182,0.92661239,0.68404175,1,3,0,15.614977,0.87494433,-0.54687659,-1.1417401,-1.471802,-1.6918912,-0.4659771,-1.4411309,-2.1025887,-1.2201397,-0.54687659,-0.4659771,6,4,1,4,3,1,7,6,8,8,8,1,2,3,8,1,4,7,7,6,-0.4208318,0.37133441
-15.452726,1,0.68404175,1,1,0,15.536426,0.8654078,-0.56552111,-1.1553112,-1.4694633,-1.6839775,-0.47825328,-1.4478482,-2.0870252,-1.221431,-0.56552111,-0.47825328,8,4,1,3,6,5,5,7,5,7,6,3,3,7,4,3,7,7,8,8,-0.35830077,0.23875344
-15.292704,0.95611128,0.68404175,2,3,0,15.842496,0.73760002,-0.82048873,-1.3398876,-1.4468536,-1.5967549,-0.64496429,-1.5453926,-1.8968846,-1.2515464,-0.82048873,-0.64496429,8,3,1,4,7,3,2,6,7,8,8,2,2,5,6,3,2,2,8,6,0.14952059,0.42120291
-15.654984,0.79687341,0.68404175,2,3,0,16.318021,0.64801753,-1.005123,-1.4723573,-1.4411381,-1.5560623,-0.76431542,-1.6217828,-1.7834189,-1.2853245,-1.005123,-0.76431542,8,3,2,3,8,2,2,8,8,8,7,2,3,5,8,3,8,5,8,6,0.31374803,0.72574688
-16.386807,0.79593696,0.68404175,1,1,0,16.433493,0.54347006,-1.2272084,-1.6303474,-1.4458469,-1.5295916,-0.90632727,-1.7189347,-1.6710504,-1.3362014,-1.2272084,-0.90632727,7,4,3,5,8,1,5,8,5,6,6,4,1,5,7,1,6,6,8,4,0.39787781,0.8520634
-16.229556,1,0.68404175,1,1,0,16.619709,0.56277632,-1.1856407,-1.6008896,-1.444011,-1.5327729,-0.87987649,-1.7003569,-1.6901865,-1.3259375,-1.1856407,-0.87987649,7,2,2,6,8,2,4,6,8,7,5,4,1,2,8,5,3,5,7,8,0.38957608,0.87526279
-15.689829,1,0.68404175,2,3,0,16.132138,0.64181982,-1.018086,-1.4816198,-1.4410671,-1.553862,-0.77265122,-1.6273044,-1.7761584,-1.2880095,-1.018086,-0.77265122,7,2,8,8,5,6,2,4,7,7,7,2,3,3,8,2,4,4,6,7,0.32159268,0.87228152
-16.356608,0.51820733,0.68404175,2,7,0,18.358483,0.93511989,-0.43039973,-1.0567326,-1.4885773,-1.7464571,-0.38902344,-1.4006176,-2.205367,-1.2154209,-0.43039973,-0.38902344,8,4,4,2,8,1,2,6,8,8,7,2,3,6,8,1,5,5,7,6,-1.0105352,0.89971868
-17.553106,0.9296798,0.68404175,2,3,0,18.001648,0.96843328,-0.36676917,-1.0101301,-1.4993406,-1.7801687,-0.34679462,-1.3796149,-2.2657396,-1.2155297,-0.36676917,-0.34679462,8,4,4,3,6,1,6,8,8,7,8,5,6,5,8,3,5,6,8,8,-1.695968,0.82684161
-15.451416,0.93304254,0.68404175,1,3,0,19.58696,0.6897788,-0.91842093,-1.4102769,-1.4427237,-1.5729601,-0.70841415,-1.5853709,-1.834323,-1.2683834,-0.91842093,-0.70841415,8,5,1,3,7,3,1,6,7,7,6,3,2,4,6,2,6,8,6,7,0.24990548,0.19911577
-15.451416,0.35475486,0.68404175,1,3,0,18.782807,0.6897788,-0.91842093,-1.4102769,-1.4427237,-1.5729601,-0.70841415,-1.5853709,-1.834323,-1.2683834,-0.91842093,-0.70841415,7,2,1,3,5,5,4,7,7,6,8,4,4,2,7,5,4,8,8,6,0.24990548,0.62797148
-15.371173,1,0.68404175,1,1,0,15.455321,0.71077178,-0.8752545,-1.3792857,-1.4442368,-1.5828199,-0.68048696,-1.5675932,-1.8612223,-1.260646,-0.8752545,-0.68048696,6,4,2,6,4,6,5,6,8,8,7,2,1,4,7,6,5,8,7,8,0.20981638,0.20991083
-15.933428,0.74965531,0.68404175,1,3,0,16.776594,0.91258646,-0.47378141,-1.0884389,-1.4818903,-1.7250802,-0.41773731,-1.4154053,-2.1659465,-1.2164738,-0.47378141,-0.41773731,7,5,1,3,8,5,6,6,8,8,7,1,4,6,8,3,2,7,8,8,-0.73681808,0.20591251
-15.334356,0.99613399,0.68404175,2,3,0,15.982636,0.84259223,-0.61033673,-1.1878909,-1.4642287,-1.6658474,-0.50771398,-1.4642418,-2.05058,-1.2250907,-0.61033673,-0.50771398,2,3,1,3,7,1,5,4,4,6,8,3,1,4,6,3,8,7,8,8,-0.22842827,0.1338361
-15.618388,0.95821845,0.68404175,1,3,0,15.621513,0.88641082,-0.52452669,-1.1254587,-1.4747306,-1.70167,-0.45124593,-1.4331605,-2.1215616,-1.218778,-0.52452669,-0.45124593,3,3,2,4,6,2,4,8,8,8,7,1,5,3,8,4,6,5,7,8,-0.5039823,0.6292912
-16.339359,0.85634671,0.68404175,1,3,0,17.412671,0.5491723,-1.2149043,-1.6216333,-1.4452578,-1.5304504,-0.89850404,-1.7134178,-1.6766263,-1.3331303,-1.2149043,-0.89850404,6,1,1,2,8,3,4,8,4,7,6,2,3,4,5,3,4,6,5,7,0.39574637,0.37995009
-16.194351,0.7182226,0.68404175,2,3,0,18.427382,0.56726904,-1.1760043,-1.5940531,-1.4436481,-1.5336244,-0.87373605,-1.6960749,-1.6947444,-1.3236038,-1.1760043,-0.87373605,7,1,1,3,7,3,4,5,5,6,5,2,3,5,8,3,7,6,7,7,0.3871988,0.45273559
-15.517033,1,0.68404175,1,1,0,16.001456,0.67500046,-0.94897533,-1.4321799,-1.441944,-1.5665675,-0.72814343,-1.5980976,-1.8159138,-1.2741463,-0.94897533,-0.72814343,8,5,2,5,7,1,4,8,7,8,6,3,3,3,8,3,5,6,8,6,0.27478605,0.39762264
-15.47806,1,0.68404175,2,3,0,15.572352,0.68357781,-0.93122467,-1.4194587,-1.4423676,-1.5702226,-0.71668553,-1.5906898,-1.8265456,-1.27077,-0.93122467,-0.71668553,6,8,6,8,7,2,4,8,3,7,6,4,3,3,6,4,3,4,7,8,0.26066676,0.46093791
-15.241708,1,0.68404175,1,3,0,15.419076,0.76703974,-0.76089935,-1.2969193,-1.4505921,-1.6137776,-0.60619752,-1.5217084,-1.9376928,-1.242616,-0.76089935,-0.60619752,6,1,1,4,7,2,4,7,4,7,8,3,4,4,8,5,3,6,6,8,0.069655401,0.334758
-15.397756,0.94953471,0.68404175,1,3,0,15.504231,0.856113,-0.58374263,-1.1685647,-1.4672693,-1.6764553,-0.49023975,-1.454472,-2.0720439,-1.2228259,-0.58374263,-0.49023975,5,2,1,4,5,6,2,2,4,6,7,1,1,5,7,4,4,6,8,8,-0.30232045,0.17481953
-15.672766,0.91942984,0.68404175,1,3,0,16.117531,0.64482924,-1.0117885,-1.4771206,-1.4410962,-1.5549205,-0.76860232,-1.6246195,-1.7796744,-1.2867003,-1.0117885,-0.76860232,7,1,5,2,3,4,4,6,7,7,5,4,3,3,7,2,6,6,8,8,0.31783314,0.44302536
-15.604729,1,0.68404175,1,1,0,15.754095,0.65734542,-0.98566002,-1.4584409,-1.4413257,-1.5595235,-0.75178898,-1.6135297,-1.7944893,-1.2813656,-0.98566002,-0.75178898,4,5,5,3,6,7,5,4,7,8,8,3,3,4,8,4,3,8,7,7,0.30118144,0.20587036
-15.231361,1,0.68404175,1,3,0,15.550673,0.78447131,-0.72586227,-1.2716065,-1.4532268,-1.6247155,-0.58334766,-1.5080227,-1.9626891,-1.2378672,-0.72586227,-0.58334766,7,6,6,3,7,2,6,7,7,8,6,1,4,5,8,5,4,7,7,7,0.014352934,0.56720496
-15.611372,0.91099724,0.68404175,1,3,0,15.660796,0.65608351,-0.98828975,-1.4603218,-1.4412947,-1.5590447,-0.75348224,-1.6146422,-1.7929816,-1.2818954,-0.98828975,-0.75348224,8,5,2,5,7,1,4,6,8,6,8,3,6,4,8,4,3,5,8,8,0.30293586,0.83732722
-15.560271,1,0.68404175,1,1,0,15.686741,0.66604712,-0.96755413,-1.4454847,-1.4415876,-1.5629146,-0.74012436,-1.6058927,-1.8049717,-1.2777623,-0.96755413,-0.74012436,5,3,1,4,6,6,4,6,3,8,8,3,1,6,7,3,5,4,8,3,0.28860924,0.28346301
-15.265892,1,0.68404175,1,3,0,15.473871,0.75029548,-0.7947271,-1.3213244,-1.4483554,-1.603873,-0.62821941,-1.5350917,-1.9142666,-1.2475574,-0.7947271,-0.62821941,8,2,6,7,6,2,4,7,8,8,8,3,2,4,8,4,6,7,8,6,0.11699432,0.7556876
-15.296042,0.99127365,0.68404175,1,1,0,15.301151,0.73621702,-0.82330108,-1.341913,-1.4467001,-1.5959999,-0.64679094,-1.5465228,-1.8950107,-1.2519934,-0.82330108,-0.64679094,4,2,2,3,4,4,3,5,7,8,6,3,6,6,8,2,7,7,8,6,0.15290058,0.063412577
-15.530979,0.9710933,0.68404175,2,3,0,15.532016,0.67205368,-0.95508445,-1.436556,-1.441817,-1.5653469,-0.73208432,-1.6006562,-1.8122949,-1.2753261,-0.95508445,-0.73208432,8,3,2,4,6,7,3,8,6,7,6,2,1,2,4,6,6,7,7,7,0.27943707,0.49961173
-16.044105,0.84988735,0.68404175,1,1,0,16.07826,0.58726623,-1.1332796,-1.5637084,-1.4423229,-1.537923,-0.84647243,-1.6772042,-1.7155118,-1.3134718,-1.1332796,-0.84647243,7,2,5,1,7,4,3,8,6,8,7,1,1,2,6,4,2,7,5,7,0.37452993,0.76354834
-15.908847,1,0.68404175,1,1,0,16.189372,0.60662941,-1.0921667,-1.5344565,-1.4414862,-1.5428754,-0.82017784,-1.6592271,-1.7363681,-1.3040641,-1.0921667,-0.82017784,8,2,3,5,4,5,6,8,7,6,8,2,3,5,8,6,5,7,6,8,0.35891914,0.52548872
-16.520852,0.83121833,0.68404175,1,1,0,16.641366,0.52787305,-1.2609789,-1.6542408,-1.447661,-1.5275892,-0.92777225,-1.7341519,-1.6561245,-1.3447692,-1.2609789,-0.92777225,6,3,2,2,8,3,7,5,6,8,6,2,4,3,6,5,4,6,7,7,0.40235264,0.37117424
-16.860492,0.91292042,0.68404175,1,1,0,17.183386,0.49119731,-1.341065,-1.7107646,-1.4531184,-1.5248897,-0.97846987,-1.7706662,-1.6229092,-1.3658655,-1.341065,-0.97846987,4,7,4,2,5,2,8,5,6,7,4,3,2,3,7,4,3,4,8,8,0.40515511,0.38819451
-16.669559,1,0.68404175,1,1,0,17.202335,0.51135778,-1.2969238,-1.6796345,-1.4499094,-1.5260238,-0.95055441,-1.7504676,-1.6408403,-1.3541056,-1.2969238,-0.95055441,6,1,4,1,5,2,2,8,8,6,8,3,4,4,8,3,5,6,8,8,0.40494898,0.33590116
-15.238638,1,0.68404175,1,3,0,16.363879,0.77022733,-0.75447876,-1.2922834,-1.4510506,-1.6157299,-0.60201335,-1.5191869,-1.9422172,-1.2417172,-0.75447876,-0.60201335,8,2,6,6,8,3,6,7,8,7,6,1,3,5,7,2,3,8,8,7,0.060025042,0.64935879
-15.875337,0.80731719,0.68404175,1,3,0,16.253851,0.90858843,-0.48150759,-1.0940801,-1.4807543,-1.7214062,-0.42284465,-1.4180773,-2.1590699,-1.2167518,-0.48150759,-0.42284465,8,1,4,4,8,2,4,4,7,7,7,1,3,7,8,3,6,3,8,8,-0.69648683,0.60647804
-15.238512,0.96464655,0.68404175,1,3,0,16.054884,0.77037039,-0.75419075,-1.2920754,-1.4510715,-1.615818,-0.60182563,-1.519074,-1.9424207,-1.2416772,-0.75419075,-0.60182563,8,1,4,1,8,5,5,7,8,7,8,2,3,4,8,4,3,8,6,8,0.059587961,0.8648621
-16.025835,0.82775045,0.68404175,1,3,0,16.084351,0.58979906,-1.1278874,-1.5598748,-1.4421886,-1.5385267,-0.84302709,-1.6748362,-1.7181981,-1.3122185,-1.1278874,-0.84302709,5,4,3,7,8,7,2,5,8,8,5,1,3,3,8,2,4,5,7,7,0.37267795,0.23254496
-16.612379,0.84073455,0.68404175,1,1,0,16.766246,0.51761736,-1.2832774,-1.6699985,-1.4490172,-1.5265498,-0.9419105,-1.7442592,-1.6465702,-1.3505352,-1.2832774,-0.9419105,8,4,3,1,6,5,4,6,4,4,7,2,3,5,6,3,4,8,6,8,0.40422285,0.16037445
-15.51612,0.90329459,0.68404175,1,3,0,17.45327,0.87441508,-0.54790995,-1.1424925,-1.4716699,-1.6914468,-0.46665781,-1.4415016,-2.1017198,-1.2202076,-0.54790995,-0.46665781,6,2,3,4,8,3,4,6,7,7,8,4,4,4,8,4,5,6,7,6,-0.41721371,0.78074342
-15.456603,1,0.68404175,1,1,0,15.53627,0.8660044,-0.56435321,-1.1544614,-1.469607,-1.6844668,-0.47748464,-1.4474256,-2.0879931,-1.221346,-0.56435321,-0.47748464,7,3,2,5,7,4,1,4,6,7,7,6,2,7,7,1,6,8,6,8,-0.36205413,0.34173944
-15.256578,0.98059969,0.68404175,1,3,0,15.56916,0.75574484,-0.78369935,-1.3133721,-1.4490515,-1.6070318,-0.62104459,-1.5307108,-1.9218279,-1.2459089,-0.78369935,-0.62104459,2,8,2,4,6,6,6,8,8,6,7,2,4,5,8,5,5,7,5,7,0.10216614,0.45189243
-15.232653,1,0.68404175,1,3,0,15.251167,0.77954846,-0.73573869,-1.2787454,-1.4524513,-1.6215616,-0.58979287,-1.5118621,-1.9555667,-1.2391669,-0.73573869,-0.58979287,8,3,3,3,5,5,4,2,5,8,5,2,3,1,5,2,5,8,8,8,0.030641666,0.38315236
-15.32507,0.98536155,0.68404175,2,3,0,15.334982,0.84022132,-0.6150109,-1.1912855,-1.4637141,-1.664028,-0.5107828,-1.4659713,-2.0468562,-1.2255162,-0.6150109,-0.5107828,6,3,2,3,7,3,1,4,5,7,6,2,5,8,8,3,6,8,8,8,-0.21629613,0.13867645
-15.239357,0.9601019,0.68404175,2,3,0,15.616396,0.76943111,-0.75608196,-1.2934411,-1.4509351,-1.6152402,-0.60305826,-1.519816,-1.9410851,-1.2419404,-0.75608196,-0.60305826,7,5,3,5,5,7,4,7,6,8,8,6,1,2,8,4,8,7,8,6,0.062450012,0.56414995
-15.247026,0.99929342,0.68404175,2,3,0,15.248033,0.76243794,-0.7701793,-1.3036177,-1.4499485,-1.6109968,-0.61224262,-1.5253634,-1.9311977,-1.2439373,-0.7701793,-0.61224262,7,3,4,5,5,2,4,6,8,7,6,3,5,3,8,1,6,7,8,8,0.083198933,0.58262622
-16.099898,0.7399098,0.68404175,2,3,0,16.699601,0.92264455,-0.45438308,-1.0742679,-1.4848156,-1.7344812,-0.40490546,-1.4087473,-2.1834027,-1.2158949,-0.45438308,-0.40490546,6,6,2,6,5,4,6,7,8,5,8,1,4,3,5,5,5,6,5,8,-0.84809597,0.13297031
-16.010165,1,0.68404175,1,1,0,16.185637,0.91745733,-0.46438036,-1.0815725,-1.483295,-1.7296046,-0.41152014,-1.4121695,-2.1743721,-1.2161717,-0.46438036,-0.41152014,7,1,2,4,7,4,6,6,7,8,7,5,3,5,8,1,5,8,8,7,-0.78882968,0.40340537
-15.844727,1,0.68404175,2,3,0,16.045477,0.90636005,-0.48581777,-1.0972264,-1.4801278,-1.7193738,-0.425693,-1.4195729,-2.1552524,-1.2169185,-0.48581777,-0.425693,5,3,3,2,7,5,4,5,7,6,8,1,4,5,8,5,8,7,8,6,-0.67485734,0.43387666
-15.859868,0.99801842,0.68404175,1,1,0,15.961531,0.90747344,-0.48366389,-1.0956542,-1.4804402,-1.7203879,-0.4242697,-1.4188251,-2.1571584,-1.2168341,-0.48366389,-0.4242697,5,2,3,7,7,2,2,8,8,8,8,1,4,3,8,1,8,7,6,8,-0.68559101,0.79519426
-15.677213,1,0.68404175,1,1,0,15.86761,0.8923064,-0.51306401,-1.1171029,-1.4762858,-1.7068104,-0.44368426,-1.4291079,-2.1314278,-1.2181603,-0.51306401,-0.44368426,8,2,3,4,8,1,3,8,8,8,7,1,5,6,8,1,7,8,7,8,-0.55065133,0.70256827
-15.247194,1,0.68404175,2,3,0,15.579508,0.76230603,-0.77044549,-1.3038098,-1.4499304,-1.6109178,-0.61241598,-1.5254685,-1.9310121,-1.2439756,-0.77044549,-0.61241598,8,7,3,2,6,3,6,8,5,6,8,3,1,6,8,6,3,7,6,5,0.083581001,0.38522091
-15.837838,0.77967478,0.68404175,2,3,0,16.434233,0.61743677,-1.0693288,-1.5181853,-1.4412075,-1.5459769,-0.80554624,-1.6493202,-1.7483289,-1.2989888,-1.0693288,-0.80554624,7,6,7,5,8,2,3,7,8,8,7,4,1,8,7,3,5,3,7,5,0.34871952,0.87920452
-18.670342,0.57082739,0.68404175,3,7,0,18.727892,0.3374909,-1.6875289,-1.9530108,-1.4955201,-1.5449461,-1.195197,-1.9347623,-1.512807,-1.467969,-1.6875289,-1.195197,8,2,2,6,8,4,6,5,3,8,6,5,3,3,8,1,4,8,8,5,0.29382175,0.78646862
-18.738007,0.99362601,0.68404175,1,1,0,19.513597,0.33268062,-1.6986668,-1.9607361,-1.497394,-1.5464149,-1.2020936,-1.9401846,-1.5101346,-1.4715041,-1.6986668,-1.2020936,7,2,1,2,5,5,5,4,6,6,7,2,1,2,5,4,2,2,6,6,0.2867006,0.30089817
-16.109118,1,0.68404175,2,3,0,18.086783,0.57843934,-1.1521051,-1.5770858,-1.4428496,-1.5359233,-0.85849317,-1.6854958,-1.7062483,-1.3178925,-1.1521051,-0.85849317,8,3,2,4,7,6,3,4,8,8,7,1,1,5,6,2,7,8,8,8,0.38054628,0.66364999
-15.252236,1,0.68404175,1,3,0,16.126441,0.81307892,-0.66875272,-1.2302705,-1.4582194,-1.64406,-0.54601443,-1.4861146,-2.0050692,-1.2309764,-0.66875272,-0.54601443,6,5,2,3,8,3,5,6,6,8,7,3,1,6,8,2,7,7,7,5,-0.092236433,0.59860654
-15.272072,0.99021955,0.68404175,1,3,0,15.325377,0.74705202,-0.80129938,-1.3260621,-1.4479558,-1.6020224,-0.63249348,-1.5377108,-1.9097948,-1.2485568,-0.80129938,-0.63249348,6,2,4,3,6,5,5,5,7,7,8,2,4,7,5,3,7,4,8,8,0.1255676,0.40207616
-16.208761,0.80064975,0.68404175,1,3,0,16.235862,0.56542187,-1.1799646,-1.5968631,-1.4437944,-1.5332692,-0.87626,-1.6978335,-1.6928656,-1.3245608,-1.1799646,-0.87626,7,2,5,3,6,3,4,1,6,7,8,6,6,5,7,6,3,6,8,7,0.38819678,0.49907138
-16.017377,1,0.68404175,1,1,0,16.361234,0.59097971,-1.1253754,-1.5580886,-1.4421286,-1.5388126,-0.84142169,-1.673734,-1.7194546,-1.3116366,-1.1253754,-0.84142169,5,4,2,5,6,7,3,5,7,8,8,5,3,8,8,2,3,7,8,8,0.37179536,0.31752862
-15.419614,1,0.68404175,1,1,0,15.835936,0.6976199,-0.90226543,-1.3986846,-1.4432335,-1.5765358,-0.69796953,-1.5786893,-1.8442672,-1.2654311,-0.90226543,-0.69796953,7,2,6,8,6,6,8,7,6,8,6,5,2,6,5,3,5,7,8,7,0.23560814,0.65839561
-15.382806,0.93241932,0.68404175,1,3,0,15.772801,0.85325657,-0.58935226,-1.172643,-1.466612,-1.6741812,-0.49392765,-1.4565228,-2.067477,-1.2232812,-0.58935226,-0.49392765,6,4,1,1,8,2,6,7,8,7,8,5,7,6,7,3,6,7,6,8,-0.28600509,0.90193025
-15.233531,0.94838595,0.68404175,2,3,0,15.785622,0.77759249,-0.73966684,-1.281584,-1.45215,-1.6203227,-0.59235542,-1.5133931,-1.9527507,-1.2396923,-0.73966684,-0.59235542,8,4,2,3,8,3,4,5,5,7,8,3,1,6,8,3,4,5,8,8,0.036962839,0.39238069
-15.376431,0.95913305,0.68404175,1,3,0,15.442148,0.8519853,-0.59185034,-1.1744588,-1.466322,-1.6731749,-0.4955696,-1.4574378,-2.0654501,-1.2234879,-0.59185034,-0.4955696,7,2,4,4,8,2,5,8,8,8,8,5,2,3,8,2,4,7,8,6,-0.27887024,0.90769328
-15.341223,1,0.68404175,1,1,0,15.385273,0.84426522,-0.60704044,-1.1854965,-1.4645952,-1.6671386,-0.50554936,-1.4630243,-2.0532148,-1.2247955,-0.60704044,-0.50554936,6,3,7,4,3,2,5,6,7,6,8,2,3,7,8,4,7,7,7,8,-0.23712995,0.44236802
-15.270114,1,0.68404175,2,3,0,15.325799,0.82212216,-0.65079964,-1.2172564,-1.4599687,-1.6505375,-0.53425565,-1.4793333,-2.01882,-1.2290382,-0.65079964,-0.53425565,7,3,2,5,4,3,5,4,7,6,8,3,2,8,8,2,6,7,7,8,-0.13076505,0.32221266
-15.246468,0.93084536,0.68404175,2,3,0,15.743838,0.8092895,-0.67628987,-1.2357313,-1.4575107,-1.6413977,-0.55094784,-1.4889769,-1.9993579,-1.2318233,-0.67628987,-0.55094784,7,3,2,2,8,7,6,8,8,8,5,1,2,6,8,3,7,8,8,8,-0.076837828,0.80368142
-15.240422,1,0.68404175,2,3,0,15.246148,0.80437122,-0.68608489,-1.2428255,-1.4566124,-1.6379878,-0.55735627,-1.49271,-1.9919898,-1.2329528,-0.68608489,-0.55735627,8,1,3,1,7,3,4,7,5,7,4,2,1,5,7,4,5,6,8,8,-0.057471338,0.6020357
-15.402884,0.95655106,0.68404175,1,3,0,15.470821,0.70197469,-0.8933097,-1.3922551,-1.4435452,-1.5785768,-0.69217577,-1.5749997,-1.849843,-1.2638234,-0.8933097,-0.69217577,5,2,4,1,6,3,4,3,6,8,6,4,3,3,6,4,4,6,8,7,0.22732468,0.45959754
-15.283848,1,0.68404175,2,3,0,15.370121,0.74144451,-0.81267709,-1.3342608,-1.4472906,-1.5988749,-0.63988916,-1.5422593,-1.9021138,-1.2503166,-0.81267709,-0.63988916,8,6,3,3,8,4,4,7,7,5,7,3,4,4,8,1,3,8,7,7,0.13995957,0.54417283
-15.480373,0.9424435,0.68404175,1,1,0,15.480985,0.68305332,-0.93230875,-1.4202359,-1.4423394,-1.5699948,-0.7173856,-1.5911411,-1.8258913,-1.270974,-0.93230875,-0.7173856,7,7,2,6,8,4,3,5,8,8,8,2,5,7,7,3,1,3,8,8,0.26155539,0.86116503
-16.180233,0.91292716,0.68404175,2,3,0,16.193591,0.56908987,-1.1721028,-1.5912844,-1.4435078,-1.5339815,-0.871249,-1.6943438,-1.6966029,-1.322664,-1.1721028,-0.871249,3,2,3,5,7,1,6,7,7,7,5,2,2,6,6,5,4,6,6,7,0.38618683,0.66959742
-15.238991,0.97296634,0.68404175,2,3,0,16.369409,0.80297141,-0.68887529,-1.244846,-1.4563612,-1.6370267,-0.55918131,-1.4937762,-1.9899019,-1.2332805,-0.68887529,-0.55918131,6,3,4,3,4,1,6,5,6,6,5,4,1,4,4,3,5,8,4,8,-0.052083133,0.32917463
-15.252265,0.99676228,0.68404175,1,1,0,15.252491,0.81309611,-0.66871855,-1.2302457,-1.4582227,-1.6440722,-0.54599206,-1.4861017,-2.0050952,-1.2309726,-0.66871855,-0.54599206,7,1,1,5,5,3,4,6,8,8,8,1,3,2,8,2,6,8,8,7,-0.092307248,0.18865128
-15.430415,0.96670674,0.68404175,1,3,0,15.442231,0.86183593,-0.57251759,-1.1604012,-1.4686102,-1.6810646,-0.48285701,-1.4503847,-2.0812462,-1.2219512,-0.57251759,-0.48285701,6,2,3,4,8,3,7,6,7,8,6,4,3,8,8,2,5,5,7,8,-0.3362443,0.6774104
-15.261315,0.94875546,0.68404175,2,3,0,15.951808,0.75287448,-0.78950577,-1.3175596,-1.448681,-1.6053602,-0.62482284,-1.5330153,-1.9178376,-1.2467724,-0.78950577,-0.62482284,5,6,1,5,8,2,2,4,8,7,7,2,4,6,8,1,3,6,8,6,0.11004381,0.092692882
-15.971346,0.87557294,0.68404175,2,3,0,15.97687,0.91504779,-0.46902927,-1.0849683,-1.4825973,-1.7273599,-0.41459496,-1.4137675,-2.1701975,-1.2163161,-0.46902927,-0.41459496,7,1,1,3,8,3,2,2,6,8,8,3,4,6,8,4,8,7,8,7,-0.76268597,0.52179952
-15.263172,0.97371869,0.68404175,2,3,0,16.354264,0.7518075,-0.79166544,-1.3191169,-1.4485455,-1.6047432,-0.62622786,-1.5338737,-1.9163586,-1.2470961,-0.79166544,-0.62622786,7,3,3,4,6,4,4,6,4,6,6,5,5,5,8,3,5,6,7,7,0.11293387,0.11216269
-15.824688,0.76281559,0.68404175,2,3,0,16.499466,0.61949445,-1.0649893,-1.5150918,-1.4411696,-1.5465949,-0.80276404,-1.6474443,-1.7506323,-1.2980369,-1.0649893,-0.80276404,5,4,3,4,2,6,3,4,5,3,6,3,6,5,8,4,4,7,8,5,0.34665342,0.25014288
-17.999414,0.54392714,0.68404175,1,1,0,18.000067,0.38828999,-1.571027,-1.8719706,-1.4778384,-1.5326058,-1.1227942,-1.8785611,-1.5439307,-1.4318654,-1.571027,-1.1227942,7,2,3,2,6,3,1,6,4,4,6,3,5,3,7,2,5,7,7,8,0.3542597,0.43989844
-17.063803,1,0.68404175,1,1,0,18.116714,0.4708398,-1.3859346,-1.7423471,-1.4568866,-1.5246157,-1.0067761,-1.7913754,-1.6056157,-1.3781381,-1.3859346,-1.0067761,5,2,3,3,5,6,3,5,4,3,7,4,2,5,7,3,3,6,6,3,0.40205804,0.21678582
-15.754417,1,0.68404175,2,3,0,16.699659,0.63082904,-1.0411356,-1.4980771,-1.4410472,-1.5501556,-0.78745895,-1.6371704,-1.7634692,-1.2928768,-1.0411356,-0.78745895,4,4,4,4,6,8,3,7,3,8,7,4,3,5,8,1,1,5,7,8,0.33454364,0.23643538
-15.2804,1,0.68404175,1,3,0,15.61312,0.74302072,-0.809477,-1.3319552,-1.4474743,-1.5997529,-0.63780949,-1.5409782,-1.9042664,-1.2498179,-0.809477,-0.63780949,6,4,2,4,7,1,6,5,6,7,5,3,4,6,8,3,5,8,7,8,0.1359683,0.40833884
-15.33772,0.96509282,0.68404175,2,3,0,15.492847,0.84341975,-0.60870606,-1.1867064,-1.4644096,-1.6664853,-0.50664319,-1.4636393,-2.0518826,-1.2249441,-0.60870606,-0.50664319,8,6,3,4,8,4,3,6,6,6,8,1,4,4,7,3,5,7,8,8,-0.23271768,0.39039689
-15.727142,0.89877196,0.68404175,1,3,0,16.078855,0.63539723,-1.0315457,-1.4912319,-1.4410389,-1.5516658,-0.78130034,-1.6330582,-1.7687144,-1.2908374,-1.0315457,-0.78130034,7,4,4,6,8,5,4,5,6,7,8,2,1,4,7,3,3,5,8,6,0.32930773,0.5981733
-15.949288,0.6518164,0.68404175,1,3,0,17.454461,0.91362951,-0.47176716,-1.0869679,-1.4821892,-1.7260446,-0.41640548,-1.4147106,-2.1677464,-1.2164057,-0.47176716,-0.41640548,7,3,2,5,5,6,3,5,5,8,8,5,2,1,8,5,4,6,8,8,-0.74767989,0.11877545
-15.710829,1,0.68404175,1,1,0,15.943315,0.89541968,-0.50701873,-1.1126946,-1.4771206,-1.7095558,-0.43969456,-1.4269803,-2.1366683,-1.2178571,-0.50701873,-0.43969456,4,2,5,5,7,1,7,5,8,8,7,1,2,7,8,3,7,8,6,8,-0.57650315,0.67258093
-15.366333,0.93771591,0.68404175,2,7,0,16.148261,0.71218825,-0.87235183,-1.3771998,-1.4443559,-1.5835182,-0.67860676,-1.5664064,-1.863069,-1.2601432,-0.87235183,-0.67860676,7,3,2,6,8,2,4,8,7,6,7,4,5,5,6,6,4,7,7,8,0.2068978,0.82067505
-16.20409,0.85119323,0.68404175,2,7,0,16.208412,0.92808583,-0.44391199,-1.066614,-1.4864382,-1.7396616,-0.39797373,-1.4051839,-2.19294,-1.2156546,-0.44391199,-0.39797373,4,2,1,3,7,2,2,7,8,5,6,3,6,4,8,2,6,6,8,8,-0.91515355,0.29049842
-16.085872,1,0.68404175,2,3,0,16.286087,0.92186652,-0.45588164,-1.075363,-1.4845859,-1.7337459,-0.40589719,-1.409259,-2.1820444,-1.2159334,-0.45588164,-0.40589719,7,2,3,6,7,3,4,5,5,7,8,2,2,4,8,2,4,8,8,8,-0.83893195,0.62791486
-15.299994,0.96452564,0.68404175,1,3,0,16.566036,0.73462081,-0.82654843,-1.3442513,-1.4465255,-1.5951334,-0.6488998,-1.547829,-1.8928528,-1.2525123,-0.82654843,-0.6488998,7,3,2,4,5,7,3,7,7,7,7,3,4,6,7,3,5,4,8,6,0.15676309,0.40975163
-15.261397,1,0.68404175,1,1,0,15.292017,0.75282655,-0.78960278,-1.3176296,-1.4486749,-1.6053324,-0.62488596,-1.5330538,-1.9177711,-1.2467869,-0.78960278,-0.62488596,5,4,1,4,7,5,1,7,8,7,6,2,2,3,4,3,8,7,8,7,0.11017408,0.24396358
-15.759965,0.82942671,0.68404175,1,3,0,16.161054,0.89968399,-0.49874718,-1.1066612,-1.4782791,-1.7133511,-0.43423363,-1.4240803,-2.1438808,-1.2174676,-0.49874718,-0.43423363,4,3,3,4,8,2,4,6,6,8,6,1,5,3,8,2,5,6,8,8,-0.61338216,0.44814392
-15.856562,0.98696567,0.68404175,1,1,0,15.921149,0.9072322,-0.4841305,-1.0959948,-1.4803724,-1.7201679,-0.42457806,-1.418987,-2.1567452,-1.2168522,-0.4841305,-0.42457806,5,5,4,7,5,4,3,7,7,7,8,3,2,1,7,1,6,7,8,7,-0.68325311,0.38594066
-16.188671,0.96118578,0.68404175,1,1,0,16.211708,0.92731611,-0.44539223,-1.0676962,-1.486207,-1.7389247,-0.39895386,-1.4056863,-2.1915869,-1.2156854,-0.44539223,-0.39895386,5,4,2,2,3,6,5,4,7,8,8,2,4,8,8,5,2,8,8,8,-0.90533684,0.24841664
-15.702558,1,0.68404175,1,1,0,16.125899,0.89466934,-0.50847522,-1.1137568,-1.4769185,-1.7088922,-0.44065591,-1.4274923,-2.1354034,-1.2179287,-0.50847522,-0.44065591,7,1,2,4,8,1,2,7,6,8,8,3,3,2,7,2,4,8,8,8,-0.57019233,0.47770901
-15.663248,1,0.68404175,1,1,0,15.765209,0.8909612,-0.51567774,-1.1190085,-1.475928,-1.7056308,-0.44540886,-1.4300298,-2.12917,-1.2182963,-0.51567774,-0.44540886,8,6,1,3,7,2,3,5,7,8,8,6,3,7,8,5,7,7,8,8,-0.53974644,0.33781029
-15.663248,0.71098652,0.68404175,1,3,0,18.698259,0.8909612,-0.51567774,-1.1190085,-1.475928,-1.7056308,-0.44540886,-1.4300298,-2.12917,-1.2182963,-0.51567774,-0.44540886,7,4,1,5,6,4,5,6,7,6,8,1,3,4,7,1,6,7,8,8,-0.53974644,0.35987791
-17.28232,0.85541025,0.68404175,1,3,0,17.570222,0.96316856,-0.37678541,-1.0174736,-1.4975705,-1.774672,-0.35345081,-1.382865,-2.2560303,-1.2153757,-0.37678541,-0.35345081,5,2,1,5,6,3,3,4,8,8,8,1,5,8,8,3,2,7,8,8,-1.5471709,0.57756312
-15.320412,0.87087868,0.68404175,1,3,0,17.725939,0.83897993,-0.61745954,-1.1930636,-1.4634468,-1.6630802,-0.51239016,-1.4668787,-2.0449112,-1.2257423,-0.61745954,-0.51239016,7,4,3,5,8,7,3,6,8,6,6,4,2,6,5,4,6,5,7,7,-0.21003527,0.60432543
-15.397805,0.99475637,0.68404175,2,3,0,15.403316,0.85612224,-0.58372449,-1.1685515,-1.4672714,-1.6764626,-0.49022783,-1.4544654,-2.0720587,-1.2228244,-0.58372449,-0.49022783,8,1,4,8,8,3,5,8,8,8,8,1,1,7,8,4,4,8,8,6,-0.30237387,0.4965482
-15.231476,0.80201678,0.68404175,2,3,0,17.059443,0.78974588,-0.71529624,-1.2639659,-1.4540851,-1.6281517,-0.57644878,-1.5039316,-1.9703757,-1.2365114,-0.71529624,-0.57644878,7,1,1,4,5,4,7,5,8,8,7,2,2,5,8,4,2,8,8,5,-0.0037229778,0.85960783
-15.300343,0.98237972,0.68404175,1,3,0,15.316346,0.73448183,-0.82683125,-1.3444549,-1.4465105,-1.5950582,-0.64908345,-1.5479429,-1.8926652,-1.2525577,-0.82683125,-0.64908345,8,1,2,1,8,2,2,2,6,8,6,2,7,7,8,3,7,6,6,7,0.15709745,0.2440798
-15.699842,0.84078182,0.68404175,1,3,0,16.164819,0.89442076,-0.5089578,-1.1141087,-1.4768517,-1.7086726,-0.44097442,-1.427662,-2.1349846,-1.2179527,-0.5089578,-0.44097442,6,4,2,6,8,4,4,3,8,7,7,2,3,5,8,3,5,7,7,6,-0.56811305,0.46685184
-15.566759,0.92776862,0.68404175,1,3,0,16.464223,0.66474763,-0.97025492,-1.4474179,-1.4415432,-1.5623983,-0.74186504,-1.6070294,-1.8033967,-1.2782949,-0.97025492,-0.74186504,8,3,1,3,6,2,5,6,7,8,8,4,1,2,7,3,7,8,8,7,0.29053996,0.338652
-17.022843,0.35144504,0.68404175,1,3,0,19.746893,0.95714242,-0.3882685,-1.0258889,-1.4955761,-1.7684586,-0.36107771,-1.3866171,-2.2449948,-1.2152634,-0.3882685,-0.36107771,6,2,3,4,6,3,6,5,8,7,8,4,5,3,8,1,4,6,7,8,-1.4019163,0.39609998
-17.466916,0.9756759,0.68404175,1,1,0,17.532005,0.96685721,-0.36976613,-1.0123277,-1.498808,-1.7785164,-0.34878656,-1.3805851,-2.2628263,-1.2154781,-0.36976613,-0.34878656,8,4,4,6,8,1,4,8,7,6,8,2,3,6,8,6,2,8,7,8,-1.648875,0.38277035
-18.079038,0.974739,0.68404175,1,1,0,18.122195,0.97640813,-0.35162496,-0.99902173,-1.5020712,-1.7886169,-0.33672442,-1.3747419,-2.2805684,-1.2158637,-0.35162496,-0.33672442,4,5,6,5,7,4,2,6,6,5,8,3,2,7,8,4,6,7,8,8,-1.9789685,0.2718295
-15.272512,1,0.68404175,2,3,0,17.590634,0.8231433,-0.6487754,-1.2157884,-1.4601714,-1.6512799,-0.53292916,-1.4785719,-2.0203835,-1.2288268,-0.6487754,-0.53292916,8,3,2,5,8,5,3,8,7,6,6,3,2,4,7,5,3,8,8,6,-0.13528099,0.33695409
-15.496158,0.8403417,0.68404175,2,3,0,16.364292,0.87173731,-0.55314077,-1.1463008,-1.4710057,-1.6892077,-0.47010294,-1.4433809,-2.097333,-1.220558,-0.55314077,-0.47010294,6,3,4,4,8,1,1,7,7,7,6,2,5,2,5,6,3,7,8,6,-0.39918256,0.25606121
-15.255673,0.9963087,0.68404175,2,3,0,15.528259,0.81507385,-0.66478819,-1.2273974,-1.4585983,-1.6454739,-0.5434187,-1.4846127,-2.0080879,-1.2305387,-0.66478819,-0.5434187,7,4,3,3,8,2,6,4,6,6,5,3,5,2,8,2,3,7,5,6,-0.10051579,0.32861354
-15.380328,0.97489991,0.68404175,2,3,0,15.45891,0.85276645,-0.59031526,-1.173343,-1.4665,-1.6737928,-0.49456064,-1.4568754,-2.0666951,-1.2233606,-0.59031526,-0.49456064,7,5,1,4,6,2,1,5,4,2,4,2,2,6,8,4,5,8,8,8,-0.28324525,0.1244232
-15.380328,0.79832222,0.68404175,1,3,0,16.790051,0.85276645,-0.59031526,-1.173343,-1.4665,-1.6737928,-0.49456064,-1.4568754,-2.0666951,-1.2233606,-0.59031526,-0.49456064,4,1,2,4,7,5,3,7,4,8,7,2,3,5,8,5,1,7,6,8,-0.28324525,0.66964759
-15.303945,0.98312396,0.68404175,1,3,0,15.561037,0.73306568,-0.82971371,-1.3465302,-1.446358,-1.5942943,-0.65095501,-1.5491037,-1.8907554,-1.253021,-0.82971371,-0.65095501,7,2,2,2,7,2,3,5,7,7,8,4,5,4,8,3,7,8,4,6,0.16048684,0.68298372
-15.619614,0.6329241,0.68404175,2,3,0,17.263816,0.88654011,-0.5242751,-1.1252754,-1.4747644,-1.7017819,-0.45108001,-1.4330713,-2.1217772,-1.2187638,-0.5242751,-0.45108001,6,5,4,5,8,5,7,8,5,4,8,1,3,4,7,5,6,8,4,7,-0.50497534,0.74866732
-15.274774,1,0.68404175,2,3,0,15.532125,0.74570572,-0.80402929,-1.3280296,-1.4477931,-1.6012607,-0.63426836,-1.5388005,-1.9079449,-1.2489756,-0.80402929,-0.63426836,6,2,4,3,8,5,4,7,7,8,7,3,1,7,7,4,1,7,6,8,0.12907214,0.64460172
-15.260204,0.97939841,0.68404175,2,3,0,15.389889,0.75352725,-0.78818485,-1.3166071,-1.4487645,-1.6057388,-0.62396341,-1.5324906,-1.9187436,-1.2465751,-0.78818485,-0.62396341,8,2,1,6,8,4,4,5,6,8,6,1,3,2,7,8,4,5,6,6,0.10826552,0.74081854
-16.29088,0.64598042,0.68404175,1,3,0,17.12881,0.93221109,-0.4359842,-1.0608171,-1.4876871,-1.7436334,-0.39272323,-1.4025004,-2.2002146,-1.2155069,-0.4359842,-0.39272323,7,5,2,3,6,3,3,5,7,7,6,2,3,4,8,1,2,7,8,7,-0.96979314,0.070406849
-21.394884,0.9183097,0.68404175,3,7,0,21.53317,0.99579625,-0.31494756,-0.97209169,-1.5089558,-1.8097731,-0.31230443,-1.3631481,-2.3172357,-1.2171938,-0.31494756,-0.31230443,7,5,3,2,8,7,1,6,6,5,8,3,5,6,8,4,5,7,8,7,-3.6842316,0.37532829
-21.610786,0.99958754,0.68404175,2,3,0,21.8294,0.99623199,-0.31412553,-0.97148769,-1.5091146,-1.8102587,-0.31175661,-1.3628917,-2.3180699,-1.2172323,-0.31412553,-0.31175661,8,3,5,2,8,4,2,3,7,7,8,5,7,5,7,3,6,7,8,8,-3.793224,0.59718021
-20.98517,1,0.68404175,3,7,0,21.153145,0.19880338,-2.0163684,-2.1794318,-1.5646057,-1.6090558,-1.3969366,-2.0980849,-1.4555205,-1.5776851,-2.0163684,-1.3969366,7,3,5,6,5,2,4,6,6,7,7,1,2,5,7,3,4,6,4,5,-0.045328393,0.55127234
-20.242952,0.97860357,0.68404175,1,1,0,21.520366,0.23796982,-1.9218432,-2.1147017,-1.5417933,-1.586271,-1.3393462,-2.050491,-1.4674645,-1.5450907,-1.9218432,-1.3393462,6,4,1,5,7,6,2,6,8,5,5,6,4,6,5,4,4,8,6,8,0.084378939,0.60035788
-22.19946,1,0.68404175,1,1,0,22.310731,0.14410311,-2.1506774,-2.2709068,-1.6012513,-1.6473992,-1.4782059,-2.1665053,-1.4447008,-1.6252667,-2.1506774,-1.4782059,7,1,1,5,8,3,6,7,8,8,6,3,2,3,7,3,3,5,6,8,-0.30107208,0.88718059
-21.028117,0.92723237,0.68404175,1,1,0,22.573096,0.19667458,-2.0215449,-2.1829682,-1.5659253,-1.610404,-1.4000811,-2.1007051,-1.4549702,-1.5794922,-2.0215449,-1.4000811,7,2,5,4,8,8,2,7,7,7,5,2,2,5,4,4,2,5,8,6,-0.053440711,0.780383
-23.597194,1,0.68404175,1,1,0,23.600525,0.094521741,-2.2748155,-2.3549293,-1.6396785,-1.6890527,-1.5527325,-2.2305019,-1.4410668,-1.670434,-2.2748155,-1.5527325,7,4,3,3,8,3,4,7,6,8,5,5,1,3,7,6,2,4,4,8,-0.66645795,0.49320027
-16.992837,0.401952,0.68404175,2,5,0,23.827105,0.47782606,-1.3705025,-1.7314918,-1.455533,-1.5246108,-0.99704859,-1.784233,-1.6114582,-1.3738818,-1.3705025,-0.99704859,7,1,1,3,6,3,3,7,7,8,8,4,2,5,8,6,3,6,5,6,0.40349644,0.053919854
-16.572364,1,0.68404175,1,1,0,17.202231,0.5220642,-1.2735997,-1.6631614,-1.4484131,-1.5269734,-0.93577654,-1.7398668,-1.6506876,-1.3480223,-1.2735997,-0.93577654,4,6,1,1,6,1,6,4,5,8,8,1,2,4,8,5,3,8,6,8,0.40351589,0.22041006
-16.232167,1,0.68404175,2,3,0,16.721066,0.56244575,-1.1863502,-1.6013929,-1.4440387,-1.5327119,-0.88032851,-1.7006726,-1.6898527,-1.32611,-1.1863502,-0.88032851,6,3,2,5,8,5,4,6,8,6,6,1,2,2,6,5,3,4,8,6,0.38974429,0.571516
-15.310885,0.97859104,0.68404175,1,3,0,16.452895,0.83631748,-0.62271421,-1.1968787,-1.4628788,-1.6610587,-0.51583881,-1.4688295,-2.0407507,-1.2262351,-0.62271421,-0.51583881,7,1,2,2,4,4,5,4,5,7,7,2,4,4,8,4,4,7,8,6,-0.1968141,0.27053712
-15.690566,0.94314426,0.68404175,1,3,0,15.710395,0.89356349,-0.51062236,-1.1153225,-1.4766218,-1.7079164,-0.44207299,-1.4282478,-2.1335413,-1.218036,-0.51062236,-0.44207299,7,3,1,4,3,3,3,5,7,7,8,1,4,7,8,3,7,7,7,8,-0.56098507,0.19083957
-15.627331,1,0.68404175,1,1,0,15.737068,0.88734751,-0.52270419,-1.1241305,-1.4749755,-1.7024816,-0.45004396,-1.4325145,-2.1231241,-1.2186761,-0.52270419,-0.45004396,5,2,4,5,8,3,4,3,8,7,7,4,1,5,7,2,5,8,8,8,-0.51120666,0.73204365
-15.532241,0.93421115,0.68404175,1,3,0,16.295575,0.67179006,-0.95563124,-1.4369476,-1.4418061,-1.5652386,-0.73243699,-1.6008854,-1.811972,-1.2754321,-0.95563124,-0.73243699,6,1,3,6,7,3,1,3,5,8,8,1,3,2,8,5,2,5,5,7,0.27984825,0.45806224
-15.522099,1,0.68404175,1,1,0,15.615464,0.67392328,-0.95120784,-1.4337792,-1.4418964,-1.5661192,-0.72958373,-1.5990321,-1.8145889,-1.2745764,-0.95120784,-0.72958373,8,4,5,5,8,3,4,8,7,8,6,4,3,4,6,2,7,6,5,6,0.27649788,0.60835295
-15.260175,1,0.68404175,1,3,0,15.446331,0.75354459,-0.78814978,-1.3165818,-1.4487668,-1.6057489,-0.6239406,-1.5324767,-1.9187677,-1.2465699,-0.78814978,-0.6239406,8,2,4,4,8,2,6,4,8,8,8,1,2,7,4,3,6,7,7,5,0.1082182,0.70588729
-15.288382,0.98201542,0.68404175,2,3,0,15.373476,0.82919352,-0.63679436,-1.2070976,-1.4613934,-1.6557246,-0.52507508,-1.4740793,-2.0296918,-1.227605,-0.63679436,-0.52507508,7,2,7,4,8,4,6,8,8,8,8,2,1,8,8,1,7,7,7,8,-0.16276631,0.77595247
-16.485954,0.75528854,0.68404175,1,3,0,16.905295,0.53186477,-1.2523199,-1.6481177,-1.4471683,-1.5280533,-0.92227736,-1.7302396,-1.659899,-1.3425532,-1.2523199,-0.92227736,7,1,5,5,8,5,3,7,6,8,7,6,4,4,7,3,5,5,6,7,0.40139538,0.77014666
-15.231315,1,0.68404175,1,3,0,16.297323,0.78859069,-0.7176089,-1.2656385,-1.4538947,-1.6273941,-0.57795911,-1.5048256,-1.9686874,-1.2368051,-0.7176089,-0.57795911,6,2,4,2,8,5,6,6,6,7,8,3,6,7,7,3,4,8,8,7,0.00029242432,0.50609096
-15.259031,0.99322416,0.68404175,1,3,0,15.264472,0.81688142,-0.66119799,-1.2247952,-1.458945,-1.6467624,-0.5410676,-1.4832547,-2.0108303,-1.2301471,-0.66119799,-0.5410676,8,2,3,3,7,2,5,7,7,5,7,1,4,8,7,3,5,7,8,8,-0.10812324,0.36910412
-15.42941,0.95141633,0.68404175,1,3,0,15.54672,0.69514777,-0.90735474,-1.4023372,-1.4430656,-1.5753947,-0.70126075,-1.5807905,-1.8411188,-1.2663539,-0.90735474,-0.70126075,6,3,1,4,8,4,4,7,8,6,7,3,2,5,5,2,3,8,8,7,0.24020053,0.46848801
-15.294826,1,0.68404175,2,3,0,15.392911,0.73671667,-0.82228489,-1.3411812,-1.4467553,-1.5962722,-0.64613095,-1.5461143,-1.8956873,-1.2518316,-0.82228489,-0.64613095,5,6,4,2,6,4,2,7,5,7,6,2,2,5,8,4,8,7,5,5,0.15168305,0.21855267
-15.294826,0.59596394,0.68404175,1,3,0,17.111977,0.73671667,-0.82228489,-1.3411812,-1.4467553,-1.5962722,-0.64613095,-1.5461143,-1.8956873,-1.2518316,-0.82228489,-0.64613095,8,2,3,6,7,7,7,6,6,8,7,2,1,5,7,2,4,8,7,8,0.15168305,0.75732625
-15.336774,0.98756665,0.68404175,1,1,0,15.348278,0.72137797,-0.85355037,-1.3636825,-1.4451804,-1.5881497,-0.66642121,-1.5587466,-1.8751479,-1.2569413,-0.85355037,-0.66642121,5,2,1,4,7,7,4,5,4,8,7,5,3,4,8,6,5,7,8,8,0.18726827,0.14095697
-15.336774,0.45353629,0.68404175,1,3,0,18.035508,0.72137797,-0.85355037,-1.3636825,-1.4451804,-1.5881497,-0.66642121,-1.5587466,-1.8751479,-1.2569413,-0.85355037,-0.66642121,6,5,5,4,6,5,6,6,7,8,7,4,2,6,7,4,6,6,5,6,0.18726827,0.48287953
-15.429393,0.97199343,0.68404175,1,1,0,15.446902,0.69515191,-0.90734621,-1.4023311,-1.4430659,-1.5753966,-0.70125524,-1.580787,-1.8411241,-1.2663524,-0.90734621,-0.70125524,7,3,4,5,7,3,3,5,7,8,7,5,3,4,8,2,5,6,5,5,0.2401929,0.51795913
-15.316489,1,0.68404175,1,1,0,15.40533,0.72836599,-0.83928843,-1.3534219,-1.4458672,-1.5917893,-0.65716979,-1.5529678,-1.8844464,-1.2545768,-0.83928843,-0.65716979,8,4,5,3,8,4,4,6,7,7,8,2,3,3,7,1,3,7,6,4,0.17150817,0.24959406
-15.233399,0.99229615,0.68404175,2,3,0,15.36273,0.77785926,-0.73913095,-1.2811968,-1.4521908,-1.6204912,-0.59200586,-1.5131841,-1.9531343,-1.2396204,-0.73913095,-0.59200586,7,4,3,3,8,4,6,7,7,8,6,4,4,4,8,2,4,6,7,7,0.036105657,0.60996491
-15.274828,0.94708026,0.68404175,2,3,0,15.535393,0.8240988,-0.64688184,-1.2144152,-1.4603619,-1.6519767,-0.53168817,-1.4778603,-2.0218484,-1.2286303,-0.64688184,-0.53168817,6,5,5,2,6,2,6,4,7,4,7,3,4,8,8,1,1,3,6,8,-0.13953821,0.35881926
-15.23477,0.9723643,0.68404175,2,3,0,15.48622,0.77537693,-0.74411909,-1.2848007,-1.4518134,-1.6189291,-0.59525923,-1.5151312,-1.9495703,-1.2402938,-0.74411909,-0.59525923,6,6,2,4,5,2,3,6,5,8,7,1,4,2,8,3,6,8,8,8,0.044021932,0.31660049
-16.534183,0.78260212,0.68404175,2,3,0,16.545798,0.94218347,-0.41685785,-1.0468243,-1.4907724,-1.7533938,-0.38004747,-1.396078,-2.217958,-1.2152746,-0.41685785,-0.38004747,5,3,3,4,5,6,8,8,6,5,8,3,5,5,8,3,6,7,8,8,-1.1182763,0.66757352
-16.653191,0.97439238,0.68404175,2,3,0,17.444751,0.94636242,-0.40885894,-1.0409692,-1.4920932,-1.757551,-0.37474271,-1.393414,-2.2254599,-1.2152304,-0.40885894,-0.37474271,5,1,5,4,6,2,3,8,7,6,8,4,6,6,8,3,5,7,8,7,-1.1888756,0.65049408
-15.307061,1,0.68404175,2,3,0,16.494801,0.835197,-0.62492685,-1.1984849,-1.4626418,-1.6602125,-0.51729069,-1.4696523,-2.0390042,-1.2264456,-0.62492685,-0.51729069,7,1,3,5,6,2,7,5,4,8,7,2,2,6,8,3,5,7,5,6,-0.19133263,0.72880256
-15.292883,1,0.68404175,1,1,0,15.314905,0.83073175,-0.63375165,-1.2048898,-1.4617098,-1.6568671,-0.5230797,-1.472942,-2.0320706,-1.2273029,-0.63375165,-0.5230797,8,1,2,6,8,1,7,7,7,6,8,3,4,3,7,4,5,8,5,4,-0.16995939,0.74233004
-15.257028,0.98699774,0.68404175,2,3,0,15.393054,0.75546165,-0.784272,-1.3137851,-1.4490146,-1.6068661,-0.62141726,-1.5309378,-1.9214335,-1.2459937,-0.784272,-0.62141726,7,1,2,2,5,5,3,6,5,7,7,4,2,8,7,5,7,7,8,6,0.10295009,0.33878458
-15.344058,0.9749675,0.68404175,1,1,0,15.344341,0.71901768,-0.85837435,-1.3671517,-1.4449601,-1.5869433,-0.66954886,-1.5607074,-1.8720293,-1.2577537,-0.85837435,-0.66954886,8,3,1,6,8,3,3,7,8,8,7,1,3,4,6,6,7,7,8,8,0.19242661,0.37095445
-15.372088,0.89606167,0.68404175,2,3,0,15.866492,0.71050654,-0.87579817,-1.3796764,-1.4442148,-1.5826896,-0.68083909,-1.5678156,-1.8608769,-1.2607404,-0.87579817,-0.68083909,8,4,3,5,8,3,8,7,7,8,8,4,3,5,8,1,6,5,8,7,0.21035977,0.72060641
-16.163229,0.77971521,0.68404175,1,1,0,16.163256,0.57129816,-1.1673741,-1.5879281,-1.443343,-1.5344237,-0.86823397,-1.6922479,-1.6988656,-1.3215288,-1.1673741,-0.86823397,6,2,1,4,6,4,3,4,4,7,2,2,3,6,8,3,3,5,8,7,0.38492182,0.00451192
-19.475869,0.4542248,0.68404175,2,7,0,20.194456,0.98875939,-0.32823658,-0.98185342,-1.5064168,-1.8019929,-0.32115743,-1.3673143,-2.303826,-1.2166249,-0.32823658,-0.32115743,7,5,3,4,7,5,1,2,7,5,8,1,4,8,6,2,8,7,7,8,-2.7077671,0.30627642
-15.598589,0.97131768,0.68404175,2,7,0,19.034412,0.88428008,-0.52867424,-1.1284812,-1.4741768,-1.699831,-0.4539809,-1.4346327,-2.1180145,-1.2190151,-0.52867424,-0.4539809,8,5,2,5,8,4,4,7,5,8,8,1,4,3,8,2,5,7,7,8,-0.48780443,0.62307264
-15.550658,1,0.68404175,1,1,0,15.639645,0.87876084,-0.53942943,-1.1363166,-1.4727626,-1.6951139,-0.46107041,-1.4384651,-2.1088721,-1.2196631,-0.53942943,-0.46107041,8,5,3,6,8,2,6,7,7,8,8,1,1,5,8,4,5,8,8,5,-0.4474732,0.6461272
-15.332678,0.9460905,0.68404175,2,3,0,16.060093,0.72273689,-0.85077457,-1.361686,-1.4453099,-1.5888495,-0.66462115,-1.5576197,-1.8769484,-1.2564767,-0.85077457,-0.66462115,7,3,1,2,8,2,5,7,7,7,8,5,3,4,7,1,6,5,8,8,0.18426106,0.73966218
-15.782002,0.78656643,0.68404175,1,3,0,16.393407,0.90149704,-0.49523343,-1.1040976,-1.4787769,-1.7149769,-0.43191314,-1.4228522,-2.1469594,-1.2173111,-0.49523343,-0.43191314,3,5,2,2,8,3,5,5,7,8,8,1,4,6,7,2,3,7,8,8,-0.62960769,0.69968683
-17.486511,0.87294277,0.68404175,2,3,0,17.703021,0.96722324,-0.36906998,-1.0118172,-1.4989315,-1.7788996,-0.34832389,-1.3803596,-2.2635024,-1.2154897,-0.36906998,-0.34832389,8,2,5,7,8,3,2,7,8,7,8,3,4,7,8,4,5,8,8,8,-1.6596021,0.59466798
-15.454672,0.94911951,0.68404175,1,3,0,17.838712,0.86570807,-0.56493327,-1.1548834,-1.4695356,-1.6842237,-0.47786641,-1.4476355,-2.0875123,-1.2213882,-0.56493327,-0.47786641,7,4,4,5,8,3,4,6,5,8,8,3,2,4,7,2,6,8,8,6,-0.36018733,0.85001268
-15.667807,0.96436194,0.68404175,1,1,0,15.673555,0.89140387,-0.51481751,-1.1183814,-1.4760456,-1.7060185,-0.44484129,-1.4297263,-2.1299125,-1.2182512,-0.51481751,-0.44484129,8,3,3,5,7,4,4,7,7,6,6,3,1,4,6,1,5,6,7,8,-0.54331774,0.70098157
-15.437372,0.94820504,0.68404175,1,3,0,16.207824,0.693177,-0.91141466,-1.4052505,-1.4429365,-1.5744941,-0.70388565,-1.5824691,-1.8386176,-1.2670949,-0.91141466,-0.70388565,8,2,5,3,8,1,5,8,7,8,7,3,7,4,7,3,7,4,8,7,0.24380533,0.85371915
-15.359099,0.87975954,0.68404175,2,3,0,16.039396,0.71434766,-0.86792914,-1.374021,-1.4445416,-1.5845907,-0.67574142,-1.5646004,-1.8658921,-1.2593815,-0.86792914,-0.67574142,7,1,2,3,7,2,5,4,6,3,8,1,4,6,8,4,3,6,8,8,0.20239416,0.50643666
-15.23122,1,0.68404175,1,3,0,15.345821,0.78643226,-0.72193216,-1.2687649,-1.4535426,-1.6259861,-0.58078201,-1.506499,-1.9655401,-1.2373587,-0.72193216,-0.58078201,7,1,3,2,7,5,8,6,8,8,8,1,5,6,8,4,3,6,4,8,0.0077095598,0.92585461
-15.23122,0.58802781,0.68404175,1,3,0,17.467124,0.78643226,-0.72193216,-1.2687649,-1.4535426,-1.6259861,-0.58078201,-1.506499,-1.9655401,-1.2373587,-0.72193216,-0.58078201,8,1,3,5,6,3,4,8,7,5,7,4,1,4,8,3,5,6,7,8,0.0077095598,0.79624187
-15.392917,0.95841306,0.68404175,1,3,0,15.443427,0.85520658,-0.58552221,-1.1698586,-1.4670598,-1.6757317,-0.4914098,-1.455122,-2.0705928,-1.222969,-0.58552221,-0.4914098,6,2,3,5,6,5,7,5,8,8,8,1,3,6,7,6,5,8,5,8,-0.2971,0.57557067
-15.330693,1,0.68404175,1,1,0,15.389426,0.84167266,-0.61214925,-1.1892073,-1.4640285,-1.6651403,-0.50890407,-1.464912,-2.0491343,-1.2252547,-0.61214925,-0.50890407,8,3,4,3,8,3,8,6,8,7,7,1,2,5,8,4,5,7,8,7,-0.22369524,0.696857
-15.235265,0.99478743,0.68404175,1,3,0,15.356236,0.77460182,-0.7456774,-1.2859265,-1.4516969,-1.618444,-0.59627543,-1.5157403,-1.9484601,-1.2405058,-0.7456774,-0.59627543,8,2,1,7,6,5,3,8,2,8,6,2,2,6,8,5,3,8,8,8,0.046466561,0.24294223
-15.235265,0.80565437,0.68404175,1,3,0,15.950774,0.77460182,-0.7456774,-1.2859265,-1.4516969,-1.618444,-0.59627543,-1.5157403,-1.9484601,-1.2405058,-0.7456774,-0.59627543,7,3,2,6,7,4,5,6,8,8,6,4,4,2,8,3,3,5,8,8,0.046466561,0.59803049
-15.405221,0.94589181,0.68404175,2,3,0,15.558838,0.70135568,-0.89458198,-1.3931686,-1.4434996,-1.5782842,-0.69299901,-1.5755233,-1.8490481,-1.2640505,-0.89458198,-0.69299901,5,4,4,6,6,5,5,4,6,8,6,1,4,5,8,4,5,6,6,8,0.22851735,0.4783975
-15.251876,0.98826484,0.68404175,1,3,0,15.468404,0.8128601,-0.66918772,-1.2305857,-1.4581781,-1.6439055,-0.54629921,-1.4862796,-2.0047386,-1.2310247,-0.66918772,-0.54629921,8,1,1,1,7,7,6,8,8,8,7,1,2,5,8,1,5,7,8,8,-0.091335621,0.66934042
-15.285795,0.98644812,0.68404175,1,3,0,15.34437,0.7405757,-0.81444164,-1.335532,-1.4471905,-1.5983931,-0.64103574,-1.5429664,-1.9009295,-1.2505929,-0.81444164,-0.64103574,8,6,4,2,7,5,3,6,8,8,6,1,5,3,8,4,5,7,3,8,0.14214171,0.5674433
-15.39095,0.96899618,0.68404175,1,1,0,15.394912,0.70519452,-0.88669568,-1.3875052,-1.4437887,-1.5801111,-0.68789519,-1.5722816,-1.85399,-1.2626495,-0.88669568,-0.68789519,8,1,4,2,7,5,4,5,8,7,6,1,4,5,8,1,7,7,8,7,0.22103834,0.25434137
-15.39095,0.76141559,0.68404175,1,3,0,16.483295,0.70519452,-0.88669568,-1.3875052,-1.4437887,-1.5801111,-0.68789519,-1.5722816,-1.85399,-1.2626495,-0.88669568,-0.68789519,7,4,4,6,5,3,7,6,7,5,8,3,2,6,8,5,6,4,6,8,0.22103834,0.48355451
-15.727215,0.96246798,0.68404175,2,3,0,15.740526,0.63538493,-1.0315715,-1.4912503,-1.4410389,-1.5516617,-0.78131691,-1.6330692,-1.7687002,-1.2908429,-1.0315715,-0.78131691,7,1,3,5,8,4,4,8,7,8,7,3,2,7,7,3,3,7,8,8,0.3293221,0.87308762
-15.348638,1,0.68404175,2,3,0,15.612924,0.71756792,-0.86133908,-1.3692834,-1.4448277,-1.5862081,-0.67147066,-1.5619141,-1.8701194,-1.2582562,-0.86133908,-0.67147066,5,3,1,5,7,4,4,8,6,8,8,1,3,6,8,2,7,6,6,7,0.19555461,0.36767019
-15.309579,1,0.68404175,1,1,0,15.352947,0.730913,-0.8340977,-1.3496861,-1.4461303,-1.5931412,-0.65380097,-1.5508714,-1.8878601,-1.2537302,-0.8340977,-0.65380097,7,6,3,4,6,6,5,7,6,6,8,7,3,6,8,4,5,4,6,6,0.1655781,0.72483688
-15.289536,0.9782416,0.68404175,1,3,0,15.443182,0.82959422,-0.63600163,-1.2065224,-1.4614756,-1.6560217,-0.52455524,-1.4737828,-2.030311,-1.227526,-0.63600163,-0.52455524,7,3,4,3,7,2,5,8,4,7,8,1,3,3,8,3,2,6,8,8,-0.16463185,0.31568635
-15.249514,0.97611324,0.68404175,2,3,0,15.463139,0.76054338,-0.77400355,-1.3063773,-1.4496899,-1.609865,-0.61473295,-1.5268733,-1.9285362,-1.2444895,-0.77400355,-0.61473295,6,3,2,3,6,3,8,7,8,8,8,1,1,3,7,4,2,7,8,7,0.088654328,0.7740089
-16.497169,0.78271975,0.68404175,2,3,0,16.501272,0.94079831,-0.41951126,-1.0487661,-1.4903383,-1.7520246,-0.38180671,-1.3969645,-2.21548,-1.2152963,-0.41951126,-0.38180671,8,3,1,5,7,1,6,8,7,7,8,1,6,3,8,1,4,4,8,8,-1.0960723,0.60697199
-15.268764,0.96149007,0.68404175,1,3,0,16.652884,0.82153203,-0.65196973,-1.2181049,-1.4598521,-1.6501095,-0.53502236,-1.4797737,-2.0179175,-1.2291611,-0.65196973,-0.53502236,7,1,3,5,5,6,4,4,5,8,7,1,1,8,6,6,5,7,8,8,-0.128171,0.40886032
-15.526867,0.93022485,0.68404175,1,3,0,15.689472,0.67291644,-0.95329524,-1.4352745,-1.4418532,-1.5657024,-0.73093027,-1.5999064,-1.8133526,-1.2749796,-0.95329524,-0.73093027,8,3,4,3,7,6,4,4,6,6,8,2,2,2,4,3,7,6,6,8,0.27808575,0.41859232
-15.385659,0.92865527,0.68404175,1,3,0,15.913989,0.85381479,-0.58825563,-1.1718458,-1.4667398,-1.6746242,-0.49320678,-1.4561214,-2.0683681,-1.2231913,-0.58825563,-0.49320678,3,4,4,7,8,2,4,8,8,8,8,3,1,4,8,1,6,7,7,8,-0.28916239,0.72570491
-15.510826,0.97688752,0.68404175,1,1,0,15.519023,0.87371766,-0.54927192,-1.1434842,-1.4714962,-1.6908621,-0.46755492,-1.4419904,-2.1005758,-1.2202978,-0.54927192,-0.46755492,3,2,2,6,6,7,4,3,8,8,7,4,3,7,8,2,5,7,7,8,-0.4124736,0.36524203
-15.236083,0.94988121,0.68404175,2,3,0,15.960608,0.77341411,-0.74806591,-1.2876518,-1.4515195,-1.6177031,-0.59783284,-1.5166745,-1.9467612,-1.2408321,-0.74806591,-0.59783284,5,4,1,3,7,4,3,2,7,6,8,6,5,2,8,1,5,7,6,7,0.050187623,0.34203178
-15.432703,0.9546593,0.68404175,1,3,0,15.44484,0.69432838,-0.90904243,-1.4035483,-1.4430114,-1.5750192,-0.70235198,-1.581488,-1.8400779,-1.2666614,-0.90904243,-0.70235198,8,4,1,2,6,5,3,8,6,7,7,2,3,4,6,4,7,6,8,8,0.24170532,0.17535683
-16.120607,0.80461817,0.68404175,1,1,0,16.127107,0.57690818,-1.155376,-1.579409,-1.4429503,-1.5355929,-0.86058055,-1.6869402,-1.7046569,-1.3186677,-1.155376,-0.86058055,4,2,3,4,7,4,5,6,8,8,8,2,2,6,7,2,4,5,8,6,0.38152126,0.49976794
-15.373615,1,0.68404175,1,1,0,15.885828,0.71006526,-0.87670277,-1.3803264,-1.4441782,-1.5824732,-0.68142497,-1.5681857,-1.8603027,-1.2608977,-0.87670277,-0.68142497,3,2,4,6,6,2,4,7,8,6,6,4,4,4,5,3,5,6,8,7,0.21126165,0.58049608
-15.698439,0.54557132,0.68404175,2,3,0,17.860497,0.89429198,-0.50920784,-1.1142911,-1.4768171,-1.7085589,-0.44113944,-1.42775,-2.1347677,-1.2179651,-0.50920784,-0.44113944,8,5,3,6,8,4,3,7,7,6,8,2,1,4,8,2,6,8,7,8,-0.567038,0.66231227
-18.62601,0.87125155,0.68404175,2,3,0,18.77946,0.34067159,-1.6801743,-1.9479075,-1.4943004,-1.5440036,-1.1906407,-1.9311864,-1.5146003,-1.4656424,-1.6801743,-1.1906407,7,4,1,5,6,3,4,2,3,8,4,2,4,3,8,3,4,6,8,6,0.29838961,0.43117463
-15.802652,1,0.68404175,2,3,0,18.421158,0.90314482,-0.49204156,-1.1017686,-1.4792321,-1.7164609,-0.42980487,-1.4217387,-2.1497636,-1.2171737,-0.49204156,-0.42980487,8,1,4,7,7,3,7,6,7,8,8,2,5,2,8,5,6,5,7,6,-0.64465127,0.82002439
-15.294737,0.95023914,0.68404175,1,3,0,16.133605,0.73675358,-0.82220982,-1.3411271,-1.4467594,-1.5962924,-0.64608219,-1.5460841,-1.8957373,-1.2518197,-0.82220982,-0.64608219,4,5,1,2,7,3,2,6,6,7,7,4,3,4,7,7,5,4,8,7,0.15159293,0.12860444
-15.59651,0.8769214,0.68404175,1,3,0,15.966216,0.88405158,-0.52911916,-1.1288054,-1.4741177,-1.6996344,-0.45427425,-1.4347908,-2.1176347,-1.2190409,-0.52911916,-0.45427425,4,2,3,5,5,5,1,5,8,8,7,2,4,6,8,3,6,4,8,8,-0.48609028,0.36433143
-17.286509,0.84021094,0.68404175,1,3,0,17.645236,0.96325737,-0.37661633,-1.0173496,-1.4976001,-1.7747642,-0.35333848,-1.3828099,-2.2561936,-1.2153779,-0.37661633,-0.35333848,8,3,4,4,8,7,2,5,8,7,8,1,6,5,8,3,5,7,8,8,-1.5494928,0.74390654
-15.337578,0.95039202,0.68404175,2,7,0,16.824293,0.72111379,-0.85409013,-1.3640707,-1.4451554,-1.5880141,-0.6667712,-1.5589659,-1.8747983,-1.2570319,-0.85409013,-0.6667712,7,2,2,5,7,5,4,6,4,8,8,2,3,3,6,7,6,5,8,8,0.1878497,0.35734814
-17.900071,0.43737963,0.68404175,2,3,0,19.225856,0.3963379,-1.552755,-1.8592218,-1.4753815,-1.5311761,-1.111395,-1.8698353,-1.5493436,-1.4263545,-1.552755,-1.111395,8,1,4,6,5,5,8,8,7,8,5,1,3,5,8,5,2,4,7,6,0.36153065,0.71794878
-16.813695,1,0.68404175,1,1,0,17.897583,0.49603895,-1.3304377,-1.7032753,-1.4523007,-1.5250839,-0.97175526,-1.7657872,-1.6271425,-1.3630053,-1.3304377,-0.97175526,5,3,2,1,7,5,1,5,6,5,5,7,2,6,5,3,5,5,6,6,0.40540235,0.10414568
-16.93313,0.97022288,0.68404175,1,1,0,17.377499,0.48380148,-1.3573313,-1.7222211,-1.4544255,-1.5246887,-0.98873968,-1.7781534,-1.616532,-1.3702782,-1.3573313,-0.98873968,8,6,5,7,7,4,6,6,7,7,7,2,2,3,7,6,3,5,6,8,0.40441499,0.52925323
-16.895644,1,0.68404175,2,7,0,16.89575,0.95376186,-0.39471883,-1.0306144,-1.4944721,-1.7650094,-0.36536002,-1.3887369,-2.2388403,-1.21523,-0.39471883,-0.36536002,6,7,1,1,8,5,1,5,6,7,8,2,6,7,5,1,4,8,8,7,-1.3295321,0.29719172
-16.287271,1,0.68404175,1,1,0,16.853687,0.93204625,-0.4363008,-1.0610486,-1.4876368,-1.743474,-0.39293295,-1.4026073,-2.1999232,-1.2155122,-0.4363008,-0.39293295,4,2,1,1,8,5,1,8,5,7,8,2,3,3,8,4,5,7,8,5,-0.96754136,0.17983588
-16.455517,0.9845944,0.68404175,1,1,0,16.552832,0.93918705,-0.42259911,-1.0510257,-1.4898355,-1.7504374,-0.38385369,-1.3979981,-2.2126031,-1.2153258,-0.42259911,-0.38385369,7,1,2,2,7,5,7,7,7,7,8,1,4,5,8,3,8,7,8,8,-1.0709336,0.40509727
-15.578243,0.97672612,0.68404175,1,3,0,16.378146,0.88200316,-0.53310914,-1.1317125,-1.4735898,-1.6978769,-0.45690472,-1.4362105,-2.1142349,-1.2192765,-0.53310914,-0.45690472,4,4,5,3,6,3,6,4,4,8,7,4,4,4,8,4,3,8,6,8,-0.4708976,0.42058476
-15.318646,0.97609088,0.68404175,1,3,0,15.86544,0.72758973,-0.84087123,-1.354561,-1.4457883,-1.59138,-0.65819686,-1.5536078,-1.8834087,-1.2548364,-0.84087123,-0.65819686,8,1,2,4,8,4,5,7,7,7,6,1,3,4,8,2,6,6,8,8,0.17329552,0.41187424
-15.609171,0.86516988,0.68404175,2,7,0,16.040621,0.88542884,-0.52643781,-1.1268515,-1.4744748,-1.7008212,-0.45250623,-1.4338385,-2.1199257,-1.2188863,-0.52643781,-0.45250623,8,3,3,3,8,1,6,2,8,8,7,2,3,6,6,4,7,4,8,7,-0.49648291,0.37132065
-15.363674,0.9930497,0.68404175,1,3,0,15.563327,0.84933481,-0.59706162,-1.1782463,-1.4657225,-1.6710879,-0.49899423,-1.4593499,-2.0612352,-1.2239267,-0.59706162,-0.49899423,5,1,3,2,8,1,3,8,8,6,8,2,2,5,5,2,6,5,7,8,-0.26423754,0.85061409
-15.2708,0.99845179,0.68404175,1,3,0,15.343231,0.82241772,-0.65021368,-1.2168315,-1.4600273,-1.6507522,-0.53387168,-1.4791128,-2.0192723,-1.2289769,-0.65021368,-0.53387168,7,2,3,5,3,3,4,7,7,5,7,1,3,4,8,4,4,7,8,8,-0.13206858,0.63865445
-15.95688,0.86553458,0.68404175,1,3,0,16.099753,0.91412183,-0.47081666,-1.0862737,-1.4823306,-1.7265007,-0.41577695,-1.414383,-2.1685967,-1.2163742,-0.47081666,-0.41577695,6,1,1,4,7,7,2,6,1,8,8,5,7,6,8,5,2,8,6,8,-0.75285754,0.43925462
-15.335511,0.99117576,0.68404175,1,3,0,15.900696,0.84287813,-0.6097733,-1.1874816,-1.4642911,-1.6660676,-0.50734401,-1.4640336,-2.0510299,-1.2250399,-0.6097733,-0.50734401,3,4,1,5,5,5,7,4,6,6,8,3,2,5,7,4,3,8,6,8,-0.22990697,0.54525669
-15.303371,1,0.68404175,1,1,0,15.33807,0.83408466,-0.62712412,-1.2000799,-1.4624078,-1.6593751,-0.51873233,-1.4704702,-2.0372731,-1.2266564,-0.62712412,-0.51873233,7,2,4,8,5,3,4,5,8,8,6,4,2,5,8,3,3,6,6,8,-0.18593852,0.4020162
-15.349579,0.99024358,0.68404175,1,1,0,15.356642,0.84621884,-0.60319326,-1.1827016,-1.4650266,-1.6686539,-0.50302253,-1.4616057,-2.0562991,-1.2244561,-0.60319326,-0.50302253,7,4,2,5,5,1,4,7,4,5,4,1,3,6,8,4,6,6,8,8,-0.24744251,0.28570957
-15.236506,0.95441514,0.68404175,2,3,0,15.691873,0.77283949,-0.74922178,-1.2884867,-1.4514342,-1.6173457,-0.59858645,-1.5171269,-1.9459403,-1.2409907,-0.74922178,-0.59858645,4,2,4,4,8,8,6,7,8,7,6,3,4,5,7,2,5,4,7,7,0.051977149,0.81165978
-15.236506,0.84795054,0.68404175,1,3,0,15.879647,0.77283949,-0.74922178,-1.2884867,-1.4514342,-1.6173457,-0.59858645,-1.5171269,-1.9459403,-1.2409907,-0.74922178,-0.59858645,5,4,3,6,7,4,1,5,8,4,8,3,6,8,8,6,4,8,7,7,0.051977149,0.08412876
-15.260319,0.98992176,0.68404175,2,3,0,15.297705,0.75345902,-0.78832291,-1.3167066,-1.4487558,-1.6056992,-0.62405324,-1.5325454,-1.9186489,-1.2465957,-0.78832291,-0.62405324,6,2,6,4,6,3,5,4,6,8,7,2,4,5,7,5,2,8,7,8,0.10845176,0.7142941
-15.726816,0.89725017,0.68404175,1,3,0,15.736489,0.63545246,-1.0314299,-1.4911492,-1.441039,-1.5516843,-0.78122592,-1.6330085,-1.7687781,-1.2908129,-1.0314299,-0.78122592,8,1,4,3,6,2,4,7,8,8,6,2,2,3,7,2,7,4,6,6,0.32924315,0.72699299
-15.669551,1,0.68404175,1,1,0,15.83386,0.64540163,-1.0105914,-1.4762652,-1.4411029,-1.5551239,-0.7678325,-1.6241096,-1.7803451,-1.2864525,-1.0105914,-0.7678325,6,4,5,5,7,2,4,8,8,5,7,2,1,4,8,2,3,8,5,7,0.31710751,0.34714259
-15.25926,1,0.68404175,1,3,0,15.554639,0.75409161,-0.78704305,-1.3157837,-1.4488371,-1.6060669,-0.62322048,-1.5320373,-1.9195276,-1.246405,-0.78704305,-0.62322048,8,5,5,4,6,2,2,8,8,8,8,3,4,3,8,5,3,8,6,8,0.10672185,0.62465988
-16.157452,0.69439354,0.68404175,1,3,0,16.870146,0.92572103,-0.44846078,-1.0699394,-1.4857296,-1.737402,-0.40098542,-1.4067292,-2.1887869,-1.2157527,-0.44846078,-0.40098542,1,5,2,3,3,1,5,3,6,5,6,1,3,7,6,2,6,5,7,8,-0.88535025,0.30085841
-15.420522,0.99533438,0.68404175,2,3,0,16.243089,0.86016962,-0.575784,-1.1627771,-1.4682165,-1.6797152,-0.48500577,-1.4515718,-2.0785596,-1.2222007,-0.575784,-0.48500577,8,6,1,5,7,2,3,1,7,5,8,2,6,4,8,3,4,7,8,7,-0.32619134,0.45169266
-15.418193,1,0.68404175,1,1,0,15.459418,0.85976935,-0.57656885,-1.1633479,-1.4681223,-1.6793919,-0.48552202,-1.4518574,-2.0779152,-1.2222613,-0.57656885,-0.48552202,6,4,2,6,7,3,3,8,7,6,6,1,4,3,7,5,4,6,7,8,-0.32379839,0.7730081
-15.310039,1,0.68404175,1,1,0,15.397487,0.83607233,-0.62319826,-1.1972301,-1.4628268,-1.6608733,-0.51615645,-1.4690095,-2.0403684,-1.226281,-0.62319826,-0.51615645,6,3,5,7,8,4,7,7,8,7,7,3,3,7,8,5,6,5,7,8,-0.19561065,0.70886561
-15.587981,0.9223626,0.68404175,1,3,0,15.848522,0.66056946,-0.97894598,-1.4536376,-1.441413,-1.5607617,-0.74746481,-1.6106932,-1.7983556,-1.2800204,-0.97894598,-0.74746481,6,5,2,3,6,5,1,3,7,4,5,2,2,5,8,3,4,6,5,8,0.29662053,0.22489231
-15.33516,1,0.68404175,1,1,0,15.515872,0.72191054,-0.85246238,-1.3629,-1.4452309,-1.5884235,-0.6657157,-1.5583048,-1.8758531,-1.256759,-0.85246238,-0.6657157,7,2,1,6,5,4,2,8,8,8,8,7,5,5,8,3,3,8,7,8,0.186093,0.75025711
-15.523489,0.94349143,0.68404175,1,1,0,15.533036,0.67362893,-0.95181804,-1.4342163,-1.4418837,-1.5659971,-0.72997737,-1.5992876,-1.8142273,-1.2746941,-0.95181804,-0.72997737,6,1,1,3,7,6,7,4,4,8,8,3,1,7,8,7,4,8,8,8,0.27696331,0.26683147
-15.335424,1,0.68404175,1,1,0,15.47502,0.72182315,-0.8526409,-1.3630284,-1.4452226,-1.5883785,-0.66583146,-1.5583773,-1.8757373,-1.2567889,-0.8526409,-0.66583146,8,2,5,7,8,4,4,4,8,6,8,2,3,4,8,1,6,6,8,4,0.18628614,0.53336866
-15.358037,0.94893207,0.68404175,1,3,0,15.608743,0.84811397,-0.59946334,-1.1799915,-1.4654487,-1.6701318,-0.50057224,-1.4602327,-2.0592987,-1.2241324,-0.59946334,-0.50057224,8,2,2,4,4,3,3,5,6,7,8,1,4,8,8,3,6,7,6,8,-0.25760562,0.56979008
-16.589229,0.79532825,0.68404175,1,3,0,16.879014,0.94416655,-0.41306086,-1.0440452,-1.4913971,-1.7553616,-0.37752963,-1.3948118,-2.221513,-1.2152497,-0.41306086,-0.37752963,8,1,6,5,7,3,4,6,8,8,8,2,4,4,8,3,4,6,8,8,-1.1510754,0.86283991
-16.603774,0.99884215,0.68404175,1,1,0,16.781527,0.94467584,-0.41208608,-1.0433316,-1.4915582,-1.7558684,-0.37688316,-1.3944872,-2.2224275,-1.2152444,-0.41208608,-0.37688316,8,1,3,8,8,1,7,4,8,8,7,1,4,3,8,2,7,7,8,8,-1.1596995,0.94554003
-15.435123,0.98232095,0.68404175,1,3,0,16.603918,0.86261045,-0.57099987,-1.1592972,-1.4687941,-1.6816939,-0.48185848,-1.4498337,-2.082497,-1.2218367,-0.57099987,-0.48185848,4,5,3,2,6,2,4,4,5,8,6,1,1,5,7,3,6,7,8,5,-0.34096756,0.17465294
-15.246473,0.99693097,0.68404175,2,3,0,15.459532,0.80929303,-0.67628285,-1.2357262,-1.4575114,-1.6414001,-0.55094324,-1.4889742,-1.9993632,-1.2318225,-0.67628285,-0.55094324,8,1,3,2,6,4,2,6,7,5,8,2,2,2,8,1,6,8,8,7,-0.07685197,0.16523886
-15.473136,0.95449318,0.68404175,1,3,0,15.49933,0.86847562,-0.55951771,-1.1509425,-1.470206,-1.6865016,-0.47430171,-1.4456786,-2.0920105,-1.221,-0.55951771,-0.47430171,8,3,5,5,4,2,5,6,7,5,6,3,4,7,7,2,1,7,7,8,-0.37781934,0.15177707
-15.645539,0.97131141,0.68404175,1,1,0,15.65773,0.88920821,-0.51908534,-1.1214927,-1.4754644,-1.7040995,-0.44765693,-1.4312337,-2.1262336,-1.2184779,-0.51908534,-0.44765693,8,3,5,7,8,3,2,7,8,6,8,1,2,5,8,5,7,8,7,8,-0.52576703,0.8402862
-15.302803,0.91683003,0.68404175,2,3,0,16.545009,0.8339105,-0.62746821,-1.2003296,-1.4623713,-1.6592442,-0.51895807,-1.4705984,-2.0370022,-1.2266896,-0.62746821,-0.51895807,3,4,3,4,7,4,2,6,5,6,7,3,4,1,8,3,6,8,8,8,-0.1850982,0.2540152
-15.433452,0.95524706,0.68404175,1,3,0,15.633488,0.69414291,-0.9094245,-1.4038225,-1.4429992,-1.5749345,-0.702599,-1.581646,-1.8398425,-1.2667311,-0.9094245,-0.702599,5,5,4,6,7,2,5,5,7,8,7,2,3,4,8,2,4,7,8,8,0.24204473,0.36866796
-16.476074,0.72047091,0.68404175,1,1,0,16.47639,0.53300333,-1.2498521,-1.6463722,-1.4470313,-1.5281918,-0.92071088,-1.729126,-1.6609813,-1.3419241,-1.2498521,-0.92071088,7,5,2,4,7,4,6,6,7,8,6,3,2,5,8,2,3,8,8,7,0.40109871,0.69233678
-15.542178,1,0.68404175,1,1,0,16.197039,0.66972929,-0.95990717,-1.4400097,-1.4417235,-1.5643968,-0.73519449,-1.6026792,-1.8094525,-1.2762639,-0.95990717,-0.73519449,7,4,5,2,6,5,4,4,4,6,5,4,5,5,5,5,5,7,8,8,0.28303515,0.1138565
-15.474023,1,0.68404175,1,1,0,15.582483,0.68449828,-0.92932255,-1.4180949,-1.4424178,-1.5706239,-0.71545709,-1.5898983,-1.8276953,-1.2704129,-0.92932255,-0.71545709,7,1,3,5,6,6,5,5,8,7,7,2,3,6,7,4,6,8,6,7,0.25909917,0.25478723
-15.51342,0.9876544,0.68404175,1,1,0,15.579697,0.67577384,-0.94737292,-1.4310319,-1.4419789,-1.5668908,-0.72710953,-1.5974273,-1.8168664,-1.2738383,-0.94737292,-0.72710953,8,7,1,5,5,2,6,7,8,6,8,4,3,6,7,6,4,8,7,8,0.27354868,0.52334849
-15.327513,1,0.68404175,2,3,0,15.464195,0.72448604,-0.84720335,-1.359117,-1.4454795,-1.5897559,-0.66230488,-1.5561715,-1.8792715,-1.2558821,-0.84720335,-0.66230488,8,3,3,3,6,4,3,8,7,8,7,4,3,3,4,2,4,7,7,5,0.1803497,0.75993592
-15.542907,0.87773537,0.68404175,1,3,0,15.936769,0.87781478,-0.54127471,-1.1376606,-1.4725232,-1.6943121,-0.46228638,-1.4391247,-2.1073116,-1.2197791,-0.54127471,-0.46228638,6,6,3,3,8,4,5,8,8,8,8,1,8,4,8,6,7,7,8,8,-0.44077739,0.93760838
-15.354114,0.95368065,0.68404175,2,3,0,15.936819,0.71586697,-0.86481916,-1.3717854,-1.4446752,-1.5853511,-0.67372615,-1.5633319,-1.8678839,-1.2588489,-0.86481916,-0.67372615,7,3,1,4,6,5,1,5,7,6,4,3,3,4,5,3,3,6,6,7,0.19918581,0.28212713
-15.231218,1,0.68404175,1,3,0,15.3423,0.78694384,-0.72090723,-1.2680238,-1.4536256,-1.6263189,-0.58011283,-1.5061021,-1.9662852,-1.2372269,-0.72090723,-0.58011283,4,3,4,3,5,4,6,3,8,6,6,1,3,4,6,4,6,6,7,8,0.0059615766,0.3104971
-15.24563,0.96809415,0.68404175,2,3,0,15.420029,0.80867871,-0.67750552,-1.2366119,-1.4573978,-1.6409714,-0.55174336,-1.4894394,-1.9984401,-1.2319617,-0.67750552,-0.55174336,8,3,2,7,6,1,1,6,6,7,8,3,1,5,8,3,4,8,7,8,-0.074395239,0.14496967
-15.348432,0.9699365,0.68404175,1,3,0,15.41557,0.71763252,-0.86120694,-1.3691884,-1.4448335,-1.5862408,-0.67138501,-1.5618603,-1.8702044,-1.2582337,-0.86120694,-0.67138501,5,2,1,3,7,4,3,4,7,7,7,2,4,5,7,1,5,7,1,7,0.19541588,0.44958002
-15.231231,0.99569396,0.68404175,2,3,0,15.375418,0.78742324,-0.71994693,-1.2673293,-1.4537037,-1.6266313,-0.57948582,-1.5057303,-1.9669839,-1.2371037,-0.71994693,-0.57948582,8,1,3,3,5,2,3,5,3,6,8,2,4,2,8,2,5,5,8,5,0.004317956,0.33881345
-15.958985,0.83791192,0.68404175,1,3,0,16.058454,0.59927975,-1.1077423,-1.5455445,-1.4417525,-1.5409042,-0.83014637,-1.6660164,-1.728365,-1.3075877,-1.1077423,-0.83014637,6,5,6,3,8,3,4,8,4,8,5,3,1,5,8,2,5,5,8,7,0.36524098,0.58213843
-15.651677,1,0.68404175,1,1,0,15.947094,0.64861661,-1.0038713,-1.4714626,-1.4411473,-1.5562791,-0.76351021,-1.6212507,-1.7841247,-1.2850673,-1.0038713,-0.76351021,8,2,4,6,7,5,6,5,7,8,7,1,1,4,5,3,4,6,8,8,0.31296862,0.65308789
-15.371268,1,0.68404175,1,1,0,15.576001,0.71074431,-0.8753108,-1.3793262,-1.4442345,-1.5828064,-0.68052343,-1.5676162,-1.8611865,-1.2606558,-0.8753108,-0.68052343,7,4,2,4,8,4,3,5,7,8,8,2,4,3,8,4,2,4,8,8,0.2098727,0.37905562
-15.98997,0.82318054,0.68404175,1,1,0,15.991323,0.59484244,-1.1171634,-1.5522478,-1.4419436,-1.5397682,-0.83617195,-1.6701357,-1.7235846,-1.3097432,-1.1171634,-0.83617195,7,5,2,4,5,3,2,7,6,7,8,5,3,6,8,5,6,4,8,6,0.3688215,0.50548777
-15.398085,1,0.68404175,1,1,0,15.807899,0.70325724,-0.89067436,-1.3903627,-1.4436409,-1.5791854,-0.69047036,-1.573916,-1.8514924,-1.2633543,-0.89067436,-0.69047036,8,4,4,6,7,4,3,3,7,5,8,3,4,2,8,5,4,6,6,5,0.22483728,0.19125744
-15.331806,1,0.68404175,2,3,0,15.396873,0.72302941,-0.8501772,-1.3612562,-1.445338,-1.5890006,-0.66423373,-1.5573774,-1.8773365,-1.256377,-0.8501772,-0.66423373,8,3,3,6,8,1,5,5,7,7,8,2,3,3,7,2,1,5,7,8,0.18361013,0.65083686
-15.238064,1,0.68404175,1,3,0,15.308012,0.77089049,-0.75314377,-1.2913193,-1.4511473,-1.6161387,-0.60114319,-1.5186634,-1.943161,-1.2415319,-0.75314377,-0.60114319,6,6,3,4,7,7,3,4,2,7,8,3,4,5,5,2,6,5,8,8,0.057995348,0.3499359
-15.354808,0.9737915,0.68404175,1,3,0,15.358823,0.71565403,-0.86525495,-1.3720987,-1.4446563,-1.5852442,-0.67400856,-1.5635096,-1.8676045,-1.2589234,-0.86525495,-0.67400856,8,2,2,4,8,6,1,4,7,8,8,4,2,5,6,1,6,7,8,8,0.19963746,0.40098952
-15.754413,0.95015583,0.68404175,2,3,0,15.758608,0.63082981,-1.041134,-1.498076,-1.4410471,-1.5501558,-0.78745792,-1.6371697,-1.7634701,-1.2928765,-1.041134,-0.78745792,4,3,2,6,6,4,3,6,8,5,7,2,7,4,8,2,2,4,8,6,0.33454278,0.41845928
-15.73825,0.74454359,0.68404175,1,3,0,17.003988,0.8978388,-0.50232507,-1.1092712,-1.4777756,-1.7117039,-0.43659606,-1.4253332,-2.1407551,-1.2176324,-0.50232507,-0.43659606,4,2,2,4,5,2,7,7,7,8,8,1,6,5,8,4,8,8,6,8,-0.59720858,0.34424
-16.140727,0.94951495,0.68404175,1,1,0,16.147681,0.92484567,-0.45014534,-1.0711707,-1.4854686,-1.7365688,-0.40210057,-1.4073026,-2.1872528,-1.2157915,-0.45014534,-0.40210057,8,1,3,4,8,6,5,7,6,7,8,1,4,6,8,7,6,7,6,7,-0.87458046,0.40212202
-16.530407,0.96302685,0.68404175,1,1,0,16.562888,0.9420441,-0.41712479,-1.0470196,-1.4907287,-1.7532558,-0.38022446,-1.3961671,-2.2177084,-1.2152767,-0.41712479,-0.38022446,6,5,1,4,6,4,3,4,7,7,8,2,3,6,8,6,5,8,8,8,-1.1160166,0.1914828
-15.437375,0.91155721,0.68404175,1,3,0,17.610121,0.69317605,-0.9114166,-1.4052519,-1.4429364,-1.5744936,-0.7038869,-1.5824699,-1.8386164,-1.2670952,-0.9114166,-0.7038869,8,2,2,4,6,4,5,5,8,7,5,4,2,5,6,5,4,8,7,8,0.24380704,0.59174713
-15.233336,0.9997213,0.68404175,1,3,0,15.435661,0.79529278,-0.70420249,-1.2559402,-1.4550182,-1.6318287,-0.56920129,-1.4996544,-1.9785211,-1.2351268,-0.70420249,-0.56920129,7,6,3,4,6,2,2,6,8,8,7,6,7,4,6,3,7,3,6,8,-0.023459991,0.59695404
-15.463545,0.96284208,0.68404175,2,3,0,15.507981,0.86705617,-0.56229477,-1.1529635,-1.4698612,-1.6853312,-0.47612978,-1.4466814,-2.0897013,-1.2211976,-0.56229477,-0.47612978,7,7,3,1,7,6,3,7,7,4,8,2,5,5,8,1,4,7,8,8,-0.36872059,0.42954086
-15.331181,1,0.68404175,2,3,0,15.43903,0.84179635,-0.61190541,-1.1890302,-1.4640553,-1.6652353,-0.50874397,-1.4648218,-2.0493287,-1.2252326,-0.61190541,-0.50874397,8,4,3,1,7,2,3,6,6,6,5,1,3,8,8,4,8,6,7,6,-0.22432987,0.028642631
-15.301219,1,0.68404175,2,3,0,15.33417,0.83342064,-0.62843613,-1.2010322,-1.4622687,-1.6588765,-0.51959307,-1.470959,-2.0362409,-1.2267831,-0.62843613,-0.51959307,8,3,3,3,7,6,5,3,8,6,8,1,2,8,8,2,6,5,7,8,-0.18274077,0.50645045
-15.407429,0.96113098,0.68404175,1,3,0,15.595617,0.70077393,-0.89577791,-1.3940273,-1.4434572,-1.5780101,-0.69377281,-1.5760155,-1.8483018,-1.2642644,-0.89577791,-0.69377281,7,2,4,3,7,7,3,4,8,6,8,1,2,1,8,5,6,6,8,8,0.22963363,0.59754611
-15.734004,0.9021146,0.68404175,1,1,0,15.751502,0.63423842,-1.0339771,-1.4929677,-1.4410388,-1.5512786,-0.78286206,-1.6340998,-1.76738,-1.2913525,-1.0339771,-0.78286206,5,3,6,2,6,1,7,5,7,8,5,1,2,2,8,6,3,8,8,5,0.33065555,0.51141299
-15.242788,1,0.68404175,1,3,0,15.615859,0.76602847,-0.76293758,-1.2983907,-1.4504488,-1.6131627,-0.60752551,-1.5225101,-1.9362617,-1.242904,-0.76293758,-0.60752551,8,3,4,3,7,2,5,8,8,7,7,2,2,4,7,6,4,8,8,7,0.072667694,0.75329917
-15.245791,0.99916578,0.68404175,1,1,0,15.248342,0.76343086,-0.7681759,-1.3021718,-1.4500855,-1.6115931,-0.61093783,-1.5245733,-1.9325954,-1.2436499,-0.7681759,-0.61093783,8,2,1,3,7,2,3,7,7,6,8,4,2,3,5,4,4,5,8,8,0.08031199,0.59383769
-15.245791,0.9405693,0.68404175,1,3,0,15.49996,0.76343086,-0.7681759,-1.3021718,-1.4500855,-1.6115931,-0.61093783,-1.5245733,-1.9325954,-1.2436499,-0.7681759,-0.61093783,7,7,3,3,7,5,3,7,6,7,7,2,2,4,6,6,2,7,8,8,0.08031199,0.27196135
-15.715108,0.85136286,0.68404175,1,3,0,16.024796,0.89580402,-0.5062728,-1.1121506,-1.4772243,-1.7098962,-0.43920219,-1.4267183,-2.1373168,-1.2178208,-0.5062728,-0.43920219,8,2,5,5,7,5,2,7,8,8,8,1,4,2,8,2,8,7,8,7,-0.57975586,0.67343003
-15.84416,0.98219506,0.68404175,1,1,0,15.894431,0.90631796,-0.48589919,-1.0972858,-1.480116,-1.7193356,-0.42574681,-1.4196012,-2.1551804,-1.2169217,-0.48589919,-0.42574681,5,7,2,3,8,2,1,6,6,6,8,2,5,7,8,1,2,4,8,8,-0.67445444,0.23920516
-15.31974,0.9887472,0.68404175,2,7,0,15.708982,0.72719949,-0.84166707,-1.3551336,-1.4457489,-1.5911747,-0.65871324,-1.5539297,-1.8828874,-1.2549673,-0.84166707,-0.65871324,6,2,3,5,7,3,6,3,5,8,7,2,3,2,4,2,7,8,5,8,0.17419055,0.57824032
-15.637452,0.84333182,0.68404175,2,7,0,16.094764,0.88838934,-0.52067771,-1.1226534,-1.4752488,-1.7033865,-0.44870733,-1.431797,-2.1248642,-1.2185644,-0.52067771,-0.44870733,8,5,5,4,7,3,5,6,4,7,8,2,1,3,7,5,5,7,6,8,-0.51932443,0.61330024
-15.333365,0.99150443,0.68404175,2,3,0,15.752346,0.84234528,-0.61082343,-1.1882444,-1.4641749,-1.6656574,-0.50803355,-1.4644217,-2.0501916,-1.2251346,-0.61082343,-0.50803355,8,4,5,6,8,2,2,6,5,7,5,4,4,6,8,2,3,7,7,8,-0.22715378,0.53824083
-15.922533,0.92107051,0.68404175,2,3,0,16.09322,0.91185834,-0.47518784,-1.0894659,-1.4816823,-1.7244085,-0.41866716,-1.4158909,-2.1646915,-1.2165224,-0.47518784,-0.41866716,4,2,2,4,8,3,4,5,7,8,7,1,3,5,7,5,8,4,8,8,-0.72932118,0.64431869
-15.333512,0.93155441,0.68404175,2,7,0,16.398655,0.72245853,-0.85134308,-1.3620949,-1.4452832,-1.5887058,-0.66498983,-1.5578504,-1.8765793,-1.2565717,-0.85134308,-0.66498983,8,5,3,4,8,2,3,6,8,8,7,2,3,6,8,6,8,6,5,7,0.1848793,0.47801889
-15.789287,0.94007607,0.68404175,2,3,0,15.79005,0.6251305,-1.0531176,-1.506626,-1.4410905,-1.5483322,-0.79514934,-1.6423231,-1.7569837,-1.2954534,-1.0531176,-0.79514934,6,4,7,2,8,2,5,6,8,7,7,5,4,6,8,5,4,7,8,8,0.3407873,0.5886492
-15.75195,1,0.68404175,1,1,0,15.932212,0.63123805,-1.0402765,-1.497464,-1.4410455,-1.550289,-0.78690732,-1.6368015,-1.7639372,-1.2926933,-1.0402765,-0.78690732,6,5,1,2,8,3,3,6,8,5,5,4,3,3,7,1,2,7,7,4,0.33408327,0.19722126
-15.664943,1,0.68404175,1,1,0,15.843305,0.64622504,-1.0088696,-1.4750349,-1.4411132,-1.5554177,-0.76672523,-1.6233766,-1.7813112,-1.2860966,-1.0088696,-0.76672523,8,4,2,6,8,5,5,8,6,8,6,5,4,8,7,3,5,5,7,5,0.31605772,0.86002124
-15.246988,1,0.68404175,1,3,0,15.558045,0.76246838,-0.77011786,-1.3035733,-1.4499527,-1.6110151,-0.61220261,-1.5253392,-1.9312405,-1.2439285,-0.77011786,-0.61220261,5,5,2,2,6,5,2,5,7,5,7,2,4,4,7,2,3,7,7,8,0.083110693,0.40598062
-15.275419,0.9919667,0.68404175,1,1,0,15.276387,0.74539002,-0.80466959,-1.328491,-1.4477552,-1.6010826,-0.63468462,-1.5390563,-1.9075116,-1.2490742,-0.80466959,-0.63468462,6,2,2,2,6,2,3,5,8,8,8,2,4,6,8,5,6,5,8,8,0.12988939,0.50862873
-15.908716,0.77391607,0.68404175,1,3,0,16.474084,0.91092091,-0.47699901,-1.0907884,-1.4814152,-1.7235453,-0.41986452,-1.4165167,-2.1630775,-1.2165863,-0.47699901,-0.41986452,5,2,3,5,8,6,5,7,3,8,8,5,7,5,8,2,5,6,8,7,-0.71977037,0.85792848
-15.248996,0.95644148,0.68404175,1,3,0,16.149208,0.76092752,-0.77322798,-1.3058177,-1.4497421,-1.6100938,-0.61422795,-1.5265669,-1.9290752,-1.2443771,-0.77322798,-0.61422795,7,1,4,7,8,7,2,8,7,6,5,3,3,2,8,2,5,7,7,7,0.087553801,0.58805476
-15.248996,0.66612832,0.68404175,1,3,0,16.790673,0.76092752,-0.77322798,-1.3058177,-1.4497421,-1.6100938,-0.61422795,-1.5265669,-1.9290752,-1.2443771,-0.77322798,-0.61422795,8,2,4,5,8,1,8,8,4,6,3,4,3,7,7,5,4,7,7,7,0.087553801,0.58591452
-15.242515,0.99652489,0.68404175,1,3,0,15.275135,0.80622638,-0.68238858,-1.2401487,-1.4569484,-1.6392679,-0.55493832,-1.4912995,-1.9947631,-1.2325227,-0.68238858,-0.55493832,6,1,5,7,8,3,7,8,7,7,8,3,2,4,7,2,2,8,8,7,-0.064695928,0.75927477
-15.941642,0.83911105,0.68404175,1,3,0,16.15619,0.91312914,-0.47273335,-1.0876735,-1.4820457,-1.7255817,-0.41704435,-1.4150437,-2.1668826,-1.2164381,-0.47273335,-0.41704435,7,2,5,4,8,2,3,7,8,7,7,3,5,5,5,1,2,4,8,6,-0.74245115,0.55481764
-15.243399,0.95728219,0.68404175,1,3,0,16.170969,0.76547569,-0.76405196,-1.2991952,-1.4503709,-1.6128275,-0.60825151,-1.5229487,-1.9354804,-1.2430619,-0.76405196,-0.60825151,6,6,3,2,7,4,1,6,6,8,7,1,3,2,5,2,3,5,7,4,0.074305609,0.23854653
-15.289316,0.9870832,0.68404175,1,1,0,15.289336,0.73903875,-0.81756431,-1.3377813,-1.4470153,-1.5975447,-0.64306457,-1.5442186,-1.898838,-1.251084,-0.81756431,-0.64306457,6,4,2,1,5,2,3,4,7,8,7,2,1,3,8,6,2,8,7,6,0.14597119,0.34896988
-15.261359,1,0.68404175,1,1,0,15.285429,0.75284852,-0.78955832,-1.3175975,-1.4486777,-1.6053451,-0.62485703,-1.5330362,-1.9178016,-1.2467803,-0.78955832,-0.62485703,7,2,2,4,7,2,6,2,8,8,8,3,3,3,8,6,5,8,8,7,0.11011438,0.79291931
-15.355915,0.95992161,0.68404175,1,3,0,15.484715,0.84764578,-0.60038463,-1.180661,-1.4653441,-1.6697659,-0.5011775,-1.4605717,-2.058557,-1.2242118,-0.60038463,-0.5011775,7,2,6,6,7,4,5,7,6,8,8,3,2,6,7,5,6,8,8,7,-0.25508003,0.77467153
-15.954295,0.956033,0.68404175,2,3,0,15.997631,0.59995811,-1.1063032,-1.5445204,-1.4417253,-1.5410814,-0.82922568,-1.665388,-1.7290993,-1.3072601,-1.1063032,-0.82922568,4,3,1,6,5,3,5,6,4,4,7,3,2,3,6,4,7,5,6,7,0.36467801,0.1415042
-15.238768,0.97946167,0.68404175,2,3,0,16.102464,0.80274168,-0.68933335,-1.2451777,-1.4563201,-1.6368694,-0.55948088,-1.4939514,-1.9895596,-1.2333345,-0.68933335,-0.55948088,1,3,2,4,7,5,1,7,6,5,8,6,4,4,8,4,2,6,8,6,-0.051203967,0.33443678
-15.348458,0.97739909,0.68404175,1,3,0,15.358335,0.8459616,-0.60369969,-1.1830696,-1.4649696,-1.6684539,-0.50335518,-1.4617923,-2.0558925,-1.2245005,-0.60369969,-0.50335518,4,3,1,1,8,6,4,5,7,7,8,2,2,6,7,3,8,4,6,7,-0.24607522,0.52373217
-15.69419,0.95045168,0.68404175,1,3,0,15.700588,0.89390003,-0.50996886,-1.114846,-1.476712,-1.7082131,-0.4416417,-1.4280177,-2.1341077,-1.2180031,-0.50996886,-0.4416417,4,1,3,3,7,4,3,5,6,8,7,2,5,6,8,5,3,6,8,8,-0.5637754,0.45703933
-15.316459,0.99355141,0.68404175,1,3,0,15.637326,0.83789632,-0.61959769,-1.1946161,-1.4632148,-1.6622556,-0.51379354,-1.467672,-2.0432161,-1.2259416,-0.61959769,-0.51379354,6,6,5,2,7,5,3,8,8,8,5,5,5,3,8,4,8,7,7,7,-0.20462057,0.48759458
-15.241561,0.87389726,0.68404175,2,3,0,16.331451,0.8054054,-0.6840241,-1.2413332,-1.4567993,-1.6387005,-0.55600826,-1.4919233,-1.9935349,-1.2327125,-0.6840241,-0.55600826,4,4,3,3,2,6,4,8,4,5,8,1,5,5,6,2,3,6,7,7,-0.061486898,0.230524
-15.258135,0.99309215,0.68404175,1,3,0,15.287761,0.7547756,-0.78565945,-1.3147858,-1.4489255,-1.6064654,-0.62232016,-1.5314882,-1.9204787,-1.2461993,-0.78565945,-0.62232016,8,1,2,6,8,3,3,6,6,6,8,2,1,7,8,5,4,7,6,8,0.1048431,0.62445015
-15.319761,0.95232087,0.68404175,2,3,0,15.528038,0.83880341,-0.61780779,-1.1933165,-1.463409,-1.6629457,-0.51261875,-1.4670079,-2.0446349,-1.2257747,-0.61780779,-0.51261875,8,2,2,5,8,5,5,7,6,8,5,1,4,4,8,5,5,6,8,8,-0.20915006,0.82319974
-16.60781,0.84623461,0.68404175,2,3,0,16.912027,0.51812234,-1.2821777,-1.6692217,-1.4489474,-1.5265958,-0.94121365,-1.7437596,-1.6470358,-1.3502489,-1.2821777,-0.94121365,5,4,6,2,7,4,4,3,5,7,7,1,4,5,7,3,7,7,8,6,0.40415057,0.65003679
-15.997141,1,0.68404175,1,1,0,16.56974,0.59382629,-1.1193227,-1.5537838,-1.4419906,-1.5395138,-0.83755258,-1.6710812,-1.7224953,-1.3102397,-1.1193227,-0.83755258,7,2,3,5,7,6,6,5,8,8,7,3,5,6,5,2,3,5,7,6,0.36961667,0.56067862
-15.789587,1,0.68404175,1,1,0,16.071571,0.62508212,-1.0532195,-1.5066986,-1.441091,-1.548317,-0.79521467,-1.6423669,-1.756929,-1.2954754,-1.0532195,-0.79521467,2,2,1,3,8,4,3,4,7,7,7,2,5,5,8,3,6,8,7,6,0.34083896,0.40131452
-16.047094,0.70996496,0.68404175,2,3,0,17.911127,0.91965367,-0.46014558,-1.0784787,-1.4839357,-1.7316621,-0.40871861,-1.4107175,-2.1781885,-1.2160489,-0.46014558,-0.40871861,3,4,1,2,7,4,2,5,5,5,8,1,3,4,8,5,4,8,7,8,-0.81340747,0.18190468
-16.061073,0.99947203,0.68404175,2,3,0,16.187685,0.92046208,-0.45858753,-1.0773403,-1.4841727,-1.7324221,-0.40768773,-1.4101842,-2.1795959,-1.2160057,-0.45858753,-0.40768773,7,4,4,3,7,6,3,5,8,7,8,1,3,4,8,5,4,7,8,8,-0.82264144,0.37719054
-15.276673,0.93842149,0.68404175,1,3,0,16.463152,0.7447826,-0.80590175,-1.329379,-1.4476826,-1.6007406,-0.63548561,-1.5395485,-1.9066786,-1.2492642,-0.80590175,-0.63548561,6,4,2,3,4,5,4,3,6,6,5,1,5,3,7,3,6,6,7,8,0.131457,0.20688339
-15.345288,0.95475988,0.68404175,2,3,0,15.541327,0.84522631,-0.60514753,-1.1841214,-1.464807,-1.667883,-0.50430616,-1.462326,-2.0547311,-1.2246278,-0.60514753,-0.50430616,7,1,2,4,3,4,1,5,3,8,7,2,5,4,8,4,6,5,8,7,-0.24218268,0.62523503
-15.620007,0.95950155,0.68404175,1,3,0,15.621565,0.88658157,-0.52419442,-1.1252166,-1.4747752,-1.7018178,-0.4510268,-1.4330426,-2.1218463,-1.2187593,-0.52419442,-0.4510268,6,2,1,2,8,2,3,5,7,6,7,1,4,4,8,2,7,7,7,7,-0.50529407,0.4473472
-15.23731,1,0.68404175,2,3,0,15.542314,0.77180311,-0.75130701,-1.2899928,-1.4512812,-1.6167029,-0.59994588,-1.5179435,-1.9444615,-1.2412779,-0.75130701,-0.59994588,5,4,5,5,7,6,3,5,6,4,7,2,3,5,8,1,5,8,7,7,0.055187205,0.54622251
-16.599307,0.62149555,0.68404175,1,3,0,17.561303,0.94452006,-0.41238422,-1.0435499,-1.4915089,-1.7557133,-0.37708089,-1.3945864,-2.2221477,-1.215246,-0.41238422,-0.37708089,6,2,1,4,8,5,5,7,4,6,7,3,4,4,8,4,8,7,8,8,-1.1570527,0.16943233
-15.247282,1,0.68404175,2,3,0,16.287412,0.76223675,-0.77058531,-1.3039107,-1.4499209,-1.6108763,-0.61250703,-1.5255236,-1.9309147,-1.2439957,-0.77058531,-0.61250703,7,3,5,3,7,3,2,4,5,8,7,1,3,4,5,5,6,3,8,8,0.08378155,0.1482031
-16.354051,0.76709841,0.68404175,1,3,0,16.422803,0.54739588,-1.218735,-1.6243468,-1.4454371,-1.5301756,-0.90094024,-1.7151338,-1.6748824,-1.3340835,-1.218735,-0.90094024,8,2,4,3,7,2,5,4,5,8,8,4,2,4,6,5,2,5,7,8,0.39643902,0.74906263
-15.455013,1,0.68404175,2,3,0,16.213382,0.86576056,-0.56483052,-1.1548087,-1.4695483,-1.6842667,-0.47779878,-1.4475983,-2.0875974,-1.2213807,-0.56483052,-0.47779878,7,3,1,3,6,4,3,6,8,6,7,1,3,8,8,3,3,4,7,6,-0.36051764,0.52793315
-15.529716,0.99562383,0.68404175,2,3,0,15.556689,0.87616681,-0.54449026,-1.1400024,-1.4721081,-1.69292,-0.46440503,-1.4402756,-2.1045979,-1.2199845,-0.54449026,-0.46440503,2,5,2,3,4,6,3,5,6,8,6,2,6,6,8,2,8,7,5,8,-0.42925918,0.20158383
-15.414414,1,0.68404175,2,3,0,15.522061,0.85911296,-0.57785615,-1.1642842,-1.4679682,-1.6788626,-0.48636872,-1.4523259,-2.076859,-1.2223611,-0.57785615,-0.48636872,5,3,4,3,8,2,5,4,8,8,6,1,2,4,7,3,4,6,7,6,-0.31989221,0.69328131
-15.414414,0.85286435,0.68404175,1,3,0,16.506214,0.85911296,-0.57785615,-1.1642842,-1.4679682,-1.6788626,-0.48636872,-1.4523259,-2.076859,-1.2223611,-0.57785615,-0.48636872,6,2,2,6,6,3,3,5,8,5,8,5,4,7,7,5,1,8,8,8,-0.31989221,0.66181182
-15.235221,1,0.68404175,1,3,0,15.401976,0.7984537,-0.6978888,-1.2513711,-1.4555638,-1.6339533,-0.56507475,-1.4972286,-1.9831912,-1.2343568,-0.6978888,-0.56507475,8,4,3,8,8,4,7,6,8,7,7,2,1,7,8,5,7,6,4,7,-0.035054977,0.62141602
-15.313754,0.97837256,0.68404175,1,3,0,15.346959,0.72936241,-0.83725728,-1.3519602,-1.4459693,-1.5923166,-0.65585167,-1.552147,-1.8857803,-1.2542446,-0.83725728,-0.65585167,4,2,2,6,6,7,2,8,5,5,8,3,2,3,8,5,6,6,5,7,0.16920027,0.32689384
-15.232367,0.99922904,0.68404175,1,3,0,15.316481,0.79305494,-0.70867594,-1.259177,-1.454638,-1.6303374,-0.57212428,-1.5013769,-1.9752273,-1.2356803,-0.70867594,-0.57212428,7,4,2,5,7,4,1,5,5,8,8,2,4,2,8,4,5,8,8,8,-0.015405255,0.72421917
-15.85378,0.90182237,0.68404175,2,3,0,15.902436,0.90702845,-0.48452464,-1.0962825,-1.4803152,-1.7199823,-0.42483851,-1.4191238,-2.1563963,-1.2168676,-0.48452464,-0.42483851,8,1,3,8,8,2,4,4,8,6,7,3,5,7,8,7,7,7,8,8,-0.68128376,0.58933229
-15.62959,1,0.68404175,1,1,0,15.842069,0.88758167,-0.52224867,-1.1237985,-1.4750368,-1.7026848,-0.44974352,-1.4323532,-2.123515,-1.2186508,-0.52224867,-0.44974352,5,2,3,2,8,4,4,6,6,7,8,3,5,4,7,1,2,8,5,8,-0.51302357,0.3262423
-16.51549,0.90190682,0.68404175,1,3,0,16.55539,0.94148927,-0.41818753,-1.0477974,-1.4905546,-1.7527071,-0.38092909,-1.3965221,-2.2167156,-1.215285,-0.41818753,-0.38092909,6,3,2,2,7,4,4,5,6,8,7,3,3,6,7,6,4,7,7,8,-1.107078,0.7441141
-15.239315,0.93197991,0.68404175,1,3,0,16.781666,0.80329904,-0.68822209,-1.2443731,-1.4564198,-1.6372513,-0.55875411,-1.4935265,-1.9903902,-1.2332035,-0.68822209,-0.55875411,6,5,1,1,7,4,4,6,4,6,8,4,4,6,7,2,6,8,8,6,-0.05333943,0.1278834
-16.545624,0.65759429,0.68404175,1,3,0,17.169634,0.94260304,-0.41605432,-1.0462362,-1.4909043,-1.7538094,-0.37951468,-1.3958098,-2.2187094,-1.2152688,-0.41605432,-0.37951468,3,4,5,5,8,4,7,2,7,5,8,2,2,7,5,3,6,7,8,7,-1.1251145,0.53903717
-16.099693,1,0.68404175,1,1,0,16.522865,0.92263328,-0.45440478,-1.0742838,-1.4848123,-1.7344706,-0.40491982,-1.4087547,-2.183383,-1.2158954,-0.45440478,-0.40491982,4,4,3,6,7,6,2,6,7,7,8,2,4,3,8,5,4,8,8,8,-0.84796253,0.25593354
-15.338837,0.92816902,0.68404175,1,3,0,16.682409,0.72070221,-0.85493114,-1.3646755,-1.4451167,-1.5878031,-0.66731652,-1.5593075,-1.8742539,-1.2571732,-0.85493114,-0.66731652,8,2,6,6,8,2,7,6,4,6,8,2,4,3,7,6,4,7,5,7,0.18875349,0.67723362
-15.661072,0.96092555,0.68404175,2,3,0,15.66531,0.6469198,-1.0074172,-1.4739969,-1.4411224,-1.5556668,-0.7657911,-1.6227586,-1.7821274,-1.2857969,-1.0074172,-0.7657911,7,3,3,2,6,2,5,5,7,7,5,3,1,5,8,4,3,6,7,7,0.31516647,0.4691117
-15.661072,0.78728409,0.68404175,1,1,0,16.235816,0.6469198,-1.0074172,-1.4739969,-1.4411224,-1.5556668,-0.7657911,-1.6227586,-1.7821274,-1.2857969,-1.0074172,-0.7657911,8,1,3,1,7,4,4,7,8,4,6,2,6,5,8,3,2,8,6,8,0.31516647,0.46756784
-15.252644,1,0.68404175,1,3,0,15.551166,0.75832609,-0.77848202,-1.3096085,-1.449392,-1.6085498,-0.61764868,-1.5286441,-1.9254306,-1.2451416,-0.77848202,-0.61764868,6,3,1,4,8,6,5,6,8,7,7,2,1,3,5,3,2,4,5,8,0.094951748,0.67923897
-16.74167,0.56759777,0.68404175,2,3,0,17.744889,0.50361452,-1.3138433,-1.6915738,-1.4510811,-1.525487,-0.96126254,-1.758189,-1.6338587,-1.3585756,-1.3138433,-0.96126254,5,5,4,6,8,1,2,7,7,7,8,3,4,4,8,3,5,6,7,8,0.40541285,0.61284091
-15.340304,0.99691289,0.68404175,1,3,0,17.041185,0.84404494,-0.60747437,-1.1858117,-1.4645468,-1.6669682,-0.50583434,-1.4631845,-2.0528676,-1.2248341,-0.60747437,-0.50583434,6,3,1,7,7,8,3,6,6,8,8,1,4,7,8,4,3,6,7,7,-0.23597745,0.66206174
-15.279584,1,0.68404175,1,1,0,15.328821,0.82597589,-0.64316348,-1.2117182,-1.4607389,-1.653351,-0.5292509,-1.4764647,-2.0247319,-1.2282481,-0.64316348,-0.5292509,8,2,3,4,8,2,6,8,7,8,8,2,3,3,7,2,5,7,7,7,-0.14799166,0.72587756
-15.25877,0.9944517,0.68404175,2,3,0,15.335396,0.81674536,-0.66146816,-1.2249911,-1.4589188,-1.6466652,-0.54124455,-1.4833568,-2.0106237,-1.2301764,-0.66146816,-0.54124455,5,5,2,2,8,7,2,8,7,7,8,1,5,5,3,2,4,7,8,8,-0.10754707,0.12362374
-15.274963,0.99625192,0.68404175,1,1,0,15.278378,0.82415348,-0.64677349,-1.2143366,-1.4603729,-1.6520166,-0.53161716,-1.4778196,-2.0219323,-1.2286191,-0.64677349,-0.53161716,3,6,5,2,4,4,5,6,3,6,7,2,5,6,7,1,4,5,8,8,-0.13978276,0.018481405
-15.297171,0.99503197,0.68404175,1,1,0,15.302837,0.8321391,-0.63096901,-1.2028704,-1.4620014,-1.6579169,-0.52125458,-1.4719033,-2.0342514,-1.2270295,-0.63096901,-0.52125458,5,1,5,2,7,4,6,5,7,8,7,1,5,3,8,1,7,7,8,8,-0.17661584,0.20736174
-16.43875,0.85291102,0.68404175,2,3,0,16.742392,0.5373397,-1.2404616,-1.6397285,-1.4465243,-1.528744,-0.91474802,-1.7248935,-1.6651269,-1.3395398,-1.2404616,-0.91474802,4,3,4,4,6,5,3,5,4,7,6,2,2,6,6,2,3,4,7,8,0.39987249,0.19297079
-15.386536,0.95215408,0.68404175,1,3,0,16.891073,0.85398508,-0.58792112,-1.1716026,-1.4667788,-1.6747595,-0.49298688,-1.4559991,-2.0686401,-1.2231639,-0.58792112,-0.49298688,8,2,3,2,8,4,4,5,6,4,5,1,4,3,8,3,5,8,8,8,-0.29012855,0.3678431
-15.679894,0.916142,0.68404175,1,3,0,16.107173,0.64356633,-1.0144305,-1.4790083,-1.4410828,-1.554474,-0.77030116,-1.6257453,-1.7781967,-1.2872485,-1.0144305,-0.77030116,6,1,1,4,7,5,3,4,6,4,7,3,4,6,8,4,4,4,5,8,0.31942218,0.3836902
-15.25897,0.98591366,0.68404175,1,3,0,15.758682,0.81684947,-0.66126143,-1.2248412,-1.4589388,-1.6467396,-0.54110916,-1.4832787,-2.0107818,-1.230154,-0.66126143,-0.54110916,5,5,5,6,8,4,2,6,7,8,8,1,4,8,8,3,4,8,8,8,-0.10798788,0.79740717
-15.359608,0.97808957,0.68404175,2,3,0,15.439634,0.8484573,-0.59878782,-1.1795007,-1.4655256,-1.6704003,-0.50012842,-1.4599843,-2.059843,-1.2240743,-0.59878782,-0.50012842,8,3,4,4,8,4,6,5,8,6,7,5,3,7,8,3,2,8,7,7,-0.25946392,0.71290946
-16.668325,0.69753756,0.68404175,2,3,0,17.8607,0.94686583,-0.407896,-1.0402642,-1.4922534,-1.7580544,-0.37410396,-1.3930942,-2.2263663,-1.2152272,-0.407896,-0.37410396,6,1,4,2,6,2,5,2,4,6,8,5,6,3,8,3,7,8,8,8,-1.1977734,0.23454181
-17.107099,0.97037712,0.68404175,1,1,0,17.158232,0.95921884,-0.38430959,-1.0229881,-1.4962594,-1.7705901,-0.35844875,-1.3853204,-2.2487879,-1.2152944,-0.38430959,-0.35844875,7,4,4,5,7,6,2,8,7,5,8,1,3,4,8,5,7,5,8,8,-1.4494116,0.41375534
-17.201944,0.99459753,0.68404175,1,1,0,17.381546,0.96141524,-0.38012444,-1.0199209,-1.4969867,-1.7728556,-0.35566899,-1.3839531,-2.2528109,-1.215336,-0.38012444,-0.35566899,8,4,4,5,8,3,3,7,7,8,8,1,4,8,8,3,4,8,8,8,-1.5024873,0.40128006
-15.54272,0.97635756,0.68404175,1,3,0,17.325236,0.87779178,-0.54131958,-1.1376933,-1.4725174,-1.6942926,-0.46231594,-1.4391407,-2.1072737,-1.2197819,-0.54131958,-0.46231594,6,3,4,4,8,1,6,5,7,8,8,4,4,5,7,4,2,8,8,8,-0.44061538,0.61031827
-15.292362,0.96688687,0.68404175,1,3,0,15.763361,0.73774325,-0.82019753,-1.3396779,-1.4468696,-1.5968334,-0.64477514,-1.5452757,-1.8970789,-1.2515003,-0.82019753,-0.64477514,7,6,3,1,7,2,3,5,7,6,7,7,4,6,8,3,7,7,6,8,0.14916875,0.21543429
-15.601046,0.59128116,0.68404175,2,3,0,17.471547,0.88454884,-0.52815095,-1.1280999,-1.4742464,-1.7000624,-0.45363587,-1.4344468,-2.1184614,-1.2189847,-0.52815095,-0.45363587,3,4,2,5,7,3,2,6,6,6,8,4,4,7,8,8,7,5,6,7,-0.48982576,0.17127572
-17.498561,0.91467498,0.68404175,2,3,0,17.62427,0.43047533,-1.4757999,-1.8054141,-1.4659697,-1.5266839,-1.0632556,-1.8333646,-1.573753,-1.4036276,-1.4757999,-1.0632556,8,4,3,2,8,6,6,6,7,7,6,1,2,3,8,4,5,8,8,5,0.38594103,0.49905943
-17.870709,0.93400589,0.68404175,1,1,0,18.390835,0.39874518,-1.5472993,-1.8554131,-1.4746645,-1.5307761,-1.107989,-1.8672347,-1.5509881,-1.4247174,-1.5472993,-1.107989,8,1,1,2,6,4,6,7,6,8,3,3,1,5,8,2,3,7,7,6,0.36359031,0.29246393
-16.925362,1,0.68404175,1,1,0,17.950711,0.48458564,-1.3556048,-1.7210055,-1.4542836,-1.5247045,-0.98765006,-1.7773576,-1.617203,-1.3698079,-1.3556048,-0.98765006,6,5,4,2,8,3,6,7,7,8,6,2,4,3,7,5,5,7,5,8,0.40451425,0.79498686
-15.996332,1,0.68404175,1,1,0,16.760174,0.59394073,-1.1190795,-1.5536108,-1.4419853,-1.5395424,-0.83739708,-1.6709746,-1.7226179,-1.3101838,-1.1190795,-0.83739708,7,4,4,6,6,3,2,3,8,7,8,1,1,3,5,3,4,7,4,6,0.36952758,0.5640176
-15.34969,1,0.68404175,2,3,0,15.909325,0.84624427,-0.6031432,-1.1826653,-1.4650323,-1.6686737,-0.50298964,-1.4615873,-2.0563393,-1.2244517,-0.6031432,-0.50298964,8,4,6,3,6,2,3,8,2,5,7,3,3,7,8,3,5,7,8,7,-0.24757784,0.24492749
-15.369105,0.99607563,0.68404175,1,1,0,15.390389,0.85048136,-0.59480683,-1.1766076,-1.465981,-1.6719888,-0.49751259,-1.458522,-2.0630566,-1.2237356,-0.59480683,-0.49751259,6,1,2,3,5,4,7,8,8,7,8,2,7,7,8,5,5,7,8,8,-0.27052755,0.42817788
-15.523755,0.97121364,0.68404175,1,1,0,15.527193,0.87540556,-0.54597614,-1.1410844,-1.4719173,-1.6922789,-0.46538393,-1.440808,-2.1033464,-1.2200808,-0.54597614,-0.46538393,5,1,4,3,8,1,7,7,6,8,8,2,1,3,7,2,4,8,8,6,-0.42399984,0.41104922
-16.618661,0.88142891,0.68404175,1,3,0,16.742712,0.94519098,-0.41110024,-1.04261,-1.4917213,-1.7563816,-0.37622932,-1.3941591,-2.223353,-1.2152396,-0.41110024,-0.37622932,7,3,2,4,8,2,5,3,6,8,8,1,7,6,8,2,5,7,7,8,-1.1685093,0.57916722
-16.080834,1,0.68404175,1,1,0,16.575188,0.9215842,-0.45642549,-1.0757604,-1.4845027,-1.7334795,-0.40625708,-1.4094449,-2.1815519,-1.2159477,-0.45642549,-0.40625708,4,1,4,3,7,2,4,6,8,7,8,1,5,6,8,3,5,8,8,8,-0.83563148,0.44231888
-16.090259,0.99895475,0.68404175,1,1,0,16.222369,0.92211112,-0.45541047,-1.0750187,-1.4846581,-1.733977,-0.40558538,-1.4090981,-2.1824713,-1.2159212,-0.45541047,-0.40558538,7,2,2,5,7,2,6,8,8,8,8,1,4,5,7,3,6,8,8,7,-0.84180215,0.63581849
-16.476051,0.96211948,0.68404175,1,1,0,16.50609,0.93998852,-0.42106298,-1.0499016,-1.4900853,-1.7512262,-0.38283541,-1.3974837,-2.2140334,-1.2153105,-0.42106298,-0.38283541,8,1,4,5,8,1,7,7,8,8,8,1,4,7,8,2,4,6,8,8,-1.0833475,0.96902246
-16.139197,1,0.68404175,1,1,0,16.48558,0.92476486,-0.45030087,-1.0712844,-1.4854446,-1.7364919,-0.40220352,-1.4073555,-2.1871113,-1.2157951,-0.45030087,-0.40220352,7,6,1,4,4,4,4,8,8,5,8,2,3,6,8,4,4,6,7,8,-0.87359318,0.1772501
-15.318396,0.99185652,0.68404175,1,3,0,16.117854,0.83843087,-0.61854284,-1.1938502,-1.4633291,-1.6626621,-0.51310121,-1.4672805,-2.044052,-1.2258431,-0.61854284,-0.51310121,7,3,4,7,5,7,5,8,7,8,8,1,1,6,8,1,8,8,7,8,-0.20728585,0.73026291
-16.226027,0.73121435,0.68404175,2,3,0,17.37126,0.92916116,-0.44184456,-1.0651025,-1.4867622,-1.7406932,-0.39660469,-1.4044828,-2.1948326,-1.2156132,-0.44184456,-0.39660469,6,3,2,4,3,6,6,3,8,7,8,4,4,4,6,7,6,7,8,8,-0.92906144,0.32718964
-16.175352,1,0.68404175,2,3,0,16.347481,0.92664166,-0.44668955,-1.0686446,-1.4860048,-1.7382802,-0.39981279,-1.406127,-2.1904023,-1.2157133,-0.44668955,-0.39981279,7,3,5,7,8,5,5,6,8,8,8,3,1,4,4,4,4,8,8,8,-0.89682793,0.65499325
-15.260619,0.93430659,0.68404175,2,7,0,16.580686,0.75328233,-0.78868044,-1.3169645,-1.4487331,-1.6055966,-0.62428587,-1.5326874,-1.9184036,-1.2466491,-0.78868044,-0.62428587,8,1,3,8,7,5,3,8,7,8,6,2,4,5,5,3,3,8,6,6,0.10893366,0.63647432
-15.958994,0.74885878,0.68404175,2,3,0,16.610757,0.9142581,-0.47055358,-1.0860816,-1.4823698,-1.726627,-0.41560299,-1.4142924,-2.1688322,-1.2163655,-0.47055358,-0.41560299,8,4,1,2,8,3,2,8,5,8,6,1,1,6,8,2,7,7,8,8,-0.75429654,0.23777492
-15.477018,0.92856819,0.68404175,1,3,0,16.732059,0.68381491,-0.93073467,-1.4191074,-1.4423805,-1.5703258,-0.71636909,-1.5904858,-1.8268416,-1.2706779,-0.93073467,-0.71636909,7,3,2,5,4,6,5,4,4,6,7,1,7,5,8,4,5,7,8,3,0.26026397,0.36496404
-15.297774,1,0.68404175,1,1,0,15.425343,0.73551219,-0.82473479,-1.3429454,-1.4466227,-1.5956166,-0.64772205,-1.5470993,-1.8940572,-1.2522221,-0.82473479,-0.64772205,8,4,3,4,8,4,4,7,7,7,6,4,5,5,7,3,7,5,5,6,0.15461119,0.56653792
-15.276463,0.96404156,0.68404175,2,3,0,15.48842,0.74488368,-0.80569668,-1.3292312,-1.4476947,-1.6007975,-0.63535231,-1.5394666,-1.9068171,-1.2492325,-0.80569668,-0.63535231,8,4,2,4,7,3,2,8,3,8,7,5,4,8,5,3,4,5,7,8,0.13119657,0.28073833
-15.288162,0.99659237,0.68404175,1,1,0,15.298704,0.7395379,-0.81655002,-1.3370507,-1.4470719,-1.5978197,-0.64240562,-1.5438117,-1.8995167,-1.2509242,-0.81655002,-0.64240562,8,3,3,4,6,3,3,8,7,6,8,1,5,5,8,3,5,5,5,8,0.14473181,0.37768615
-15.29228,0.95776159,0.68404175,2,3,0,15.509872,0.7377781,-0.82012668,-1.3396269,-1.4468735,-1.5968525,-0.64472912,-1.5452472,-1.8971262,-1.251489,-0.82012668,-0.64472912,8,3,3,4,7,4,4,7,7,7,8,2,1,5,6,7,8,8,7,8,0.1490831,0.67550594
-15.842635,0.90406101,0.68404175,2,3,0,15.843135,0.90620444,-0.48611884,-1.0974461,-1.4800842,-1.7192323,-0.42589194,-1.4196775,-2.1549863,-1.2169304,-0.48611884,-0.42589194,4,4,4,1,8,3,1,4,6,6,7,2,5,7,8,3,5,6,8,6,-0.67336867,0.15466858
-15.297267,0.94739725,0.68404175,1,3,0,16.197435,0.73571741,-0.82431732,-1.3426448,-1.4466452,-1.5957281,-0.64745094,-1.5469314,-1.8943348,-1.2521555,-0.82431732,-0.64745094,5,1,2,5,7,3,2,5,8,6,5,3,3,6,8,4,5,7,8,8,0.15411395,0.29420718
-15.297267,0.82276869,0.68404175,1,3,0,15.881926,0.73571741,-0.82431732,-1.3426448,-1.4466452,-1.5957281,-0.64745094,-1.5469314,-1.8943348,-1.2521555,-0.82431732,-0.64745094,8,5,4,4,7,5,6,5,3,8,7,5,4,6,8,4,4,6,7,6,0.15411395,0.086646693
-15.390951,0.94208734,0.68404175,2,3,0,15.639049,0.85483342,-0.58625497,-1.1703913,-1.4669738,-1.6754344,-0.49189155,-1.4553898,-2.069996,-1.2230283,-0.58625497,-0.49189155,5,2,5,4,6,4,5,8,2,8,7,1,3,6,8,1,5,6,7,8,-0.29496257,0.33277105
-15.355204,0.89377089,0.68404175,2,3,0,16.341476,0.84748785,-0.60069542,-1.1808868,-1.4653089,-1.6696427,-0.50138168,-1.460686,-2.0583069,-1.2242387,-0.60069542,-0.50138168,8,1,3,6,7,6,2,8,7,8,7,1,2,5,8,1,3,5,7,8,-0.25423031,0.7738617
-15.252246,0.96416451,0.68404175,2,3,0,15.685634,0.75859879,-0.77793106,-1.309211,-1.4494283,-1.608711,-0.61729001,-1.5284261,-1.9258121,-1.2450611,-0.77793106,-0.61729001,7,2,1,1,6,3,4,7,4,6,6,3,4,4,8,2,6,8,8,7,0.094182268,0.29918234
-15.249461,1,0.68404175,1,1,0,15.255901,0.76058284,-0.77392387,-1.3063198,-1.4496953,-1.6098884,-0.61468107,-1.5268418,-1.9285916,-1.2444779,-0.77392387,-0.61468107,7,1,4,5,4,3,5,8,4,8,8,3,4,2,7,2,6,8,8,6,0.088541404,0.47147017
-15.26834,0.98219154,0.68404175,2,3,0,15.350675,0.74898097,-0.79738993,-1.3232441,-1.4481921,-1.6031203,-0.62995127,-1.5361521,-1.9124517,-1.2479608,-0.79738993,-0.62995127,5,3,4,1,4,5,5,7,4,8,6,3,3,6,7,7,4,4,8,8,0.12049123,0.21303966
-15.363129,0.95728047,0.68404175,1,3,0,15.510036,0.84921802,-0.59729135,-1.1784132,-1.4656963,-1.6709963,-0.49914518,-1.4594343,-2.0610498,-1.2239463,-0.59729135,-0.49914518,6,4,1,3,7,5,7,5,7,4,7,1,4,8,8,2,7,7,7,7,-0.26360018,0.49336737
-15.734111,0.94747164,0.68404175,1,3,0,15.740784,0.89748017,-0.50302069,-1.1097786,-1.4776782,-1.7113847,-0.43705532,-1.425577,-2.1401484,-1.2176651,-0.50302069,-0.43705532,8,5,3,6,8,4,7,7,5,8,4,3,3,3,8,3,6,4,7,8,-0.59410382,0.82809168
-15.438939,1,0.68404175,1,1,0,15.68412,0.86322963,-0.56978678,-1.1584147,-1.4689416,-1.6821979,-0.48106032,-1.4493937,-2.0834979,-1.2217459,-0.56978678,-0.48106032,5,4,4,7,5,3,3,6,6,8,8,1,5,3,7,6,6,8,8,8,-0.34476697,0.30077362
-15.277792,0.99747098,0.68404175,1,3,0,15.406224,0.82528131,-0.64453914,-1.212716,-1.460599,-1.6528416,-0.53015266,-1.4769807,-2.023664,-1.2283889,-0.64453914,-0.53015266,7,1,5,2,8,5,7,7,8,8,8,1,2,4,6,5,7,4,8,8,-0.1448496,0.61129396
-15.273948,0.70261425,0.68404175,2,3,0,17.375688,0.82373918,-0.64759446,-1.214932,-1.4602901,-1.6517142,-0.53215521,-1.4781281,-2.0212968,-1.2287041,-0.64759446,-0.53215521,7,3,3,3,8,4,2,8,7,8,8,7,5,4,6,4,6,8,8,7,-0.13793231,0.45329379
-15.644412,0.93428054,0.68404175,1,3,0,15.680728,0.88909482,-0.51930581,-1.1216534,-1.4754345,-1.7040007,-0.44780238,-1.4313116,-2.1260439,-1.2184898,-0.51930581,-0.44780238,5,1,4,3,4,1,2,8,3,8,8,3,1,4,8,4,4,6,8,6,-0.52487162,0.17133186
-16.055384,0.94460817,0.68404175,1,1,0,16.057692,0.92013459,-0.45921866,-1.0778014,-1.4840766,-1.732114,-0.40810533,-1.4104002,-2.1790256,-1.2160231,-0.45921866,-0.40810533,5,1,2,4,4,4,4,6,7,6,6,1,5,6,8,4,6,7,8,8,-0.81888827,0.40357942
-15.766368,1,0.68404175,1,1,0,16.041047,0.90021684,-0.4977143,-1.1059077,-1.4784251,-1.7138282,-0.43355156,-1.4237191,-2.1447848,-1.217421,-0.4977143,-0.43355156,8,4,2,7,6,4,5,5,7,8,7,3,3,6,8,3,6,8,8,7,-0.61811599,0.4912103
-16.116871,0.95643705,0.68404175,1,1,0,16.130964,0.9235709,-0.45259928,-1.0729642,-1.4850899,-1.7353585,-0.40372487,-1.4081387,-2.1850217,-1.2158503,-0.45259928,-0.40372487,7,4,2,2,8,4,2,7,7,7,8,3,5,2,8,4,4,8,4,8,-0.85914001,0.2707573
-15.303199,0.9625612,0.68404175,1,3,0,16.621906,0.7333563,-0.82912208,-1.3461043,-1.4463891,-1.5944508,-0.65057089,-1.5488653,-1.891147,-1.2529257,-0.82912208,-0.65057089,5,4,5,4,6,1,5,3,8,7,5,3,3,5,4,2,3,6,7,8,0.15979389,0.32921804
-16.017717,0.84750883,0.68404175,1,3,0,16.022198,0.59093225,-1.1254764,-1.5581603,-1.442131,-1.5388011,-0.84148621,-1.6737783,-1.719404,-1.31166,-1.1254764,-0.84148621,6,6,3,6,4,2,3,6,5,6,8,2,4,2,8,3,4,7,8,6,0.37183108,0.45941518
-15.383682,1,0.68404175,2,3,0,15.909422,0.85342857,-0.58901434,-1.1723973,-1.4666513,-1.6743177,-0.49370552,-1.4563991,-2.0677515,-1.2232535,-0.58901434,-0.49370552,8,4,4,6,5,7,6,8,6,6,5,7,3,2,8,3,5,5,8,8,-0.28697637,0.39211179
-15.322137,0.98861572,0.68404175,2,3,0,15.525022,0.83944402,-0.61654402,-1.1923988,-1.4635466,-1.6634342,-0.51178921,-1.4665393,-2.045638,-1.2256575,-0.61654402,-0.51178921,5,1,1,6,8,2,4,5,7,5,5,1,5,5,7,6,6,6,8,8,-0.21236861,0.74950924
-15.235261,0.95336917,0.68404175,2,3,0,15.729912,0.77460774,-0.74566549,-1.2859179,-1.4516978,-1.6184477,-0.59626766,-1.5157356,-1.9484685,-1.2405041,-0.74566549,-0.59626766,6,2,4,5,8,5,3,8,7,8,8,6,4,3,7,3,4,3,8,7,0.046447921,0.67695982
-15.525606,0.93286835,0.68404175,1,3,0,15.54745,0.6731821,-0.9527444,-1.4348799,-1.4418645,-1.5658122,-0.73057495,-1.5996756,-1.8136786,-1.2748731,-0.9527444,-0.73057495,6,4,4,3,7,2,4,8,7,7,7,1,5,4,8,1,4,7,7,8,0.27766791,0.55855432
-15.422325,0.90949892,0.68404175,1,3,0,15.992373,0.86047732,-0.5751807,-1.1623383,-1.468289,-1.6799639,-0.48460893,-1.4513524,-2.0790553,-1.2221543,-0.5751807,-0.48460893,8,2,5,3,8,5,5,6,8,8,8,4,5,8,6,5,4,8,8,7,-0.32803667,0.94188502
-15.336251,1,0.68404175,1,1,0,15.411746,0.84306017,-0.60941458,-1.1872211,-1.4643309,-1.666208,-0.50710846,-1.463901,-2.0513164,-1.2250077,-0.60941458,-0.50710846,8,1,2,5,8,5,3,6,6,6,7,1,5,5,8,2,7,7,8,8,-0.23085029,0.50397838
-15.342475,0.9987097,0.68404175,1,1,0,15.364506,0.84456341,-0.60645309,-1.1850699,-1.4646608,-1.6673693,-0.50516362,-1.4628076,-2.0536851,-1.2247433,-0.60645309,-0.50516362,5,3,1,4,6,7,3,4,6,7,7,3,6,3,8,6,4,6,7,7,-0.23869339,0.30967557
-15.255344,0.96967917,0.68404175,2,3,0,15.607771,0.75653271,-0.78210645,-1.3122231,-1.4491547,-1.6074936,-0.62000788,-1.5300794,-1.9229262,-1.2456738,-0.78210645,-0.62000788,4,4,2,3,8,4,3,6,8,5,7,4,3,7,8,6,3,5,6,8,0.099977293,0.36424891
-15.301688,0.96426978,0.68404175,2,3,0,15.460395,0.83356642,-0.62814807,-1.2008231,-1.4622992,-1.6589859,-0.51940409,-1.4708517,-2.0364674,-1.2267552,-0.62814807,-0.51940409,7,3,4,4,8,4,1,7,7,8,7,4,4,5,8,1,6,5,8,8,-0.18344139,0.55202203
-15.652767,0.90779784,0.68404175,1,3,0,15.9145,0.64841893,-1.0042843,-1.4717578,-1.4411442,-1.5562075,-0.7637759,-1.6214262,-1.7838917,-1.2851521,-1.0042843,-0.7637759,5,2,3,2,8,5,2,6,7,8,7,3,3,4,7,4,6,7,8,5,0.31322622,0.51071315
-15.858796,0.97886661,0.68404175,2,3,0,15.957083,0.61419492,-1.0761713,-1.523062,-1.441277,-1.5450212,-0.80993191,-1.6522824,-1.744717,-1.3004978,-1.0761713,-0.80993191,5,5,2,1,8,4,7,6,5,7,4,1,5,8,8,4,5,6,6,8,0.35189352,0.16841092
-15.940857,0.99150555,0.68404175,2,3,0,16.121668,0.6019121,-1.1021596,-1.5415711,-1.4416499,-1.5415973,-0.82657435,-1.6635799,-1.7312192,-1.306319,-1.1021596,-0.82657435,7,1,8,4,8,3,4,8,7,7,7,4,7,7,6,3,6,6,5,8,0.36303316,0.79986549
-17.052415,0.72492032,0.68404175,1,1,0,17.125674,0.47195257,-1.3834742,-1.7406169,-1.4566667,-1.524608,-1.0052257,-1.7902353,-1.6065398,-1.377457,-1.3834742,-1.0052257,5,3,2,4,8,2,4,6,7,6,5,4,2,2,6,2,4,4,7,7,0.40231351,0.44702699
-16.9064,1,0.68404175,2,7,0,16.942347,0.95405993,-0.39414984,-1.0301976,-1.494569,-1.7653125,-0.36498233,-1.3885496,-2.2393819,-1.2152321,-0.39414984,-0.36498233,5,2,5,6,4,1,1,6,8,3,8,1,2,5,8,4,5,8,8,8,-1.3356869,0.38666694
-15.366164,0.96943372,0.68404175,1,3,0,17.075422,0.84986402,-0.59602079,-1.1774899,-1.4658417,-1.6715034,-0.49831032,-1.4589676,-2.0620755,-1.2238382,-0.59602079,-0.49831032,8,3,2,4,7,2,7,6,6,5,8,2,4,7,8,6,7,6,8,8,-0.26713332,0.5974099
-15.478507,0.97870094,0.68404175,1,1,0,15.485864,0.86925445,-0.55799448,-1.1498338,-1.470396,-1.6871457,-0.47329889,-1.4451291,-2.0932793,-1.2208929,-0.55799448,-0.47329889,7,2,1,2,7,5,4,4,8,7,7,5,4,6,7,2,3,7,6,8,-0.38286212,0.22635165
-15.283295,0.97286937,0.68404175,1,3,0,15.657133,0.74169439,-0.81216969,-1.3338952,-1.4473196,-1.5990137,-0.63955943,-1.5420561,-1.9024548,-1.2502374,-0.81216969,-0.63955943,6,3,5,6,4,5,4,8,8,7,8,5,3,4,7,4,5,8,7,5,0.13932963,0.66363348
-15.377739,0.93629903,0.68404175,2,3,0,15.648391,0.85224902,-0.59133206,-1.1740821,-1.466382,-1.6733833,-0.49522896,-1.4572478,-2.0658703,-1.2234448,-0.59133206,-0.49522896,7,3,3,3,7,1,3,7,7,7,7,4,2,5,8,6,4,7,7,7,-0.28034402,0.67708147
-15.622838,0.92566104,0.68404175,1,3,0,16.016197,0.65392679,-0.99278659,-1.4635378,-1.4412457,-1.5582341,-0.75637716,-1.6165465,-1.7904121,-1.282805,-0.99278659,-0.75637716,7,3,4,7,8,1,5,6,7,6,8,1,2,5,8,5,8,7,8,7,0.30589465,0.6964852
-15.247138,0.992229,0.68404175,1,3,0,15.664334,0.80976514,-0.67534338,-1.2350456,-1.4575989,-1.6417301,-0.55032842,-1.488617,-2.0000731,-1.2317159,-0.67534338,-0.55032842,5,3,7,2,8,1,5,8,8,8,8,4,4,5,6,7,4,4,7,8,-0.078747406,0.80874425
-15.290114,0.98489044,0.68404175,1,3,0,15.342052,0.73869667,-0.81825953,-1.3382821,-1.4469767,-1.5973565,-0.64351622,-1.5444976,-1.8983732,-1.2511937,-0.81825953,-0.64351622,8,5,1,2,8,6,3,3,7,8,3,3,5,4,8,4,5,6,8,5,0.14681821,0.32543688
-15.363982,0.97815044,0.68404175,1,1,0,15.371039,0.71288426,-0.87092602,-1.376175,-1.4444152,-1.5838628,-0.67768309,-1.5658239,-1.8639779,-1.2598971,-0.87092602,-0.67768309,7,1,4,8,8,4,3,6,5,8,8,2,2,6,8,6,3,8,8,2,0.2054534,0.71671442
-15.832976,0.78801212,0.68404175,1,3,0,16.561349,0.90548043,-0.48751989,-1.0984687,-1.4798817,-1.7185746,-0.42681767,-1.4201645,-2.1537485,-1.2169866,-0.48751989,-0.42681767,6,2,4,4,5,4,3,5,6,5,7,1,5,3,8,3,4,5,8,8,-0.66647854,0.35763439
-15.238075,0.95966968,0.68404175,2,3,0,16.31354,0.77087719,-0.75317054,-1.2913387,-1.4511454,-1.6161305,-0.60116064,-1.5186739,-1.9431421,-1.2415356,-0.75317054,-0.60116064,3,2,1,4,8,5,4,8,7,8,7,2,4,4,6,2,6,7,7,5,0.058036147,0.40982207
-15.232317,1,0.68404175,1,3,0,15.236553,0.78045016,-0.73392858,-1.2774372,-1.4525915,-1.6221355,-0.58861187,-1.5111573,-1.9568676,-1.2389263,-0.73392858,-0.58861187,7,7,2,5,7,5,2,8,8,6,8,2,3,7,7,5,7,8,6,8,0.027699059,0.53338337
-15.647309,0.93228804,0.68404175,2,3,0,15.676337,0.88938585,-0.51873996,-1.1212409,-1.4755112,-1.7042544,-0.4474291,-1.4311116,-2.1265308,-1.2184592,-0.51873996,-0.4474291,5,4,4,3,7,4,2,8,7,7,8,4,4,7,8,5,3,6,7,7,-0.52717189,0.10583779
-18.250972,0.87496376,0.68404175,2,3,0,18.419898,0.36854796,-1.6160619,-1.903348,-1.4842593,-1.536718,-1.1508395,-1.9001721,-1.5312085,-1.4456275,-1.6160619,-1.1508395,8,1,5,2,8,5,7,8,4,7,7,3,2,2,7,5,4,2,8,6,0.33384176,0.57732128
-16.918757,1,0.68404175,1,1,0,18.184977,0.48525365,-1.3541343,-1.7199701,-1.4541633,-1.524719,-0.98672197,-1.7766801,-1.6177756,-1.3694076,-1.3541343,-0.98672197,8,2,5,6,7,2,2,5,7,7,4,1,4,5,7,4,6,6,7,8,0.40459491,0.60512627
-15.774609,1,0.68404175,1,1,0,16.616038,0.62751075,-1.0481102,-1.5030539,-1.4410679,-1.5490856,-0.79193605,-1.6401677,-1.7596849,-1.2943728,-1.0481102,-0.79193605,7,2,3,7,8,3,6,3,6,7,8,2,7,6,8,1,4,6,4,8,0.33821789,0.53282872
-15.281442,1,0.68404175,2,3,0,15.742674,0.82668125,-0.64176674,-1.210705,-1.4608815,-1.6538695,-0.52833527,-1.475941,-2.0258173,-1.2281058,-0.64176674,-0.52833527,5,5,4,4,5,4,3,7,4,7,8,4,4,2,8,3,4,5,6,8,-0.15119953,0.55161228
-15.307341,0.99428196,0.68404175,1,1,0,15.313651,0.8352801,-0.62476271,-1.1983658,-1.4626594,-1.6602751,-0.517183,-1.4695913,-2.0391337,-1.2264299,-0.62476271,-0.517183,3,3,3,4,7,3,4,7,3,7,8,1,5,6,7,4,3,7,8,8,-0.19173753,0.47191049
-15.675376,0.96924776,0.68404175,2,3,0,15.699572,0.64436582,-1.0127578,-1.4778132,-1.4410911,-1.5547563,-0.76922565,-1.6250325,-1.7791318,-1.2869013,-1.0127578,-0.76922565,5,2,3,4,7,4,6,6,5,8,8,1,4,4,6,4,7,7,7,8,0.31841814,0.29031528
-15.630078,0.44463008,0.68404175,2,3,0,19.17344,0.88763214,-0.5221505,-1.1237269,-1.47505,-1.7027286,-0.44967877,-1.4323184,-2.1235993,-1.2186454,-0.5221505,-0.44967877,8,2,1,6,7,7,7,8,5,8,8,1,2,6,7,7,4,8,7,6,-0.51341573,0.60896399
-15.345263,0.8575871,0.68404175,2,3,0,17.553542,0.71863367,-0.85915951,-1.3677163,-1.4449248,-1.5867482,-0.67005784,-1.5610269,-1.871523,-1.2578866,-0.85915951,-0.67005784,4,2,5,6,6,2,2,5,6,8,6,3,4,5,8,2,5,6,7,8,0.19325812,0.25857262
-15.997649,0.6964976,0.68404175,2,7,0,16.842967,0.91669211,-0.46585642,-1.0826508,-1.4830728,-1.7288903,-0.41249649,-1.4126765,-2.1730449,-1.2162165,-0.46585642,-0.41249649,8,2,2,2,7,5,4,7,7,5,7,1,2,3,8,2,3,7,8,6,-0.78043615,0.26503301
-15.595862,0.91937181,0.68404175,1,3,0,16.996954,0.6590446,-0.98212065,-1.4559089,-1.4413703,-1.5601734,-0.74950964,-1.6120337,-1.7965244,-1.2806552,-0.98212065,-0.74950964,5,1,1,4,8,5,4,2,6,6,3,2,3,5,8,1,5,7,6,7,0.2987918,0.10805984
-15.493597,1,0.68404175,1,1,0,15.626524,0.68009385,-0.93842902,-1.4246229,-1.4421859,-1.5687196,-0.72133717,-1.5936916,-1.8222095,-1.272131,-0.93842902,-0.72133717,6,2,2,4,7,2,3,7,4,5,5,2,4,4,6,3,6,8,8,6,0.26650739,0.51287938
-15.316877,1,0.68404175,1,1,0,15.445761,0.72822568,-0.83957449,-1.3536278,-1.4458529,-1.5917152,-0.65735543,-1.5530834,-1.8842588,-1.2546237,-0.83957449,-0.65735543,8,3,1,3,8,6,2,6,6,7,8,3,6,4,7,4,6,4,7,5,0.17183192,0.43033801
-15.493907,0.94718546,0.68404175,1,1,0,15.500219,0.68002528,-0.93857089,-1.4247246,-1.4421824,-1.5686903,-0.72142875,-1.5937508,-1.8221244,-1.2721579,-0.93857089,-0.72142875,6,3,3,6,4,5,3,8,5,2,3,2,4,2,8,2,4,6,7,8,0.26662087,0.19784084
-16.268163,0.78326706,0.68404175,1,1,0,16.280677,0.55792479,-1.1960622,-1.6082799,-1.4444301,-1.5319004,-0.88651363,-1.7049984,-1.685309,-1.3284809,-1.1960622,-0.88651363,7,5,1,3,7,2,5,4,8,6,8,3,2,2,5,4,3,5,8,8,0.39195311,0.28957866
-17.2152,0.92501097,0.68404175,2,3,0,17.374314,0.45633035,-1.418099,-1.7649486,-1.4599019,-1.5249578,-1.0270237,-1.8063271,-1.5937899,-1.3871253,-1.418099,-1.0270237,7,1,5,1,7,3,7,8,8,8,6,2,1,5,8,1,2,6,4,7,0.39780771,0.78571122
-15.231217,1,0.68404175,1,3,0,16.901341,0.78683941,-0.72111645,-1.2681751,-1.4536086,-1.626251,-0.58024944,-1.5061831,-1.966133,-1.2372538,-0.72111645,-0.58024944,8,4,4,6,8,1,1,6,8,5,8,2,3,6,8,6,6,6,7,6,0.0063189145,0.59716602
-15.273418,0.93259289,0.68404175,2,3,0,15.607262,0.82352065,-0.64802753,-1.2152461,-1.4602465,-1.6515549,-0.53243904,-1.4782908,-2.0209618,-1.228749,-0.64802753,-0.53243904,5,3,3,2,7,3,3,5,7,5,8,2,2,8,8,5,6,8,7,8,-0.13695858,0.090902626
-15.242185,0.9747494,0.68404175,2,3,0,15.446014,0.76658731,-0.76181114,-1.2975776,-1.4505278,-1.6135022,-0.60679161,-1.522067,-1.9370523,-1.2427447,-0.76181114,-0.60679161,6,3,5,6,8,4,2,6,8,6,8,1,4,5,8,7,5,8,8,7,0.071005586,0.56506956
-15.277043,0.96667084,0.68404175,2,3,0,15.430634,0.82498644,-0.64512325,-1.2131397,-1.4605398,-1.6526256,-0.53053553,-1.4772,-2.023211,-1.2284489,-0.64512325,-0.53053553,7,1,1,6,8,2,4,8,6,7,8,3,1,8,8,4,7,7,8,8,-0.14352067,0.71767057
-15.291115,0.99684424,0.68404175,1,1,0,15.298729,0.83013538,-0.63493114,-1.2057456,-1.4615869,-1.6564235,-0.52385323,-1.4733827,-2.0311477,-1.2274196,-0.63493114,-0.52385323,4,4,2,3,7,1,4,6,8,8,8,2,1,6,8,2,6,8,7,7,-0.16716052,0.78095195
-15.313762,0.99506355,0.68404175,1,1,0,15.32258,0.83714017,-0.6210901,-1.1956996,-1.4630536,-1.6616817,-0.514773,-1.4682261,-2.0420347,-1.2260817,-0.6210901,-0.514773,7,1,4,6,7,4,4,8,6,8,7,2,3,5,8,2,3,4,6,8,-0.20086966,0.8520142
-15.992008,0.88862861,0.68404175,1,3,0,16.085625,0.91634363,-0.46652872,-1.0831419,-1.4829718,-1.7285655,-0.41294117,-1.4129075,-2.172441,-1.2162372,-0.46652872,-0.41294117,6,1,3,4,6,3,6,6,8,8,8,1,1,8,8,5,4,6,8,5,-0.77664204,0.69738139
-16.097507,0.98799952,0.68404175,1,1,0,16.186442,0.92251272,-0.45463697,-1.0744534,-1.4847767,-1.7343565,-0.40507349,-1.408834,-2.1831725,-1.2159013,-0.45463697,-0.40507349,7,3,3,6,2,2,1,6,6,6,7,3,4,5,8,5,4,8,8,8,-0.84653612,0.21471408
-15.456754,0.93464806,0.68404175,1,3,0,16.919398,0.68851171,-0.92103523,-1.412152,-1.4426475,-1.5723942,-0.71010347,-1.5864552,-1.8327276,-1.2688673,-0.92103523,-0.71010347,5,5,2,5,8,1,2,5,5,8,6,1,1,4,8,4,2,4,7,4,0.25214299,0.26858206
-15.928578,0.75168075,0.68404175,1,3,0,16.944776,0.91226355,-0.47440511,-1.0888943,-1.481798,-1.7247822,-0.41814967,-1.4156206,-2.1653898,-1.2164952,-0.47440511,-0.41814967,7,2,2,6,8,2,2,6,2,8,8,4,2,7,7,5,7,5,7,8,-0.7334847,0.34164512
-17.121843,0.91911828,0.68404175,2,7,0,17.131106,0.46521562,-1.3983839,-1.7510988,-1.4580225,-1.5246951,-1.0146173,-1.7971521,-1.6009823,-1.3815982,-1.3983839,-1.0146173,6,1,6,3,8,3,1,4,4,6,6,6,4,6,5,3,3,7,6,6,0.40061355,0.24752413
-18.500814,0.77814113,0.68404175,1,1,0,18.718495,0.34978145,-1.6591549,-1.9333128,-1.4908915,-1.5414309,-1.1776079,-1.9209869,-1.5198522,-1.4590273,-1.6591549,-1.1776079,6,2,2,3,7,1,3,1,5,8,6,1,2,6,7,5,3,5,8,8,0.31086597,0.6125765
-16.244811,0.99908564,0.68404175,2,7,0,18.294371,0.930064,-0.44010925,-1.0638336,-1.4870351,-1.7415614,-0.39545547,-1.4038951,-2.1964236,-1.21558,-0.44010925,-0.39545547,5,2,4,6,7,4,6,8,5,7,8,1,4,4,7,4,5,8,8,7,-0.94091711,0.64399499
-16.233337,1,0.68404175,1,1,0,16.39099,0.92951444,-0.44116548,-1.0646059,-1.4868689,-1.7410327,-0.39615498,-1.4042528,-2.195455,-1.2156001,-0.44116548,-0.39615498,8,3,4,3,6,4,1,3,7,8,8,1,3,4,7,5,4,7,8,7,-0.93368089,0.50742585
-15.701213,0.90833551,0.68404175,1,3,0,17.573694,0.63983803,-1.0222364,-1.4845843,-1.4410535,-1.5531752,-0.77531886,-1.6290763,-1.7738528,-1.2888771,-1.0222364,-0.77531886,8,1,3,4,8,1,5,7,6,8,8,3,2,7,4,6,2,6,6,7,0.32401783,0.84943736
-15.25075,1,0.68404175,1,3,0,15.5826,0.75964835,-0.77581097,-1.3076814,-1.449569,-1.6093328,-0.61590976,-1.5275876,-1.9272814,-1.2447519,-0.77581097,-0.61590976,7,4,2,6,8,3,4,6,6,7,7,2,4,3,8,3,5,6,6,5,0.0912076,0.38280226
-15.482991,0.96344965,0.68404175,2,3,0,15.487612,0.86989606,-0.55673986,-1.1489207,-1.470553,-1.6876773,-0.47247286,-1.4446768,-2.0943256,-1.2208055,-0.55673986,-0.47247286,6,1,2,3,8,2,7,7,7,8,8,4,4,5,8,5,5,7,8,6,-0.3870437,0.8054448
-15.238756,1,0.68404175,1,3,0,15.466326,0.80272917,-0.68935828,-1.2451958,-1.4563179,-1.6368608,-0.55949718,-1.4939609,-1.989541,-1.2333375,-0.68935828,-0.55949718,8,2,3,5,7,3,6,7,7,6,8,2,3,6,8,6,4,8,8,8,-0.05115616,0.49297222
-15.275807,0.99617388,0.68404175,2,3,0,15.277185,0.74520154,-0.8050519,-1.3287665,-1.4477326,-1.6009764,-0.63493316,-1.539209,-1.907253,-1.2491331,-0.8050519,-0.63493316,8,1,6,1,8,1,3,6,5,8,7,3,3,7,7,3,6,5,8,6,0.13037649,0.74374378
-15.718135,0.8389333,0.68404175,1,3,0,16.133091,0.89607442,-0.50574806,-1.1117679,-1.4772973,-1.7101359,-0.4388558,-1.426534,-2.1377732,-1.2177953,-0.50574806,-0.4388558,5,1,1,7,4,4,4,5,7,8,8,1,4,8,3,3,5,2,8,8,-0.58205256,0.69060865
-15.231279,0.98402336,0.68404175,1,3,0,15.785757,0.78525043,-0.72430049,-1.2704773,-1.4533518,-1.6252194,-0.58232817,-1.507417,-1.9638209,-1.2376646,-0.72430049,-0.58232817,8,2,1,2,8,1,5,7,8,7,8,5,2,4,8,3,4,7,7,6,0.011724143,0.78815004
-15.233011,0.99407427,0.68404175,2,3,0,15.265556,0.79461487,-0.70555732,-1.2569206,-1.4549025,-1.6313759,-0.57008662,-1.5001758,-1.9775222,-1.2352937,-0.70555732,-0.57008662,8,1,3,2,8,3,4,4,6,6,8,3,5,5,8,3,4,6,8,8,-0.02100662,0.57749297
-15.631289,0.93716683,0.68404175,2,3,0,15.68189,0.88775721,-0.52190722,-1.1235496,-1.4750828,-1.7028372,-0.44951831,-1.4322322,-2.1238081,-1.218632,-0.52190722,-0.44951831,3,5,4,1,7,4,5,7,7,6,8,3,4,7,8,4,5,6,8,8,-0.51438847,0.20274631
-15.691383,0.91370587,0.68404175,1,3,0,16.53754,0.64154816,-1.0186548,-1.4820261,-1.441065,-1.5537674,-0.77301683,-1.6275471,-1.7758419,-1.2881281,-1.0186548,-0.77301683,6,2,1,6,6,4,4,5,5,7,7,2,3,4,8,2,5,8,7,8,0.32192748,0.19828187
-15.631611,1,0.68404175,1,1,0,15.785178,0.65229468,-0.99619161,-1.4659726,-1.4412121,-1.557627,-0.75856874,-1.61799,-1.7884737,-1.2834969,-0.99619161,-0.75856874,7,7,2,7,8,4,5,7,8,8,8,4,3,7,7,3,3,8,7,8,0.30810068,0.70524042
-15.933454,0.90863028,0.68404175,1,1,0,16.013782,0.60299505,-1.0998642,-1.5399372,-1.4416101,-1.5418866,-0.82510537,-1.6625791,-1.7323974,-1.3057992,-1.0998642,-0.82510537,8,4,3,6,7,6,3,5,7,8,7,1,4,5,6,4,1,5,8,5,0.36210665,0.40533573
-15.402303,1,0.68404175,1,1,0,15.772879,0.70212896,-0.89299266,-1.3920274,-1.4435566,-1.5786498,-0.69197061,-1.5748693,-1.8500412,-1.2637669,-0.89299266,-0.69197061,5,7,1,1,6,4,4,3,8,8,7,4,3,5,6,4,4,7,7,8,0.22702664,0.1973546
-15.371234,0.9386393,0.68404175,1,3,0,15.726464,0.85092348,-0.59393757,-1.1759759,-1.466081,-1.672337,-0.49694135,-1.4582031,-2.0637597,-1.2236624,-0.59393757,-0.49694135,3,2,3,5,8,3,2,7,8,7,4,1,5,7,8,3,1,5,5,8,-0.27296915,0.87596741
-15.233806,0.9493793,0.68404175,2,3,0,15.760796,0.77705813,-0.7407404,-1.2823597,-1.4520683,-1.6199856,-0.59305567,-1.513812,-1.9519827,-1.2398368,-0.7407404,-0.59305567,5,2,1,5,6,5,3,5,4,8,8,2,1,5,7,5,5,4,8,7,0.038675151,0.25784384
-15.257433,0.96864982,0.68404175,2,3,0,15.412446,0.81603666,-0.66287562,-1.2260112,-1.4587826,-1.6461594,-0.54216628,-1.483889,-2.0095478,-1.2303296,-0.66287562,-0.54216628,7,1,3,5,4,3,3,5,4,7,6,7,2,8,8,4,5,6,7,8,-0.10455531,0.42954029
-15.335165,0.98735152,0.68404175,1,3,0,15.335305,0.84279271,-0.60994164,-1.1876039,-1.4642725,-1.6660018,-0.50745455,-1.4640958,-2.0508955,-1.2250551,-0.60994164,-0.50745455,8,3,2,3,6,4,4,7,5,3,8,1,5,6,8,7,5,3,8,8,-0.22946481,0.24674358
-15.984566,0.90231963,0.68404175,1,3,0,16.054927,0.91588045,-0.46742241,-1.0837946,-1.4828378,-1.7281341,-0.41353225,-1.4132147,-2.1716387,-1.2162651,-0.46742241,-0.41353225,7,4,3,2,8,3,3,4,5,8,6,5,3,8,6,3,5,7,8,8,-0.77162621,0.63766278
-15.241024,0.94900233,0.68404175,2,3,0,16.657826,0.80492529,-0.68498072,-1.242026,-1.4567124,-1.6383693,-0.55663402,-1.4922884,-1.9928173,-1.2328238,-0.68498072,-0.55663402,8,1,4,3,8,2,2,6,8,6,7,2,3,3,6,3,3,5,8,8,-0.059619014,0.5136563
-15.452878,0.95544831,0.68404175,1,3,0,15.482339,0.86543129,-0.56547512,-1.1552777,-1.469469,-1.6839968,-0.47822301,-1.4478316,-2.0870633,-1.2214276,-0.56547512,-0.47822301,7,4,5,6,6,1,6,6,7,8,8,1,7,6,8,2,4,6,5,6,-0.35844819,0.54715499
-15.556164,0.93518933,0.68404175,1,3,0,16.051506,0.66687524,-0.96583357,-1.444253,-1.4416168,-1.5632455,-0.73901532,-1.6051691,-1.8059771,-1.2774239,-0.96583357,-0.73901532,7,4,2,2,8,5,5,7,8,7,7,3,5,4,6,3,3,6,8,2,0.28736897,0.71531428
-15.430556,1,0.68404175,1,1,0,15.55755,0.6948618,-0.9079437,-1.4027599,-1.4430466,-1.5752635,-0.70164157,-1.5810339,-1.8407554,-1.2664612,-0.9079437,-0.70164157,7,1,2,2,5,5,3,5,8,8,5,1,6,3,6,2,3,7,6,6,0.24072668,0.10454278
-15.430556,0.4000976,0.68404175,1,3,0,18.38876,0.6948618,-0.9079437,-1.4027599,-1.4430466,-1.5752635,-0.70164157,-1.5810339,-1.8407554,-1.2664612,-0.9079437,-0.70164157,4,5,2,4,8,3,8,7,7,8,8,2,4,6,8,4,3,7,8,7,0.24072668,0.48774067
-15.34828,1,0.68404175,1,1,0,15.427109,0.71768047,-0.86110887,-1.3691179,-1.4448379,-1.586265,-0.67132145,-1.5618203,-1.8702675,-1.2582171,-0.86110887,-0.67132145,7,3,3,4,8,4,8,7,8,7,8,3,3,4,7,3,5,8,8,5,0.19531287,0.51883746
-15.329539,1,0.68404175,1,1,0,15.367644,0.72379514,-0.84861373,-1.3601316,-1.4454121,-1.5893971,-0.6632197,-1.5567432,-1.8783531,-1.2561165,-0.84861373,-0.6632197,7,3,3,6,8,3,7,5,6,5,6,5,2,6,8,4,5,6,7,8,0.18190015,0.76087647
-15.402635,0.97794278,0.68404175,1,1,0,15.42022,0.70204079,-0.89317386,-1.3921575,-1.4435501,-1.578608,-0.69208787,-1.5749439,-1.8499279,-1.2637992,-0.89317386,-0.69208787,5,1,2,2,4,3,3,8,5,8,8,3,5,3,7,3,8,7,5,8,0.22719702,0.17576236
-15.42967,0.85357436,0.68404175,2,3,0,16.145205,0.69508282,-0.90748849,-1.4024332,-1.4430613,-1.5753649,-0.70134724,-1.5808458,-1.8410362,-1.2663783,-0.90748849,-0.70134724,7,4,2,6,7,7,2,8,8,3,7,2,2,4,8,1,5,7,5,7,0.24032011,0.60327419
-15.297254,1,0.68404175,1,1,0,15.394362,0.73572264,-0.82430667,-1.3426371,-1.4466458,-1.595731,-0.64744402,-1.5469271,-1.8943418,-1.2521538,-0.82430667,-0.64744402,7,1,4,2,7,2,5,8,8,8,8,1,3,6,8,3,6,8,8,8,0.15410127,0.72443707
-15.627486,0.90383833,0.68404175,1,1,0,15.62754,0.65306024,-0.99459424,-1.4648304,-1.4412275,-1.5579111,-0.75754067,-1.6173126,-1.7893822,-1.283172,-0.99459424,-0.75754067,6,3,1,5,7,2,6,6,7,6,8,2,2,4,8,4,3,8,8,8,0.30706945,0.50020234
-15.99361,0.89044276,0.68404175,1,1,0,16.065783,0.59432617,-1.1182604,-1.5530282,-1.4419673,-1.5396387,-0.83687337,-1.6706159,-1.7230309,-1.3099953,-1.1182604,-0.83687337,7,2,5,7,8,5,7,8,8,8,5,4,2,3,8,5,5,8,7,8,0.36922665,0.90966736
-15.420934,1,0.68404175,1,1,0,15.821125,0.69728352,-0.9029577,-1.3991814,-1.4432102,-1.5763798,-0.69841726,-1.5789749,-1.8438381,-1.2655562,-0.9029577,-0.69841726,7,2,3,1,5,3,5,6,6,8,7,4,2,5,6,1,7,7,8,8,0.23623766,0.4064612
-15.420934,0.70639296,0.68404175,1,3,0,16.757524,0.69728352,-0.9029577,-1.3991814,-1.4432102,-1.5763798,-0.69841726,-1.5789749,-1.8438381,-1.2655562,-0.9029577,-0.69841726,6,1,3,1,8,8,4,8,7,8,8,3,8,5,8,3,3,8,7,8,0.23623766,0.15369554
-16.421427,0.72989582,0.68404175,1,1,0,16.421635,0.53937156,-1.236066,-1.6366177,-1.4462947,-1.5290162,-0.91195587,-1.7229153,-1.667082,-1.3384291,-1.236066,-0.91195587,6,4,3,6,4,6,4,3,6,7,5,4,5,5,8,1,3,8,7,6,0.39924533,0.33588606
-15.277015,1,0.68404175,1,3,0,16.104647,0.74461849,-0.80623469,-1.3296189,-1.4476631,-1.6006483,-0.63570204,-1.5396816,-1.9064536,-1.2493156,-0.80623469,-0.63570204,8,5,1,3,8,4,3,7,8,7,6,1,4,3,7,3,4,7,7,8,0.13187946,0.68063415
-15.277015,0.9564648,0.68404175,1,3,0,15.492248,0.74461849,-0.80623469,-1.3296189,-1.4476631,-1.6006483,-0.63570204,-1.5396816,-1.9064536,-1.2493156,-0.80623469,-0.63570204,6,2,3,3,7,4,5,6,3,8,7,3,3,4,8,1,4,7,7,8,0.13187946,0.22122982
-15.391299,0.96652149,0.68404175,1,1,0,15.393264,0.70509897,-0.88689186,-1.3876461,-1.4437813,-1.5800653,-0.68802217,-1.5723622,-1.8538666,-1.2626842,-0.88689186,-0.68802217,8,5,3,4,8,4,4,6,6,7,7,1,2,5,7,5,2,6,7,8,0.22122689,0.32530209
-15.51489,0.81723508,0.68404175,2,3,0,16.30876,0.6754588,-0.94802562,-1.4314996,-1.4419646,-1.5667589,-0.72753067,-1.5977003,-1.8164782,-1.2739637,-0.94802562,-0.72753067,6,6,3,6,8,2,5,5,5,7,7,1,4,5,8,3,5,6,8,8,0.27405357,0.27956748
-15.497392,1,0.68404175,1,1,0,15.586687,0.67925625,-0.94016222,-1.4258651,-1.4421441,-1.568362,-0.72245598,-1.5944148,-1.8211707,-1.2724603,-0.94016222,-0.72245598,8,2,2,2,8,4,3,6,6,3,6,3,3,1,7,5,4,5,8,8,0.26788988,0.15452204
-15.793473,0.91021018,0.68404175,1,1,0,15.836229,0.62445646,-1.0545363,-1.5076379,-1.441098,-1.548121,-0.79605957,-1.6429343,-1.7562209,-1.2957605,-1.0545363,-0.79605957,7,2,2,4,7,5,1,7,5,7,7,2,7,6,5,3,7,5,7,8,0.34150494,0.39760638
-15.490968,1,0.68404175,2,3,0,15.737811,0.68067711,-0.93722238,-1.4237581,-1.4422154,-1.5689695,-0.7205582,-1.5931884,-1.8229338,-1.2719021,-0.93722238,-0.7205582,6,3,3,6,6,4,3,1,7,8,8,4,3,4,5,3,4,4,7,8,0.26553975,0.42425324
-16.429333,0.74454984,0.68404175,1,1,0,16.435842,0.53844274,-1.238075,-1.6380395,-1.4463991,-1.5288907,-0.9132321,-1.7238192,-1.6661872,-1.3389363,-1.238075,-0.9132321,8,4,2,2,8,4,3,8,5,8,8,3,2,4,6,3,6,7,6,5,0.39953619,0.53594047
-15.455404,1,0.68404175,2,3,0,16.125187,0.68883109,-0.92037617,-1.4116793,-1.4426666,-1.5725366,-0.70967762,-1.5861818,-1.8331295,-1.2687452,-0.92037617,-0.70967762,6,2,1,3,8,5,2,7,6,7,7,3,2,3,6,5,5,6,8,7,0.25158088,0.66249928
-15.730017,0.77881494,0.68404175,2,7,0,16.529736,0.89712327,-0.50371303,-1.1102836,-1.4775813,-1.7110672,-0.43751239,-1.4258198,-2.139545,-1.2176979,-0.50371303,-0.43751239,8,4,4,3,6,4,4,5,8,8,8,2,4,2,7,2,6,6,8,7,-0.59102633,0.42649379
-15.292263,0.9551114,0.68404175,1,3,0,16.024161,0.73778494,-0.82011279,-1.3396169,-1.4468742,-1.5968562,-0.6447201,-1.5452416,-1.8971354,-1.2514868,-0.82011279,-0.6447201,8,4,1,6,8,6,4,8,3,4,8,2,2,6,8,4,6,5,7,6,0.1490663,0.28533762
-15.330229,0.98876827,0.68404175,1,1,0,15.34151,0.72356143,-0.84909087,-1.3604748,-1.4453894,-1.589276,-0.66352917,-1.5569367,-1.8780427,-1.256196,-0.84909087,-0.66352917,4,4,4,6,8,3,4,7,8,6,5,5,5,6,7,4,5,6,7,8,0.18242298,0.52797257
-15.98672,0.73320046,0.68404175,1,3,0,16.782639,0.91601495,-0.46716288,-1.0836051,-1.4828767,-1.7282593,-0.4133606,-1.4131255,-2.1718716,-1.216257,-0.46716288,-0.4133606,5,4,1,1,6,2,3,7,5,6,7,2,4,6,8,3,6,7,7,8,-0.77307959,0.48497702
-15.233465,1,0.68404175,2,3,0,15.833314,0.77772376,-0.73940315,-1.2813934,-1.4521701,-1.6204056,-0.59218342,-1.5132903,-1.9529394,-1.2396569,-0.73940315,-0.59218342,5,1,2,3,8,4,3,7,6,7,8,2,2,6,7,5,3,7,6,6,0.036541254,0.44659687
-15.288262,0.98362836,0.68404175,1,3,0,15.316989,0.82915151,-0.63687749,-1.2071579,-1.4613847,-1.6556934,-0.52512959,-1.4741104,-2.0296269,-1.2276133,-0.63687749,-0.52512959,6,4,1,4,7,4,6,6,7,3,8,4,1,4,8,2,3,6,8,8,-0.16257103,0.22747118
-15.241643,0.99681903,0.68404175,2,3,0,15.315661,0.80547781,-0.68387982,-1.2412287,-1.4568124,-1.6387505,-0.55591387,-1.4918683,-1.9936432,-1.2326957,-0.68387982,-0.55591387,8,6,3,5,7,6,7,8,6,3,7,3,1,1,8,2,3,5,8,7,-0.061769201,0.29483497
-15.511698,0.94259466,0.68404175,1,3,0,15.5559,0.87383316,-0.54904634,-1.1433199,-1.4715249,-1.6909589,-0.46740634,-1.4419094,-2.1007652,-1.2202828,-0.54904634,-0.46740634,7,2,1,6,7,4,5,7,6,6,7,2,1,5,6,5,5,5,5,7,-0.41325647,0.71267159
-15.551295,0.99329033,0.68404175,1,1,0,15.596273,0.87883786,-0.53927923,-1.1362072,-1.4727821,-1.6951793,-0.46097143,-1.4384114,-2.1089992,-1.2196537,-0.53927923,-0.46097143,2,5,2,3,6,1,4,3,6,4,7,2,6,7,8,6,6,8,8,8,-0.44802101,0.16054837
-15.410875,0.89536118,0.68404175,2,3,0,16.668173,0.85849054,-0.57907703,-1.1651721,-1.4678225,-1.6783615,-0.48717169,-1.4527705,-2.0758584,-1.2224564,-0.57907703,-0.48717169,3,4,2,4,5,5,3,6,6,5,6,1,2,6,7,5,3,4,8,8,-0.31620884,0.27093322
-15.256034,0.98347595,0.68404175,1,3,0,15.509206,0.75608983,-0.78300181,-1.312869,-1.4490966,-1.6072339,-0.62059061,-1.5304342,-1.9223087,-1.2458059,-0.78300181,-0.62059061,6,4,1,2,7,4,2,7,6,5,7,2,3,3,7,3,4,8,7,5,0.10120911,0.54259752
-15.256034,0.64507121,0.68404175,2,3,0,16.81057,0.75608983,-0.78300181,-1.312869,-1.4490966,-1.6072339,-0.62059061,-1.5304342,-1.9223087,-1.2458059,-0.78300181,-0.62059061,8,1,2,7,7,4,6,8,6,8,7,3,1,5,7,2,8,6,7,8,0.10120911,0.8779816
-15.270485,0.97995471,0.68404175,2,3,0,15.370162,0.82228244,-0.65048185,-1.2170259,-1.4600004,-1.6506539,-0.53404742,-1.4792137,-2.0190653,-1.2290049,-0.65048185,-0.53404742,7,1,4,3,8,7,7,7,5,5,8,2,4,6,7,7,6,4,8,7,-0.13147162,0.40391615
-15.714772,0.89071221,0.68404175,1,3,0,15.924082,0.63750348,-1.0271287,-1.4880782,-1.4410431,-1.5523766,-0.77846269,-1.6311677,-1.7711467,-1.2899049,-1.0271287,-0.77846269,7,3,3,4,8,6,6,6,7,7,7,1,2,3,8,4,6,8,5,5,0.32682352,0.90466516
-20.642454,0.27165799,0.68404175,3,7,0,21.120501,0.21632262,-1.9739208,-2.1503997,-1.5540613,-1.5983933,-1.3711151,-2.0766525,-1.460439,-1.5629519,-1.9739208,-1.3711151,8,2,2,4,5,5,5,5,4,6,5,2,4,4,8,5,5,8,6,5,0.01701724,0.1519534
-15.235989,0.99681395,0.68404175,2,3,0,19.495191,0.77354655,-0.74779952,-1.2874594,-1.4515392,-1.6177855,-0.59765916,-1.5165703,-1.9469505,-1.2407957,-0.74779952,-0.59765916,7,6,4,5,7,5,6,7,8,8,6,1,2,8,8,6,4,8,7,8,0.049774168,0.45044257
-15.242694,0.99666159,0.68404175,1,3,0,15.256941,0.80637673,-0.6820891,-1.2399318,-1.4569758,-1.639372,-0.55474239,-1.4911853,-1.9949882,-1.2324881,-0.6820891,-0.55474239,7,1,1,4,6,2,1,8,5,7,7,3,5,6,7,5,6,7,8,8,-0.06528569,0.43598679
-16.849345,0.76037579,0.68404175,2,3,0,16.878716,0.9524515,-0.39722074,-1.0324469,-1.4940471,-1.7636795,-0.36702065,-1.3895614,-2.2364617,-1.2152228,-0.39722074,-0.36702065,6,1,3,5,8,5,6,7,8,7,7,1,5,6,5,4,5,4,8,8,-1.3029617,0.78536613
-15.301796,0.96643322,0.68404175,2,7,0,16.473415,0.73390665,-0.82800183,-1.3452977,-1.4464483,-1.5947475,-0.64984353,-1.5484142,-1.891889,-1.2527456,-0.82800183,-0.64984353,7,5,6,5,8,5,4,6,3,8,8,1,6,5,6,4,5,4,6,8,0.15847794,0.50342955
-15.377841,0.97735194,0.68404175,1,1,0,15.387625,0.70885492,-0.87918456,-1.3821095,-1.4440791,-1.5818816,-0.6830322,-1.5692017,-1.8587296,-1.2613303,-0.87918456,-0.6830322,7,5,1,3,8,2,5,6,4,7,5,2,2,5,8,2,8,6,7,8,0.2137215,0.65687807
-15.307352,1,0.68404175,1,1,0,15.368333,0.73175539,-0.83238182,-1.3484509,-1.4462188,-1.5935913,-0.65268714,-1.5501792,-1.8889919,-1.253452,-0.83238182,-0.65268714,7,3,3,3,7,5,4,5,5,8,7,3,3,6,8,5,3,8,6,6,0.16359449,0.10189215
-15.773507,0.79454928,0.68404175,2,7,0,16.317178,0.90080503,-0.49657434,-1.105076,-1.4785865,-1.7143555,-0.43279873,-1.4233206,-2.1457835,-1.2173702,-0.49657434,-0.43279873,7,6,2,7,4,2,7,8,7,7,7,1,4,7,8,5,4,8,7,6,-0.62337495,0.62418854
-15.424562,0.93826181,0.68404175,1,3,0,16.348083,0.6963644,-0.9048496,-1.4005393,-1.4431474,-1.5759547,-0.69964081,-1.5797558,-1.8426667,-1.2658989,-0.9048496,-0.69964081,6,3,5,4,8,3,7,8,7,8,7,1,2,3,5,6,3,8,8,5,0.23795029,0.7151674
-15.663246,0.97580887,0.68404175,2,3,0,15.691289,0.64652931,-1.0082335,-1.4745803,-1.4411171,-1.5555267,-0.76631611,-1.6231059,-1.7816685,-1.2859653,-1.0082335,-0.76631611,8,2,2,4,7,5,3,7,5,7,7,2,1,3,7,7,5,6,2,8,0.31566801,0.30116827
-15.231424,0.97629441,0.68404175,2,3,0,15.810023,0.78942384,-0.71594088,-1.2644322,-1.4540319,-1.6279402,-0.5768698,-1.5041807,-1.9699048,-1.2365931,-0.71594088,-0.5768698,3,1,5,4,5,3,2,4,8,8,6,3,1,6,8,3,5,7,7,8,-0.0026003256,0.37388693
-15.231538,0.99491286,0.68404175,2,3,0,15.261638,0.79008549,-0.7146165,-1.2634743,-1.4541413,-1.6283749,-0.57600483,-1.503669,-1.9708726,-1.2364254,-0.7146165,-0.57600483,6,6,2,2,8,3,1,6,6,6,6,5,4,3,8,3,5,8,8,8,-0.0049095818,0.39456982
-16.831153,0.60808352,0.68404175,1,3,0,17.830704,0.95192422,-0.39822776,-1.0331845,-1.4938765,-1.7631455,-0.36768899,-1.3898937,-2.2355057,-1.2152207,-0.39822776,-0.36768899,7,2,4,6,8,3,4,8,6,8,8,4,1,3,8,2,3,7,8,7,-1.2924871,0.8238475
-15.36339,0.97315065,0.68404175,1,3,0,16.971671,0.84927398,-0.59718127,-1.1783332,-1.4657089,-1.6710402,-0.49907285,-1.4593939,-2.0611386,-1.2239369,-0.59718127,-0.49907285,7,3,2,5,7,1,4,2,8,5,8,2,7,4,8,4,6,5,8,6,-0.2639055,0.3358866
-15.316099,0.98039374,0.68404175,1,3,0,15.557352,0.72850712,-0.83900071,-1.3532149,-1.4458816,-1.5918638,-0.65698308,-1.5528515,-1.8846353,-1.2545297,-0.83900071,-0.65698308,7,3,4,2,8,4,6,7,7,8,7,3,5,2,6,1,8,4,7,8,0.17118222,0.74061113
-15.433424,0.9295391,0.68404175,2,3,0,15.73465,0.86233231,-0.57154486,-1.1596936,-1.468728,-1.6814677,-0.48221705,-1.4500315,-2.0820477,-1.2218778,-0.57154486,-0.48221705,5,3,4,6,4,6,4,8,3,6,8,2,5,5,8,2,3,5,8,8,-0.33926764,0.097099846
-16.033258,0.92345148,0.68404175,2,3,0,16.275359,0.91884134,-0.46171153,-1.0796228,-1.4836982,-1.7308999,-0.40975464,-1.411254,-2.1767757,-1.2160933,-0.46171153,-0.40975464,8,5,1,4,8,3,1,6,6,8,8,1,2,5,8,3,6,6,7,7,-0.80423158,0.51249651
-16.409067,0.98719054,0.68404175,2,3,0,16.43718,0.93732091,-0.42617717,-1.0536436,-1.4892563,-1.7486065,-0.38622525,-1.3991981,-2.2092783,-1.2153657,-0.42617717,-0.38622525,6,3,2,5,7,3,7,6,5,3,8,1,4,6,8,2,5,6,8,8,-1.0426974,0.37502102
-15.558442,0.9776353,0.68404175,1,3,0,16.331335,0.87969491,-0.53760803,-1.1349899,-1.4729999,-1.6959075,-0.45987007,-1.4378146,-2.1104147,-1.21955,-0.53760803,-0.45987007,5,5,2,4,6,2,3,5,8,5,7,4,3,5,8,3,2,7,7,8,-0.454145,0.39246127
-15.438766,1,0.68404175,2,3,0,15.553146,0.86320179,-0.56984132,-1.1584544,-1.468935,-1.6821752,-0.4810962,-1.4494134,-2.0834528,-1.22175,-0.56984132,-0.4810962,8,3,4,3,8,5,6,5,5,8,7,2,5,3,8,2,4,8,8,6,-0.34459571,0.70584202
-15.57056,0.97701118,0.68404175,1,1,0,15.584526,0.88111879,-0.53483246,-1.132968,-1.4733632,-1.697121,-0.45804069,-1.4368245,-2.1127699,-1.2193803,-0.53483246,-0.45804069,6,2,3,2,8,6,4,4,7,7,8,1,5,1,6,1,4,7,7,8,-0.4644339,0.53456518
-15.819021,0.96295649,0.68404175,1,1,0,15.830885,0.90441764,-0.48957704,-1.0999701,-1.4795855,-1.7176113,-0.42817679,-1.4208802,-2.1519338,-1.2170706,-0.48957704,-0.42817679,8,3,4,4,7,3,5,7,5,8,7,2,3,6,8,3,4,8,8,8,-0.65647159,0.49091226
-15.682451,1,0.68404175,1,1,0,15.843957,0.89280281,-0.51209973,-1.1163998,-1.4764183,-1.7072467,-0.44304794,-1.4287681,-2.132262,-1.2181109,-0.51209973,-0.44304794,8,2,2,6,2,3,3,1,6,5,7,6,4,6,8,4,3,8,6,7,-0.55471528,0.4468733
-15.243323,1,0.68404175,2,3,0,15.655505,0.80689358,-0.6810597,-1.2391863,-1.4570701,-1.6397301,-0.55406892,-1.4907929,-1.9957623,-1.2323693,-0.6810597,-0.55406892,4,2,4,5,8,3,4,8,8,8,7,1,4,6,7,1,6,4,2,8,-0.067317873,0.67958179
-16.510762,0.81002066,0.68404175,2,3,0,16.557906,0.94131197,-0.41852717,-1.048046,-1.4904991,-1.7525319,-0.38115427,-1.3966355,-2.2163984,-1.2152878,-0.41852717,-0.38115427,6,2,3,4,7,7,3,6,8,8,7,1,4,4,8,3,3,6,8,8,-1.1042407,0.69383591
-16.309903,1,0.68404175,2,3,0,16.581933,0.93307106,-0.4343327,-1.0596093,-1.4879494,-1.7444663,-0.39162919,-1.4019429,-2.2017359,-1.2154799,-0.4343327,-0.39162919,4,2,4,4,8,3,5,5,6,4,8,1,4,5,8,1,5,6,7,7,-0.9816383,0.50406033
-16.682301,0.96818884,0.68404175,1,1,0,16.728454,0.94732537,-0.40701709,-1.0396207,-1.4923999,-1.7585145,-0.37352092,-1.3928024,-2.2271942,-1.2152247,-0.40701709,-0.37352092,4,5,3,3,7,4,3,5,6,7,8,1,4,7,8,1,4,8,8,8,-1.2059746,0.017019159
-18.975901,0.90469131,0.68404175,2,3,0,19.219061,0.9853987,-0.33459242,-0.98652047,-1.5052204,-1.7983181,-0.32538956,-1.3693208,-2.2974626,-1.2163881,-0.33459242,-0.32538956,8,2,3,4,6,3,2,7,8,8,8,1,2,4,8,3,5,8,8,7,-2.449594,0.53155917
-15.286202,0.94908774,0.68404175,3,7,0,18.49706,0.74039549,-0.81480771,-1.3357957,-1.4471698,-1.5982933,-0.6412736,-1.5431131,-1.900684,-1.2506503,-0.81480771,-0.6412736,7,1,5,3,8,6,5,3,8,7,7,5,1,4,8,5,7,5,8,8,0.14259276,0.55895366
-15.286202,0.5182261,0.68404175,1,3,0,17.632781,0.74039549,-0.81480771,-1.3357957,-1.4471698,-1.5982933,-0.6412736,-1.5431131,-1.900684,-1.2506503,-0.81480771,-0.6412736,6,4,2,6,6,6,5,7,5,8,8,2,3,5,8,3,3,6,8,8,0.14259276,0.33212893
-15.286202,0.9736087,0.68404175,1,1,0,15.353912,0.74039549,-0.81480771,-1.3357957,-1.4471698,-1.5982933,-0.6412736,-1.5431131,-1.900684,-1.2506503,-0.81480771,-0.6412736,3,3,6,3,6,2,5,7,7,8,5,2,4,7,7,2,5,5,8,8,0.14259276,0.45698647
-16.456837,0.7871303,0.68404175,2,3,0,16.456861,0.93923899,-0.42249954,-1.0509528,-1.4898517,-1.7504885,-0.38378769,-1.3979647,-2.2126957,-1.2153247,-0.42249954,-0.38378769,7,4,2,3,5,2,4,7,5,6,8,1,1,2,8,6,5,7,6,7,-1.0717329,0.15149083
-15.231486,0.98120275,0.68404175,2,3,0,16.814189,0.78363928,-0.72753051,-1.2728125,-1.453094,-1.6241789,-0.58443656,-1.5086702,-1.9614818,-1.2380846,-0.72753051,-0.58443656,5,5,3,7,6,3,3,5,6,5,8,1,6,5,8,1,6,4,7,7,0.017144735,0.18161137
-16.384567,0.75828863,0.68404175,1,3,0,16.524513,0.54373697,-1.226632,-1.6299393,-1.4458184,-1.5296303,-0.90596089,-1.7186759,-1.6713099,-1.3360569,-1.226632,-0.90596089,8,4,4,5,7,2,6,8,6,6,7,1,3,5,8,4,1,2,8,8,0.39778399,0.4140426
-16.141152,1,0.68404175,1,1,0,16.550479,0.5741903,-1.161186,-1.5835349,-1.4431359,-1.5350183,-0.86428731,-1.6895086,-1.7018435,-1.3200497,-1.161186,-0.86428731,6,2,1,4,8,3,6,7,7,7,7,2,2,7,8,4,3,4,8,8,0.38320232,0.55091358
-15.376316,0.84778366,0.68404175,2,3,0,17.008352,0.7092899,-0.87829253,-1.3814686,-1.4441145,-1.5820939,-0.68245454,-1.5688365,-1.8592946,-1.2611746,-0.87829253,-0.68245454,5,3,6,4,6,5,7,5,7,7,7,2,1,5,8,3,5,5,7,8,0.21283979,0.53549138
-15.300525,1,0.68404175,1,1,0,15.362983,0.73440925,-0.82697894,-1.3445612,-1.4465026,-1.595019,-0.64917935,-1.5480023,-1.8925672,-1.2525814,-0.82697894,-0.64917935,5,2,5,6,8,1,3,7,8,8,8,3,5,3,6,7,2,1,8,8,0.15727193,0.87475604
-16.317532,0.8078351,0.68404175,2,7,0,16.317539,0.93341173,-0.43367858,-1.0591309,-1.4880536,-1.7447966,-0.39119585,-1.4017223,-2.202339,-1.2154696,-0.43367858,-0.39119585,5,1,2,2,4,4,2,4,5,8,8,1,3,6,8,5,5,7,8,8,-0.9863763,0.11570861
-15.231977,1,0.68404175,2,3,0,16.110991,0.79187985,-0.71102615,-1.2608772,-1.4544404,-1.6295586,-0.57365964,-1.5022831,-1.9735019,-1.2359737,-0.71102615,-0.57365964,7,2,3,7,7,5,1,5,8,8,7,2,7,7,7,2,2,7,5,7,-0.011225873,0.44166907
-15.352875,0.97958835,0.68404175,2,3,0,15.380919,0.84696682,-0.60172086,-1.1816319,-1.4651928,-1.6692363,-0.50205532,-1.4610635,-2.0574821,-1.2243277,-0.60172086,-0.50205532,7,4,4,4,8,3,3,7,8,8,6,2,5,2,7,1,5,6,8,5,-0.25143482,0.65491462
-15.259525,0.97082811,0.68404175,2,3,0,15.589469,0.75393222,-0.7873655,-1.3160162,-1.4488166,-1.6059742,-0.6234303,-1.5321653,-1.9193061,-1.246453,-0.7873655,-0.6234303,7,5,3,3,7,3,3,5,8,5,8,4,6,5,8,5,5,7,8,8,0.10715841,0.68357481
-15.239161,1,0.68404175,1,1,0,15.254026,0.76964466,-0.75565194,-1.2931306,-1.450966,-1.6153714,-0.602778,-1.5196472,-1.9413886,-1.2418805,-0.75565194,-0.602778,7,5,3,4,7,3,7,3,8,7,8,3,3,7,6,6,6,5,8,8,0.0618009,0.45547418
-16.368707,0.76264649,0.68404175,1,3,0,16.459227,0.54563344,-1.2225377,-1.62704,-1.4456187,-1.5299095,-0.90335815,-1.7168387,-1.6731583,-1.3350324,-1.2225377,-0.90335815,6,4,7,1,8,3,3,7,8,6,5,4,3,7,7,3,1,7,7,7,0.39710058,0.50343365
-17.263783,0.79054998,0.68404175,1,1,0,17.451588,0.45178171,-1.4282143,-1.7720498,-1.4609045,-1.5251575,-1.0333838,-1.8110472,-1.5901685,-1.3899835,-1.4282143,-1.0333838,6,1,2,5,5,3,3,4,7,8,4,3,4,4,7,3,7,8,3,5,0.39612158,0.43719233
-16.143994,1,0.68404175,1,1,0,17.067889,0.57381637,-1.1619858,-1.5841027,-1.4431621,-1.5349404,-0.86479745,-1.6898624,-1.7014576,-1.3202405,-1.1619858,-0.86479745,6,5,1,3,7,2,3,1,7,8,6,2,1,5,8,3,3,7,7,5,0.38342865,0.17443874
-16.143994,0.78831578,0.68404175,1,1,0,16.898703,0.57381637,-1.1619858,-1.5841027,-1.4431621,-1.5349404,-0.86479745,-1.6898624,-1.7014576,-1.3202405,-1.1619858,-0.86479745,7,5,5,6,6,6,4,7,5,7,7,4,2,2,6,3,5,7,8,6,0.38342865,0.34985916
-15.589791,1,0.68404175,2,7,0,16.015059,0.88330678,-0.53056963,-1.1298623,-1.4739253,-1.6989943,-0.45523057,-1.4353066,-2.1163975,-1.2191258,-0.53056963,-0.45523057,6,4,4,2,6,4,3,7,8,7,8,1,1,2,8,1,8,8,8,8,-0.48053009,0.32065861
-15.371637,0.94766075,0.68404175,2,3,0,16.060568,0.71063706,-0.87553062,-1.3794841,-1.4442256,-1.5827537,-0.68066581,-1.5677061,-1.8610468,-1.2606939,-0.87553062,-0.68066581,8,3,6,8,7,4,5,7,7,7,8,4,4,7,8,3,1,6,7,6,0.21009249,0.7456478
-15.439867,0.97910752,0.68404175,1,1,0,15.470294,0.69256611,-0.91267361,-1.4061538,-1.4428973,-1.5742165,-0.7046995,-1.5829901,-1.8378439,-1.2673255,-0.91267361,-0.7046995,7,4,4,6,8,2,5,8,6,8,4,1,3,4,6,5,3,5,8,8,0.24491268,0.74295685
-15.352902,1,0.68404175,1,1,0,15.435714,0.71624048,-0.86405481,-1.3712359,-1.4447084,-1.5855388,-0.6732308,-1.5630204,-1.8683743,-1.2587185,-0.86405481,-0.6732308,7,3,2,3,6,3,5,7,6,8,8,5,5,7,8,3,3,8,7,8,0.198392,0.45988415
-15.553809,0.9394709,0.68404175,1,1,0,15.566607,0.66735207,-0.96484308,-1.4435439,-1.441634,-1.5634367,-0.73837682,-1.6047526,-1.8065566,-1.2772295,-0.96484308,-0.73837682,6,1,3,4,8,3,6,6,8,5,7,2,1,6,7,1,3,7,8,3,0.28665133,0.73565675
-15.397725,1,0.68404175,1,1,0,15.53303,0.70335426,-0.89047507,-1.3902195,-1.4436482,-1.5792315,-0.69034138,-1.5738341,-1.8516173,-1.2633189,-0.89047507,-0.69034138,6,3,2,5,8,3,2,5,8,8,7,3,4,1,8,5,5,6,8,8,0.22464824,0.67603999
-15.288162,0.93198771,0.68404175,2,3,0,15.742564,0.73953764,-0.81655054,-1.3370511,-1.4470719,-1.5978195,-0.64240595,-1.5438119,-1.8995164,-1.2509242,-0.81655054,-0.64240595,7,3,2,3,7,3,5,7,5,4,8,2,6,5,6,4,8,6,8,7,0.14473245,0.58463891
-15.248765,0.99267812,0.68404175,1,3,0,15.335068,0.81087722,-0.67313087,-1.2334427,-1.4578059,-1.6425094,-0.54888036,-1.4877762,-2.0017472,-1.231466,-0.67313087,-0.54888036,3,4,4,3,8,4,8,5,7,5,8,2,4,8,8,2,4,7,5,7,-0.083238018,0.336666
-15.287586,0.99093808,0.68404175,1,1,0,15.287662,0.82891452,-0.6373464,-1.2074981,-1.4613362,-1.6555179,-0.52543707,-1.4742858,-2.0292608,-1.2276602,-0.6373464,-0.52543707,4,1,2,2,2,5,1,5,4,6,5,2,4,2,7,4,5,7,8,6,-0.16147072,0.0077234961
-15.247992,1,0.68404175,1,1,0,15.278319,0.81035608,-0.67416759,-1.2341938,-1.4577087,-1.6421439,-0.5495589,-1.48817,-2.0009624,-1.2315828,-0.67416759,-0.5495589,7,2,2,3,3,4,7,5,8,7,7,5,3,6,7,3,5,6,7,6,-0.081129144,0.61561494
-15.395806,0.95854561,0.68404175,1,3,0,15.48061,0.70387218,-0.88941119,-1.3894555,-1.4436874,-1.5794784,-0.68965284,-1.5733969,-1.8522844,-1.2631301,-0.88941119,-0.68965284,7,2,7,3,8,5,6,6,7,7,7,6,5,5,8,6,5,6,7,8,0.22363688,0.68887935
-15.253402,0.98773244,0.68404175,1,3,0,15.462767,0.81377405,-0.66737103,-1.2292692,-1.458351,-1.6445517,-0.54510984,-1.4855909,-2.0061201,-1.2308232,-0.66737103,-0.54510984,7,4,1,6,3,2,7,6,5,5,8,1,6,7,8,5,6,7,5,8,-0.095107613,0.69635407
-16.311019,0.84660555,0.68404175,2,3,0,16.380964,0.93312104,-0.43423673,-1.0595391,-1.4879647,-1.7445147,-0.39156562,-1.4019105,-2.2018244,-1.2154784,-0.43423673,-0.39156562,8,5,4,3,8,3,6,5,4,7,8,2,3,4,8,2,7,8,8,8,-0.98233178,0.47380371
-15.24143,1,0.68404175,2,3,0,16.136516,0.80528929,-0.68425543,-1.2415007,-1.4567782,-1.6386204,-0.55615958,-1.4920116,-1.9933613,-1.2327394,-0.68425543,-0.55615958,8,1,1,4,8,6,2,6,7,8,7,1,3,4,8,2,1,6,7,8,-0.061034591,0.7466411
-15.240657,0.99596128,0.68404175,2,3,0,15.272449,0.76807286,-0.75881772,-1.2954164,-1.4507396,-1.614408,-0.60484112,-1.5208903,-1.9391569,-1.2423232,-0.75881772,-0.60484112,6,1,3,5,7,1,2,5,7,8,6,3,5,6,8,5,4,6,8,8,0.06655678,0.50022749
-15.365864,0.90160981,0.68404175,2,3,0,15.756376,0.84980059,-0.59614554,-1.1775805,-1.4658274,-1.6714536,-0.49839229,-1.4590135,-2.0619748,-1.2238488,-0.59614554,-0.49839229,7,1,5,4,6,5,6,8,6,8,8,2,4,5,8,3,7,5,7,7,-0.26678555,0.48774747
-15.765094,0.94408198,0.68404175,1,3,0,15.774273,0.90011119,-0.49791908,-1.1060571,-1.4783961,-1.7137335,-0.43368679,-1.4237907,-2.1446055,-1.2174302,-0.49791908,-0.43368679,8,1,1,3,8,4,5,4,7,4,8,1,4,7,7,3,5,6,7,7,-0.61717509,0.57371545
-15.531097,1,0.68404175,1,1,0,15.738321,0.87634156,-0.54414922,-1.139754,-1.472152,-1.6930673,-0.46418034,-1.4401534,-2.1048854,-1.2199625,-0.54414922,-0.46418034,5,2,2,4,4,4,4,7,8,8,7,1,3,6,8,6,7,8,7,8,-0.43047189,0.5238338
-15.355244,1,0.68404175,1,1,0,15.498606,0.8474969,-0.6006776,-1.1808738,-1.4653109,-1.6696497,-0.50136997,-1.4606795,-2.0583212,-1.2242372,-0.6006776,-0.50136997,4,5,2,3,7,7,7,6,7,8,8,4,3,4,7,5,5,8,8,8,-0.254279,0.15858187
-15.369181,0.99719181,0.68404175,1,1,0,15.392975,0.85049728,-0.59477553,-1.1765849,-1.4659846,-1.6720014,-0.49749202,-1.4585105,-2.0630819,-1.2237329,-0.59477553,-0.49749202,6,2,3,4,5,2,5,7,6,8,7,3,2,5,5,2,6,5,8,5,-0.2706153,0.39236917
-15.444464,0.98555284,0.68404175,1,1,0,15.457655,0.86411352,-0.56805548,-1.1571551,-1.4691528,-1.6829188,-0.4799211,-1.448766,-2.084928,-1.2216172,-0.56805548,-0.4799211,7,1,2,3,7,4,5,6,8,8,8,2,5,3,8,6,5,6,7,6,-0.35022708,0.76516007
-15.337425,1,0.68404175,1,1,0,15.427656,0.84334784,-0.60884776,-1.1868094,-1.4643939,-1.6664298,-0.50673624,-1.4636916,-2.0517693,-1.2249568,-0.60884776,-0.50673624,8,5,2,6,8,2,5,6,8,7,8,1,4,6,7,2,5,5,8,7,-0.23234377,0.83134151
-15.257004,0.99899176,0.68404175,1,3,0,15.319387,0.8158053,-0.66333515,-1.2263443,-1.4587382,-1.6459945,-0.54246721,-1.4840628,-2.0091968,-1.2303797,-0.66333515,-0.54246721,8,1,3,4,7,3,6,7,7,7,8,3,3,4,6,3,5,5,8,8,-0.10358201,0.77565414
-16.417376,0.73080453,0.68404175,1,3,0,16.847158,0.93766028,-0.42552632,-1.0531674,-1.4893614,-1.7489389,-0.38579389,-1.3989796,-2.2098824,-1.215358,-0.42552632,-0.38579389,2,2,4,5,8,4,7,5,7,8,7,3,4,4,7,6,7,6,8,8,-1.0477647,0.72681985
-15.836695,1,0.68404175,1,1,0,16.350183,0.90576031,-0.48697825,-1.0980734,-1.4799599,-1.7188287,-0.4264598,-1.4199762,-2.1542269,-1.2169648,-0.48697825,-0.4264598,7,6,3,1,8,4,2,6,8,7,7,1,2,3,5,2,2,8,8,6,-0.66913498,0.56188385
-15.563849,1,0.68404175,1,1,0,15.803747,0.8803348,-0.53636055,-1.1340812,-1.4731629,-1.6964523,-0.45904789,-1.4373694,-2.1114726,-1.2194733,-0.53636055,-0.45904789,8,2,5,4,8,3,7,4,7,8,6,1,1,1,8,4,7,7,8,8,-0.45875096,0.61398812
-15.630912,0.99642756,0.68404175,2,3,0,15.676612,0.88771829,-0.52198292,-1.1236048,-1.4750726,-1.7028034,-0.44956824,-1.432259,-2.1237431,-1.2186361,-0.52198292,-0.44956824,7,3,3,5,4,6,5,4,4,8,8,2,2,4,8,1,4,6,8,8,-0.51408564,0.44997488
-16.969647,0.93067639,0.68404175,2,3,0,17.004331,0.48013605,-1.3654077,-1.7279064,-1.4550994,-1.5246319,-0.9938353,-1.7818796,-1.6134113,-1.3724846,-1.3654077,-0.9938353,7,3,3,7,6,6,2,7,5,6,8,2,6,5,6,6,4,8,7,4,0.40388556,0.33600385
-15.268875,1,0.68404175,1,3,0,16.976807,0.82158113,-0.65187238,-1.2180343,-1.4598618,-1.6501451,-0.53495857,-1.479737,-2.0179925,-1.2291509,-0.65187238,-0.53495857,5,4,1,2,4,3,6,7,8,7,5,3,4,2,8,3,2,7,8,8,-0.12838639,0.11640678
-15.233074,1,0.68404175,1,3,0,15.263034,0.79475057,-0.7052861,-1.2567243,-1.4549256,-1.6314664,-0.56990939,-1.5000714,-1.9777221,-1.2352603,-0.7052861,-0.56990939,8,5,6,7,4,7,2,4,7,8,6,2,5,5,8,4,3,8,8,7,-0.021496784,0.37600691
-16.068908,0.78338991,0.68404175,1,3,0,16.422038,0.92090985,-0.45772471,-1.0767098,-1.4843042,-1.7328437,-0.40711681,-1.409889,-2.1803761,-1.2159823,-0.45772471,-0.40711681,8,2,3,8,8,1,6,7,7,8,8,1,4,6,8,3,6,8,8,7,-0.8278006,0.7639643
-15.747084,0.98416942,0.68404175,2,3,0,16.471365,0.89859673,-0.50085517,-1.108199,-1.477982,-1.7123796,-0.43562556,-1.4248182,-2.1420381,-1.2175641,-0.50085517,-0.43562556,4,4,3,6,6,2,5,8,5,6,7,3,6,8,8,5,3,7,5,7,-0.60381143,0.51023624
-15.971095,0.97076818,0.68404175,1,1,0,16.003727,0.91503187,-0.46905999,-1.0849908,-1.4825927,-1.7273451,-0.41461528,-1.4137781,-2.17017,-1.2163171,-0.46905999,-0.41461528,7,1,4,5,6,3,7,5,6,6,8,3,3,7,8,3,3,4,6,8,-0.76251599,0.62251441
-15.333794,0.99127603,0.68404175,1,3,0,15.91686,0.84245231,-0.61061248,-1.1880911,-1.4641982,-1.6657397,-0.50789504,-1.4643437,-2.05036,-1.2251156,-0.61061248,-0.50789504,6,4,3,4,6,6,3,8,3,7,8,2,3,4,8,2,4,5,8,7,-0.22770585,0.1606345
-15.66172,0.94676825,0.68404175,2,3,0,15.843064,0.89081198,-0.51596775,-1.11922,-1.4758884,-1.7055001,-0.4456002,-1.4301322,-2.1289197,-1.2183116,-0.51596775,-0.4456002,5,2,3,3,3,5,4,7,7,7,8,1,6,4,8,6,7,7,7,8,-0.53854633,0.46362865
-15.912168,0.96536347,0.68404175,1,1,0,15.931952,0.91115661,-0.47654357,-1.0904558,-1.4814823,-1.7237622,-0.41956345,-1.4163593,-2.1634831,-1.2165701,-0.47654357,-0.41956345,7,5,2,3,8,3,2,6,3,8,5,2,5,6,8,2,4,7,8,7,-0.72216116,0.50873663
-16.115375,0.97633431,0.68404175,1,1,0,16.168916,0.92348994,-0.45275516,-1.0730782,-1.4850659,-1.7352817,-0.40382804,-1.4081919,-2.1848802,-1.2158542,-0.45275516,-0.40382804,7,3,5,6,8,2,6,8,5,8,3,3,2,5,8,3,5,6,5,8,-0.85816895,0.59580059
-15.34278,0.90762976,0.68404175,2,7,0,16.715968,0.71942668,-0.85753819,-1.3665504,-1.4449978,-1.5871515,-0.66900678,-1.5603673,-1.8725689,-1.2576125,-0.85753819,-0.66900678,8,3,1,3,7,3,4,5,7,8,8,1,4,6,8,1,5,8,8,8,0.19153861,0.21912058
-15.466323,0.90435978,0.68404175,1,3,0,15.822305,0.86747118,-0.5614827,-1.1523725,-1.4699618,-1.6856729,-0.47559524,-1.446388,-2.090376,-1.2211395,-0.5614827,-0.47559524,7,3,2,4,8,3,2,5,8,8,8,5,4,2,8,1,6,8,7,7,-0.37136868,0.91624591
-15.292406,0.99671968,0.68404175,1,3,0,15.430982,0.83057194,-0.6340677,-1.2051191,-1.4616768,-1.6567481,-0.52328697,-1.4730601,-2.0318232,-1.2273341,-0.6340677,-0.52328697,8,2,3,3,8,4,5,8,8,8,7,2,3,4,8,2,5,7,8,7,-0.16920811,0.60179526
-15.412478,0.97501332,0.68404175,1,1,0,15.412566,0.85877332,-0.57852231,-1.1647686,-1.4678886,-1.6785891,-0.48680686,-1.4525685,-2.0763129,-1.222413,-0.57852231,-0.48680686,8,4,3,3,8,3,5,6,7,8,8,4,7,5,8,2,6,7,6,8,-0.31787986,0.58161275
-15.52676,0.97939798,0.68404175,1,1,0,15.539955,0.8757906,-0.54522455,-1.1405371,-1.4720138,-1.692603,-0.46488879,-1.4405387,-2.1039792,-1.220032,-0.54522455,-0.46488879,8,2,3,5,4,3,3,5,6,6,8,1,6,4,8,4,6,7,6,8,-0.42665519,0.29087265
-15.270965,0.97247384,0.68404175,1,3,0,15.695197,0.74761535,-0.80015742,-1.325239,-1.4480244,-1.6023422,-0.63175095,-1.5372553,-1.9105699,-1.2483823,-0.80015742,-0.63175095,6,4,3,5,8,2,6,7,6,2,6,1,1,5,8,5,5,7,8,8,0.12409183,0.18763419
-15.479454,0.96893581,0.68404175,2,3,0,15.479809,0.86939066,-0.55772811,-1.14964,-1.4704293,-1.6872585,-0.47312352,-1.445033,-2.0935014,-1.2208743,-0.55772811,-0.47312352,5,6,4,2,7,2,3,7,8,4,8,3,1,4,8,3,1,5,8,7,-0.38374777,0.64398733
-17.577059,0.77830755,0.68404175,2,3,0,17.663555,0.96885604,-0.3659655,-1.0095408,-1.4994839,-1.7806128,-0.3462604,-1.3793551,-2.266522,-1.2155444,-0.3659655,-0.3462604,8,2,5,3,7,3,6,8,6,8,8,3,3,5,7,3,3,6,8,7,-1.7090147,0.84981879
-17.636317,0.9991298,0.68404175,2,3,0,17.853637,0.9698747,-0.36402941,-1.008121,-1.4998298,-1.7816847,-0.34497336,-1.3787297,-2.268409,-1.2155811,-0.36402941,-0.34497336,8,2,4,7,8,4,3,8,8,5,6,3,6,6,6,4,8,5,8,8,-1.7412189,0.68629039
-15.491513,1,0.68404175,2,3,0,17.41966,0.871095,-0.55439607,-1.1472146,-1.4708474,-1.688673,-0.47092958,-1.4438326,-2.0962831,-1.2206437,-0.55439607,-0.47092958,5,2,3,2,4,5,7,3,6,7,3,4,3,4,6,7,4,7,8,8,-0.39492437,0.6542974
-15.322037,1,0.68404175,1,1,0,15.457716,0.83941722,-0.61659688,-1.1924372,-1.4635408,-1.6634137,-0.51182391,-1.4665589,-2.045596,-1.2256624,-0.61659688,-0.51182391,8,1,2,6,7,3,3,3,8,6,7,4,3,3,8,4,5,5,8,7,-0.21223363,0.75046702
-15.343319,0.99851757,0.68404175,2,3,0,15.358655,0.84476327,-0.60605944,-1.1847839,-1.4647048,-1.6675241,-0.50490509,-1.4626624,-2.0540003,-1.2247084,-0.60605944,-0.50490509,8,1,1,5,7,2,5,5,3,8,8,4,2,4,7,1,7,5,8,8,-0.2397434,0.50396517
-15.739234,0.94422062,0.68404175,1,3,0,15.752391,0.89792375,-0.5021603,-1.109151,-1.4777987,-1.7117796,-0.43648727,-1.4252754,-2.1408988,-1.2176247,-0.5021603,-0.43648727,4,3,5,4,6,3,8,8,5,7,8,1,6,4,7,4,1,7,6,6,-0.59794588,0.47565247
-16.164832,0.98230703,0.68404175,2,3,0,16.169968,0.9261026,-0.44772659,-1.0694027,-1.4858436,-1.7377657,-0.40049937,-1.4064795,-2.1894562,-1.2157362,-0.44772659,-0.40049937,5,3,1,2,7,6,4,7,3,8,7,3,7,3,8,4,3,8,8,8,-0.89008847,0.21160027
-15.874939,1,0.68404175,2,3,0,16.162116,0.90856005,-0.48156246,-1.0941201,-1.4807463,-1.7213802,-0.42288092,-1.4180964,-2.1590213,-1.2167539,-0.48156246,-0.42288092,6,3,7,5,7,3,4,7,6,6,8,1,6,3,6,3,6,5,7,8,-0.69620766,0.43220385
-16.013245,0.99436941,0.68404175,2,3,0,16.079722,0.91764399,-0.46402037,-1.0813095,-1.4833492,-1.7297791,-0.41128201,-1.412046,-2.174696,-1.216161,-0.46402037,-0.41128201,8,2,2,8,8,2,5,5,8,8,7,2,1,1,8,2,5,5,8,8,-0.79089011,0.85911215
-15.519045,0.90285244,0.68404175,2,7,0,16.893417,0.6745717,-0.94986387,-1.4328165,-1.4419249,-1.5663888,-0.72871669,-1.5984695,-1.8153862,-1.2743173,-0.94986387,-0.72871669,4,2,1,2,7,4,1,6,6,7,7,6,1,3,8,3,3,3,3,7,0.27546904,0.29255288
-15.519045,0.44922817,0.68404175,1,3,0,18.00357,0.6745717,-0.94986387,-1.4328165,-1.4419249,-1.5663888,-0.72871669,-1.5984695,-1.8153862,-1.2743173,-0.94986387,-0.72871669,7,5,3,5,8,3,4,8,4,7,8,4,1,6,5,4,7,7,6,8,0.27546904,0.48838445
-16.077238,0.69261393,0.68404175,1,3,0,17.385971,0.92138175,-0.4568155,-1.0760454,-1.4844431,-1.7332885,-0.40651517,-1.4095782,-2.1811988,-1.215958,-0.4568155,-0.40651517,6,6,2,6,2,4,2,3,7,7,8,2,1,6,8,2,7,7,8,8,-0.83327277,0.23099762
-16.105973,0.99682938,0.68404175,1,1,0,16.230419,0.922978,-0.45374093,-1.0737986,-1.4849142,-1.7347968,-0.40448047,-1.4085282,-2.1839853,-1.2158787,-0.45374093,-0.40448047,7,6,3,3,8,4,7,5,5,3,7,2,2,8,8,3,7,7,8,7,-0.85205458,0.34916451
-15.969434,1,0.68404175,2,3,0,16.167392,0.91492632,-0.46926372,-1.0851395,-1.4825623,-1.727247,-0.41475,-1.4138482,-2.1699874,-1.2163236,-0.46926372,-0.41475,8,4,2,5,6,4,4,7,5,8,8,2,5,6,8,5,6,8,8,7,-0.76138988,0.67978969
-15.954026,1,0.68404175,2,3,0,16.082811,0.91393728,-0.47117295,-1.086534,-1.4822776,-1.7263297,-0.41601256,-1.4145058,-2.1682779,-1.2163859,-0.47117295,-0.41601256,8,3,3,1,8,2,7,8,6,8,8,3,2,4,8,4,4,8,7,7,-0.75091276,0.57918882
-15.62587,1,0.68404175,1,1,0,15.914548,0.88719558,-0.52299976,-1.1243459,-1.4749357,-1.7023498,-0.4502389,-1.4326192,-2.1228706,-1.2186925,-0.52299976,-0.4502389,8,4,3,2,8,2,3,6,8,8,8,3,4,6,8,2,2,5,8,8,-0.51003014,0.76553637
-15.281653,0.99636374,0.68404175,1,3,0,15.579206,0.82676053,-0.64160978,-1.2105911,-1.4608976,-1.6539278,-0.52823237,-1.4758822,-2.0259394,-1.2280899,-0.64160978,-0.52823237,8,1,4,2,6,2,4,7,7,6,8,4,3,7,7,3,2,8,8,8,-0.15156114,0.82694131
-15.25243,0.98101536,0.68404175,2,3,0,15.422538,0.75847256,-0.77818609,-1.309395,-1.4494115,-1.6086364,-0.61745603,-1.528527,-1.9256355,-1.2450983,-0.77818609,-0.61745603,8,2,2,7,7,4,3,8,7,5,8,5,1,4,7,2,6,5,8,7,0.094538636,0.68600294
-15.289705,0.97087925,0.68404175,2,3,0,15.421023,0.82965266,-0.63588601,-1.2064385,-1.4614876,-1.6560651,-0.52447942,-1.4737396,-2.0304013,-1.2275144,-0.63588601,-0.52447942,5,4,6,3,8,3,2,7,8,7,8,6,2,2,8,5,6,6,7,7,-0.16490444,0.47344528
-15.243602,0.99383979,0.68404175,1,3,0,15.328925,0.76529515,-0.76441597,-1.2994579,-1.4503455,-1.6127181,-0.60848864,-1.523092,-1.9352253,-1.2431136,-0.76441597,-0.60848864,8,3,4,5,4,3,1,7,5,8,7,3,5,5,5,5,6,5,7,5,0.074839248,0.34755423
-15.243602,0.29354254,0.68404175,1,3,0,20.396962,0.76529515,-0.76441597,-1.2994579,-1.4503455,-1.6127181,-0.60848864,-1.523092,-1.9352253,-1.2431136,-0.76441597,-0.60848864,6,1,4,7,5,2,4,7,8,6,8,4,3,5,7,2,5,7,8,3,0.074839248,0.85256686
-15.371642,0.94647555,0.68404175,2,3,0,15.544955,0.71063574,-0.87553333,-1.3794861,-1.4442255,-1.5827531,-0.68066756,-1.5677072,-1.8610451,-1.2606944,-0.87553333,-0.68066756,4,4,2,2,7,3,5,6,6,6,8,3,1,2,8,3,2,7,5,6,0.21009519,0.1547148
-15.670608,0.91057422,0.68404175,1,1,0,15.681826,0.6452133,-1.0109852,-1.4765466,-1.4411007,-1.5550569,-0.76808578,-1.6242774,-1.7801244,-1.286534,-1.0109852,-0.76808578,7,1,3,2,8,2,3,8,3,8,8,1,4,5,7,2,3,5,6,6,0.31734664,0.59361056
-15.474443,1,0.68404175,2,3,0,15.654412,0.68440232,-0.92952084,-1.4182371,-1.4424125,-1.570582,-0.71558516,-1.5899808,-1.8275753,-1.2704501,-0.92952084,-0.71558516,6,4,1,4,8,2,4,4,4,7,3,1,2,1,7,1,3,7,8,8,0.25926309,0.31910416
-15.474443,0.69149059,0.68404175,1,3,0,16.916824,0.68440232,-0.92952084,-1.4182371,-1.4424125,-1.570582,-0.71558516,-1.5899808,-1.8275753,-1.2704501,-0.92952084,-0.71558516,7,8,1,1,5,8,5,6,8,4,8,2,5,6,7,1,2,7,7,8,0.25926309,0.19512142
-15.326627,1,0.68404175,1,1,0,15.439269,0.72479027,-0.84658239,-1.3586702,-1.4455093,-1.5899142,-0.66190209,-1.5559198,-1.8796762,-1.2557791,-0.84658239,-0.66190209,6,5,1,7,8,4,4,4,7,6,8,2,4,6,8,3,6,7,7,8,0.17966469,0.48824465
-15.231607,1,0.68404175,1,3,0,15.323649,0.79042635,-0.71393432,-1.2629808,-1.4541979,-1.6285992,-0.57555927,-1.5034055,-1.9713716,-1.2363393,-0.71393432,-0.57555927,5,3,4,7,8,3,3,6,8,8,8,3,2,7,8,5,5,5,8,8,-0.0061033899,0.74237165
-15.327926,0.97551072,0.68404175,1,3,0,15.349874,0.72434497,-0.84749129,-1.3593241,-1.4454657,-1.5896826,-0.66249166,-1.5562882,-1.8790839,-1.2559299,-0.84749129,-0.66249166,4,3,1,4,7,5,2,5,7,7,8,3,3,6,7,1,6,7,6,8,0.18066685,0.29266869
-15.306243,1,0.68404175,2,3,0,15.33905,0.73217904,-0.83151903,-1.3478298,-1.4462636,-1.5938182,-0.65212705,-1.5498313,-1.8895617,-1.2533124,-0.83151903,-0.65212705,6,3,2,4,7,1,4,8,7,4,8,3,2,3,8,3,6,6,8,6,0.16259268,0.28931033
-15.619869,0.5714202,0.68404175,2,3,0,17.601248,0.88656702,-0.52422274,-1.1252372,-1.4747714,-1.7018052,-0.45104548,-1.4330527,-2.1218221,-1.2187609,-0.52422274,-0.45104548,7,4,2,4,8,1,5,8,6,8,8,2,6,6,8,5,4,5,8,7,-0.5051822,0.52394499
-15.343078,0.99320804,0.68404175,1,3,0,15.568819,0.8447063,-0.60617164,-1.1848654,-1.4646923,-1.66748,-0.50497878,-1.4627038,-2.0539105,-1.2247184,-0.60617164,-0.50497878,8,1,8,6,7,2,2,8,7,8,6,2,4,5,8,5,7,8,8,8,-0.23944394,0.73855642
-16.48431,0.80644601,0.68404175,1,3,0,16.743923,0.94030694,-0.42045279,-1.0494551,-1.4901847,-1.75154,-0.3824309,-1.3972795,-2.2146021,-1.2153048,-0.42045279,-0.3824309,4,3,4,6,8,3,3,3,6,8,8,2,4,7,8,2,6,7,8,8,-1.0883289,0.88697869
-16.583052,0.99184193,0.68404175,1,1,0,16.719835,0.94394844,-0.41347837,-1.0443508,-1.4913283,-1.7551447,-0.37780651,-1.3949509,-2.2211216,-1.2152521,-0.41347837,-0.37780651,5,1,4,2,8,2,5,7,7,7,8,2,5,6,8,1,8,5,8,8,-1.1474076,0.60252296
-16.911316,0.97606961,0.68404175,1,1,0,16.983985,0.95419539,-0.39389129,-1.0300082,-1.4946131,-1.7654503,-0.36481071,-1.3884645,-2.2396281,-1.2152331,-0.39389129,-0.36481071,4,3,4,3,7,4,2,4,6,6,5,4,3,4,8,2,3,6,6,7,-1.3384978,0.52357232
-15.282861,0.90768442,0.68404175,1,3,0,17.226366,0.82720993,-0.64072005,-1.2099457,-1.4609887,-1.6542587,-0.52764906,-1.4755488,-2.0266315,-1.2279997,-0.64072005,-0.52764906,6,3,4,4,7,4,4,8,4,4,8,2,2,2,6,4,4,6,8,7,-0.15361521,0.41194516
-15.282861,0.86097307,0.68404175,1,3,0,16.011201,0.82720993,-0.64072005,-1.2099457,-1.4609887,-1.6542587,-0.52764906,-1.4755488,-2.0266315,-1.2279997,-0.64072005,-0.52764906,5,1,2,3,7,6,3,5,5,8,6,4,3,8,8,1,2,7,7,6,-0.15361521,0.44980612
-15.660224,0.93579975,0.68404175,1,3,0,15.692353,0.8906656,-0.51625223,-1.1194274,-1.4758496,-1.7053721,-0.44578789,-1.4302326,-2.1286743,-1.2183266,-0.51625223,-0.44578789,8,5,2,2,7,2,1,8,5,7,7,3,4,7,7,4,7,5,8,7,-0.53737099,0.32711859
-15.539293,1,0.68404175,1,1,0,15.670096,0.87736807,-0.54214619,-1.1382953,-1.4724104,-1.6939341,-0.46286061,-1.4394364,-2.1065754,-1.2198343,-0.54214619,-0.46286061,8,4,4,3,7,4,4,6,8,8,6,2,2,8,8,3,8,6,7,6,-0.43763707,0.78164236
-15.251168,0.97754983,0.68404175,1,3,0,15.661231,0.75935127,-0.77641101,-1.3081144,-1.4495291,-1.6091566,-0.61630042,-1.5278249,-1.9268653,-1.2448393,-0.77641101,-0.61630042,7,2,4,6,7,3,5,5,8,5,6,1,5,6,7,2,1,4,8,5,0.092051718,0.42887951
-15.381686,0.93583715,0.68404175,2,3,0,15.600538,0.7077671,-0.88141589,-1.3837126,-1.4439913,-1.5813526,-0.68447705,-1.5701159,-1.8573182,-1.2617206,-0.88141589,-0.68447705,4,1,2,4,8,4,5,7,7,7,7,2,1,7,8,3,6,8,7,8,0.21591509,0.87869307
-15.367091,1,0.68404175,1,1,0,15.414374,0.71196502,-0.8728092,-1.3775285,-1.444337,-1.5834078,-0.67890304,-1.5665934,-1.8627777,-1.2602223,-0.8728092,-0.67890304,5,2,2,5,8,2,7,4,7,8,8,1,5,4,8,4,1,3,8,7,0.20735963,0.89554639
-15.685875,0.90497846,0.68404175,1,1,0,15.695195,0.64251297,-1.016635,-1.4805832,-1.4410729,-1.5541042,-0.77171844,-1.6266853,-1.7769666,-1.287707,-1.016635,-0.77171844,5,5,2,2,4,5,3,2,3,8,6,1,3,3,7,3,5,8,6,8,0.320735,0.34163412
-15.240248,0.99848053,0.68404175,1,3,0,15.694063,0.80420686,-0.68641247,-1.2430628,-1.4565828,-1.6378747,-0.55757053,-1.4928351,-1.9917444,-1.2329911,-0.68641247,-0.55757053,4,2,2,5,3,6,6,6,3,8,8,2,3,7,8,2,3,7,8,8,-0.056835872,0.36209353
-15.236243,0.98888804,0.68404175,2,3,0,15.310279,0.7731941,-0.74850844,-1.2879715,-1.4514868,-1.6175662,-0.59812137,-1.5168477,-1.9464468,-1.2408928,-0.74850844,-0.59812137,6,1,3,3,7,2,4,5,6,8,8,1,1,2,8,3,5,6,7,6,0.05087361,0.25870189
-15.251846,0.99843762,0.68404175,2,3,0,15.251878,0.75887575,-0.77737154,-1.3088074,-1.4494654,-1.6088749,-0.61692575,-1.5282048,-1.9261996,-1.2449794,-0.77737154,-0.61692575,5,3,2,3,3,5,4,5,8,5,8,3,5,6,8,2,5,8,7,7,0.093399328,0.18276758
-16.120429,0.71632022,0.68404175,2,3,0,16.827676,0.92376304,-0.45222935,-1.0726939,-1.4851469,-1.7355406,-0.40348002,-1.4080126,-2.1853578,-1.2158413,-0.45222935,-0.40348002,8,4,1,2,7,4,7,7,8,7,8,2,3,4,7,2,6,6,8,8,-0.86144913,0.75267336
-15.500378,0.98150758,0.68404175,1,3,0,16.040081,0.87231454,-0.55201286,-1.1454797,-1.4711482,-1.6896891,-0.46936015,-1.4429753,-2.0982774,-1.2204815,-0.55201286,-0.46936015,7,4,3,4,4,3,3,3,6,8,7,2,6,7,7,4,3,3,8,7,-0.40303112,0.29328397
-15.478811,0.94578779,0.68404175,1,3,0,16.015157,0.68340742,-0.93157685,-1.4197112,-1.4423584,-1.5701485,-0.71691296,-1.5908364,-1.826333,-1.2708363,-0.93157685,-0.71691296,7,2,3,3,8,3,4,3,7,8,8,2,2,3,5,3,5,7,6,8,0.26095582,0.36856798
-15.231983,1,0.68404175,1,3,0,15.438922,0.78149647,-0.73182877,-1.2759196,-1.4527552,-1.6228035,-0.58724171,-1.5103404,-1.9583792,-1.2386486,-0.73182877,-0.58724171,8,1,7,3,8,4,6,7,4,5,8,1,4,4,8,1,5,5,7,7,0.024261698,0.73284312
-15.541545,0.91406352,0.68404175,2,3,0,15.764481,0.66985963,-0.95963664,-1.439816,-1.4417286,-1.5644498,-0.73502004,-1.6025656,-1.8096116,-1.2762111,-0.95963664,-0.73502004,6,1,3,7,8,5,5,5,7,8,8,1,4,3,8,2,2,7,8,8,0.28283502,0.67750388
-16.600699,0.71858842,0.68404175,1,1,0,16.609482,0.51890956,-1.2804637,-1.668011,-1.4488391,-1.5266687,-0.94012747,-1.7429813,-1.6477627,-1.349803,-1.2804637,-0.94012747,7,1,3,6,8,4,5,7,7,8,7,2,5,4,8,1,4,6,7,7,0.4040338,0.79531024
-15.851165,1,0.68404175,2,7,0,16.452418,0.9068362,-0.48489656,-1.0965539,-1.4802612,-1.7198072,-0.42508428,-1.419253,-2.1560672,-1.2168822,-0.48489656,-0.42508428,7,4,1,7,6,5,3,4,4,7,7,3,1,4,7,6,5,6,8,8,-0.67943,0.13053932
-15.358761,0.93918298,0.68404175,1,3,0,16.343733,0.71444968,-0.86772026,-1.3738709,-1.4445505,-1.5846416,-0.67560608,-1.5645152,-1.8660257,-1.2593456,-0.86772026,-0.67560608,6,3,2,5,7,3,3,7,7,8,8,3,2,4,8,3,4,5,8,8,0.20217975,0.42646695
-15.371833,0.99600969,0.68404175,1,1,0,15.406719,0.71058032,-0.87564694,-1.3795677,-1.4442209,-1.5827258,-0.68074114,-1.5677537,-1.860973,-1.2607141,-0.87564694,-0.68074114,5,4,2,4,8,3,8,2,3,7,8,2,1,3,7,3,5,3,8,8,0.21020872,0.42278887
-15.500265,0.82765465,0.68404175,2,3,0,16.233281,0.67862575,-0.94146715,-1.4268002,-1.4421132,-1.5680938,-0.72329827,-1.5949595,-1.8203896,-1.2727087,-0.94146715,-0.72329827,8,1,5,8,8,3,4,6,6,8,8,1,3,6,5,2,4,6,4,5,0.26892503,0.87165887
-15.231223,0.98521428,0.68404175,2,3,0,15.590533,0.78716684,-0.72046052,-1.2677007,-1.4536619,-1.6264642,-0.57982116,-1.5059291,-1.9666101,-1.2371696,-0.72046052,-0.57982116,5,3,2,5,8,3,2,6,4,7,7,2,2,5,8,3,3,7,7,7,0.0051977078,0.4169276
-15.231223,0.73125847,0.68404175,2,3,0,16.570188,0.78716684,-0.72046052,-1.2677007,-1.4536619,-1.6264642,-0.57982116,-1.5059291,-1.9666101,-1.2371696,-0.72046052,-0.57982116,5,4,3,3,8,3,4,3,4,5,8,1,2,8,8,2,6,7,6,8,0.0051977078,0.13298272
-15.288039,0.9857579,0.68404175,1,3,0,15.298764,0.73959104,-0.81644204,-1.336973,-1.447078,-1.597849,-0.64233546,-1.5437684,-1.899589,-1.2509072,-0.81644204,-0.64233546,8,3,3,4,8,6,4,7,8,7,8,3,1,6,7,3,3,4,8,8,0.14459961,0.87498027
-15.45763,0.95009858,0.68404175,1,1,0,15.459316,0.68830499,-0.92146183,-1.412458,-1.4426353,-1.5723022,-0.71037911,-1.5866322,-1.8324676,-1.2689465,-0.92146183,-0.71037911,8,3,1,6,8,5,1,8,7,7,6,4,1,8,8,7,4,6,7,7,0.25250613,0.65535703
-16.369261,0.75040771,0.68404175,1,1,0,16.372914,0.54556702,-1.222681,-1.6271415,-1.4456257,-1.5298996,-0.90344927,-1.716903,-1.6730935,-1.3350682,-1.222681,-0.90344927,6,2,2,5,6,5,5,4,7,7,6,1,2,7,8,4,6,5,7,6,0.39712501,0.65327296
-19.058666,0.72986207,0.68404175,2,3,0,19.062036,0.31058802,-1.7500612,-1.9963327,-1.5064584,-1.5538389,-1.2338595,-1.9653115,-1.4984796,-1.4879947,-1.7500612,-1.2338595,7,2,4,2,7,4,4,8,4,8,8,4,1,4,5,5,6,5,6,5,0.25055528,0.56086602
-15.428853,0.98948184,0.68404175,2,3,0,18.965502,0.69528683,-0.90706835,-1.4021317,-1.4430748,-1.5754585,-0.70107557,-1.5806722,-1.8412956,-1.2663018,-0.90706835,-0.70107557,6,1,4,5,7,7,2,6,6,8,7,5,1,4,8,4,6,7,8,8,0.23994428,0.47880271
-15.973338,0.69144219,0.68404175,2,7,0,16.982746,0.91517406,-0.46878556,-1.0847903,-1.4826337,-1.7274772,-0.41443379,-1.4136837,-2.170416,-1.2163083,-0.46878556,-0.41443379,8,2,4,2,8,4,4,3,8,8,6,2,2,5,8,4,5,7,8,8,-0.76403547,0.92198495
-15.711622,1,0.68404175,1,1,0,15.960543,0.89549115,-0.50688,-1.1125934,-1.4771399,-1.7096191,-0.43960299,-1.4269316,-2.1367889,-1.2178503,-0.50688,-0.43960299,7,6,2,5,7,5,3,5,7,3,8,3,3,3,8,1,4,7,8,8,-0.57710702,0.33124711
-15.426161,0.94895159,0.68404175,1,3,0,16.255934,0.69596172,-0.90567866,-1.4011344,-1.4431201,-1.575769,-0.70017694,-1.5800981,-1.8421541,-1.2660493,-0.90567866,-0.70017694,7,1,1,3,6,2,5,6,6,6,7,1,3,6,8,1,7,7,8,8,0.23869719,0.17178671
-15.458613,0.98990838,0.68404175,1,1,0,15.511037,0.68807363,-0.92193931,-1.4128005,-1.4426216,-1.5721994,-0.71068762,-1.5868304,-1.8321768,-1.2690351,-0.92193931,-0.71068762,7,2,5,4,8,5,6,6,7,7,6,2,4,6,7,3,3,3,5,7,0.25291192,0.90374504
-15.295121,1,0.68404175,1,1,0,15.412022,0.73659504,-0.82253224,-1.3413593,-1.4467419,-1.5962059,-0.6462916,-1.5462137,-1.8955225,-1.251871,-0.82253224,-0.6462916,8,2,5,5,6,2,7,8,7,4,7,4,1,6,8,5,5,6,6,8,0.15197979,0.62049716
-15.360483,0.95269019,0.68404175,1,3,0,15.55194,0.84864761,-0.59841342,-1.1792286,-1.4655682,-1.6705493,-0.49988243,-1.4598467,-2.0601448,-1.2240422,-0.59841342,-0.49988243,2,4,5,5,4,4,3,7,6,6,7,1,5,7,8,6,4,2,7,7,-0.26049623,0.14422366
-15.231217,0.90890981,0.68404175,2,3,0,16.188442,0.78675228,-0.72129099,-1.2683013,-1.4535945,-1.6261943,-0.5803634,-1.5062507,-1.9660061,-1.2372762,-0.72129099,-0.5803634,7,3,3,3,5,3,3,4,7,7,5,2,6,6,6,4,6,7,8,8,0.0066168305,0.42558784
-15.239081,0.99801255,0.68404175,1,3,0,15.240681,0.76973299,-0.75547408,-1.2930021,-1.4509788,-1.6154257,-0.60266207,-1.5195774,-1.9415141,-1.2418557,-0.75547408,-0.60266207,7,2,6,6,8,3,5,6,7,7,8,4,1,6,2,2,5,8,7,7,0.06153214,0.79367373
-15.345025,0.9603925,0.68404175,2,3,0,15.469501,0.71870948,-0.85900449,-1.3676048,-1.4449317,-1.5867867,-0.66995735,-1.5609638,-1.871623,-1.2578603,-0.85900449,-0.66995735,5,1,2,6,6,3,7,4,7,6,8,3,3,4,8,3,4,8,8,8,0.19309413,0.62926703
-15.345025,0.8409368,0.68404175,1,1,0,15.725898,0.71870948,-0.85900449,-1.3676048,-1.4449317,-1.5867867,-0.66995735,-1.5609638,-1.871623,-1.2578603,-0.85900449,-0.66995735,7,5,3,5,8,4,1,6,6,8,6,3,1,3,7,2,5,8,5,6,0.19309413,0.42887993
-17.461073,0.61579859,0.68404175,2,7,0,17.529874,0.43380582,-1.4683393,-1.8001878,-1.4651375,-1.5263809,-1.0585775,-1.8298535,-1.5762594,-1.4014672,-1.4683393,-1.0585775,8,3,2,4,8,4,3,7,7,5,8,3,4,2,7,4,5,7,6,7,0.38778302,0.6367418
-15.921898,1,0.68404175,1,1,0,17.060946,0.60469521,-1.0962622,-1.5373728,-1.4415502,-1.5423458,-0.82279982,-1.6610098,-1.7342517,-1.3049857,-1.0962622,-0.82279982,8,1,1,2,7,3,4,4,8,7,7,3,3,4,6,6,5,5,8,8,0.36063055,0.65327809
-15.432244,0.90857949,0.68404175,1,3,0,16.477288,0.86213811,-0.57192541,-1.1599705,-1.4686819,-1.68131,-0.48246741,-1.4501697,-2.0817341,-1.2219065,-0.57192541,-0.48246741,5,4,6,5,7,4,5,4,8,8,8,4,5,4,8,1,6,6,7,7,-0.33808323,0.72245853
-16.002667,0.95894049,0.68404175,2,3,0,16.011692,0.59304593,-1.1209815,-1.5549636,-1.4420275,-1.5393199,-0.83861303,-1.6718078,-1.7216601,-1.3106218,-1.1209815,-0.83861303,6,4,2,2,4,3,5,4,8,3,8,1,4,3,6,2,2,7,8,8,0.37022109,0.2880817
-16.263755,0.92348714,0.68404175,1,1,0,16.459082,0.55847486,-1.1948798,-1.6074416,-1.4443812,-1.5319969,-0.88576078,-1.7044713,-1.6858597,-1.3281913,-1.1948798,-0.88576078,7,3,3,2,6,2,4,5,8,6,2,2,2,3,8,4,7,6,8,5,0.39169348,0.49649961
-15.864498,1,0.68404175,1,1,0,16.275961,0.61332066,-1.0780177,-1.5243777,-1.4412978,-1.5447672,-0.81111511,-1.6530826,-1.7437465,-1.3009068,-1.0780177,-0.81111511,8,3,3,3,6,3,2,6,7,7,3,2,4,6,7,3,4,7,6,8,0.35273258,0.5490428
-15.974716,0.96599201,0.68404175,1,1,0,16.152602,0.59701734,-1.1125441,-1.5489614,-1.4418471,-1.5403199,-0.83321792,-1.6681147,-1.7259228,-1.3086841,-1.1125441,-0.83321792,6,3,5,2,5,6,4,4,4,5,6,2,4,3,7,2,2,4,8,8,0.36708861,0.18266424
-15.45834,1,0.68404175,1,1,0,15.828958,0.68813771,-0.92180706,-1.4127056,-1.4426254,-1.5722279,-0.71060217,-1.5867755,-1.8322573,-1.2690105,-0.92180706,-0.71060217,7,2,3,4,8,2,4,6,7,8,8,1,5,5,6,5,3,8,8,8,0.25279959,0.69424911
-15.235752,0.99889963,0.68404175,2,3,0,15.47661,0.79919526,-0.69640846,-1.2502996,-1.4556933,-1.6344548,-0.56410702,-1.4966608,-1.9842898,-1.2341782,-0.69640846,-0.56410702,5,4,4,3,6,5,1,8,6,6,8,3,2,8,8,4,7,6,4,8,-0.037812792,0.45170278
-15.231217,0.99999231,0.68404175,1,3,0,15.23559,0.78679072,-0.72121399,-1.2682456,-1.4536007,-1.6262193,-0.58031312,-1.5062209,-1.9660621,-1.2372663,-0.72121399,-0.58031312,7,1,1,2,7,2,4,7,7,5,6,2,2,6,7,6,4,6,7,6,0.006485423,0.62447327
-16.280992,0.72495908,0.68404175,2,3,0,16.908908,0.55632954,-1.1994925,-1.6107118,-1.4445741,-1.5316243,-0.88869745,-1.7065286,-1.6837153,-1.3293225,-1.1994925,-0.88869745,8,3,2,7,7,4,1,4,8,7,1,2,3,5,6,3,3,7,7,8,0.39269181,0.91764192
-15.86071,0.69092152,0.68404175,1,3,0,18.007694,0.90753467,-0.48354545,-1.0955677,-1.4804574,-1.7204437,-0.42419143,-1.418784,-2.1572633,-1.2168296,-0.48354545,-0.42419143,5,3,4,5,8,2,5,7,8,7,8,4,2,6,6,3,6,8,8,8,-0.68618558,0.34210691
-15.735098,1,0.68404175,1,1,0,15.897079,0.89756597,-0.50285427,-1.1096572,-1.4777015,-1.711461,-0.43694544,-1.4255187,-2.1402935,-1.2176573,-0.50285427,-0.43694544,7,3,5,4,6,6,5,6,7,7,8,4,1,5,8,1,5,5,7,7,-0.59484545,0.04350625
-15.28701,1,0.68404175,2,3,0,15.620703,0.74004047,-0.81552893,-1.3363152,-1.4471292,-1.5980971,-0.64174221,-1.5434022,-1.9002006,-1.2507636,-0.81552893,-0.64174221,4,3,3,4,8,3,6,3,5,8,8,6,4,4,8,7,2,5,7,8,0.14347976,0.44796287
-15.90956,0.716784,0.68404175,2,3,0,16.734958,0.60652327,-1.0923913,-1.5346165,-1.4414896,-1.5428461,-0.82032169,-1.6593248,-1.7362518,-1.3041145,-1.0923913,-0.82032169,7,3,1,6,7,4,5,7,8,8,7,3,2,6,6,2,6,7,8,8,0.35901393,0.65017943
-16.149846,0.9760899,0.68404175,2,3,0,16.320918,0.5730479,-1.1636296,-1.5852699,-1.4432165,-1.5347814,-0.86584598,-1.6905898,-1.7006653,-1.3206329,-1.1636296,-0.86584598,8,1,2,5,6,2,5,7,5,7,6,5,1,4,8,5,2,8,6,6,0.38389005,0.5002673
-16.086874,1,0.68404175,2,7,0,16.090278,0.92192247,-0.45577385,-1.0752842,-1.4846024,-1.7337988,-0.40582586,-1.4092222,-2.1821421,-1.2159306,-0.45577385,-0.40582586,8,2,3,6,7,5,6,3,8,8,8,2,5,7,4,1,4,7,7,8,-0.83958766,0.9665201
-15.301355,0.99372881,0.68404175,1,3,0,16.070563,0.83346302,-0.62835239,-1.2009714,-1.4622776,-1.6589083,-0.51953813,-1.4709278,-2.0363067,-1.226775,-0.62835239,-0.51953813,7,2,1,2,6,2,4,8,8,7,8,3,4,5,8,4,7,8,8,6,-0.18294437,0.44165754
-15.762307,0.92566367,0.68404175,1,3,0,15.802807,0.89987947,-0.49836822,-1.1063847,-1.4783326,-1.7135261,-0.43398339,-1.4239477,-2.1442124,-1.2174505,-0.49836822,-0.43398339,8,5,2,1,8,5,2,4,8,7,8,1,3,5,8,2,6,5,8,8,-0.61511554,0.68065624
-17.653826,0.92511479,0.68404175,2,3,0,17.697663,0.41695203,-1.5061793,-1.8266777,-1.4695048,-1.5281605,-1.0822845,-1.8477073,-1.5638038,-1.4125042,-1.5061793,-1.0822845,7,4,2,7,7,1,3,7,8,7,5,4,2,1,8,1,2,7,5,6,0.37748955,0.77676088
-17.653826,0.58373391,0.68404175,2,5,0,20.98883,0.41695203,-1.5061793,-1.8266777,-1.4695048,-1.5281605,-1.0822845,-1.8477073,-1.5638038,-1.4125042,-1.5061793,-1.0822845,7,4,2,1,8,4,6,7,6,7,6,3,3,2,6,3,3,6,5,4,0.37748955,0.45791896
-17.232406,1,0.68404175,1,1,0,18.02718,0.45471363,-1.4216925,-1.7674717,-1.4602551,-1.5250237,-1.0292836,-1.808003,-1.5924981,-1.388139,-1.4216925,-1.0292836,3,4,3,5,7,5,5,6,6,6,6,7,1,3,8,4,4,8,7,5,0.39722785,0.43169469
-15.636851,1,0.68404175,2,3,0,17.041134,0.88832796,-0.52079708,-1.1227404,-1.4752327,-1.7033332,-0.44878607,-1.4318392,-2.1247617,-1.2185709,-0.52079708,-0.44878607,8,2,3,4,8,3,2,5,4,8,8,1,6,4,8,1,6,6,7,8,-0.51884376,0.52672564
-15.3899,1,0.68404175,2,3,0,15.592334,0.85463286,-0.58664883,-1.1706776,-1.4669277,-1.6752747,-0.49215048,-1.4555338,-2.0696753,-1.2230603,-0.58664883,-0.49215048,7,1,3,4,7,6,3,6,8,6,8,3,8,3,8,2,5,7,7,8,-0.29381658,0.38734635
-15.294808,1,0.68404175,2,3,0,15.370863,0.83137037,-0.63248882,-1.2039734,-1.4618419,-1.6573429,-0.52225145,-1.4724705,-2.0330597,-1.2271785,-0.63248882,-0.52225145,5,4,5,2,7,3,5,6,8,8,8,4,1,8,8,4,6,7,8,6,-0.17297092,0.59028833
-17.664267,0.586228,0.68404175,1,3,0,18.429558,0.41605771,-1.5081932,-1.8280863,-1.4697474,-1.5282721,-1.0835448,-1.8486606,-1.5631588,-1.4130971,-1.5081932,-1.0835448,7,3,3,6,7,4,5,8,8,7,4,6,4,1,8,4,3,7,4,6,0.37687505,0.52417373
-15.261585,1,0.68404175,1,3,0,17.579777,0.81817795,-0.65862401,-1.2229294,-1.4591957,-1.6476909,-0.53938173,-1.4822824,-2.0128016,-1.2298691,-0.65862401,-0.53938173,8,2,5,2,7,3,2,7,5,8,8,6,6,4,4,2,6,5,8,6,-0.11364277,0.58368492
# 
#  Elapsed Time: 0.008 seconds (Warm-up)
#                0.026 seconds (Sampling)
#                0.034 seconds (Total)
# 
