# stan_version_major = 2
# stan_version_minor = 38
# stan_version_patch = 0
# model = ProbAgent_model
# start_datetime = 2026-04-28 15:01:57 UTC
# method = sample (Default)
#   sample
#     num_samples = 500
#     num_warmup = 500
#     save_warmup = true
#     thin = 1 (Default)
#     adapt
#       engaged = true (Default)
#       gamma = 0.05 (Default)
#       delta = 0.8 (Default)
#       kappa = 0.75 (Default)
#       t0 = 10 (Default)
#       init_buffer = 75 (Default)
#       term_buffer = 50 (Default)
#       window = 25 (Default)
#       save_metric = false (Default)
#     algorithm = hmc (Default)
#       hmc
#         engine = nuts (Default)
#           nuts
#             max_depth = 10 (Default)
#         metric = diag_e (Default)
#         metric_file =  (Default)
#         stepsize = 1 (Default)
#         stepsize_jitter = 0 (Default)
#     num_chains = 1 (Default)
# id = 1 (Default)
# data
#   file = /var/folders/7_/txf_yc3n3ws8m_z7jz1j51nr0000gn/T/RtmpDcXrkB/standata-92b641c674a7.json
# init = 2 (Default)
# random
#   seed = 670571001
# output
#   file = /Users/magnusseverin/Documents/GitHub/Advanced_Cognitive_Modeling/Assignment03/src/simmodels/temp/ProbAgent-202604281701-1-3e1d61.csv
#   diagnostic_file =  (Default)
#   refresh = 0
#   sig_figs = 8 (Default)
#   profile_file = /Users/magnusseverin/Documents/GitHub/Advanced_Cognitive_Modeling/Assignment03/src/simmodels/temp/ProbAgent-profile-202604281701-1-634099.csv
#   save_cmdstan_config = false (Default)
# num_threads = 1 (Default)
# stanc_version = stanc3 v2.38.0
# stancflags = --name=ProbAgent_model
lp__,accept_stat__,stepsize__,treedepth__,n_leapfrog__,divergent__,energy__,w,log_lik.1,log_lik.2,log_lik.3,log_lik.4,log_lik.5,log_lik.6,log_lik.7,log_lik.8,log_lik.9,log_lik.10,prior_pred.1,prior_pred.2,prior_pred.3,prior_pred.4,prior_pred.5,prior_pred.6,prior_pred.7,prior_pred.8,prior_pred.9,prior_pred.10,posterior_pred.1,posterior_pred.2,posterior_pred.3,posterior_pred.4,posterior_pred.5,posterior_pred.6,posterior_pred.7,posterior_pred.8,posterior_pred.9,posterior_pred.10,lprior,w_prior
-266.79883,1,0.25,1,1,0,277.08862,0.46104765,-1.786084,-1.4463417,-1.6048163,-1.7233232,-1.9686847,-1.6372594,-1.525523,-1.689216,-1.6372594,-1.4968647,2,2,4,3,7,5,6,7,5,5,6,3,3,2,8,6,8,7,5,5,0.39937747,0.7186141
-266.79883,0,14.38551,0,1,1,267.11332,0.46104765,-1.786084,-1.4463417,-1.6048163,-1.7233232,-1.9686847,-1.6372594,-1.525523,-1.689216,-1.6372594,-1.4968647,8,2,7,6,8,5,2,8,3,7,6,3,2,2,7,2,3,4,2,2,0.39937747,0.77211715
-266.79883,2.5720487e-183,2.4311673,1,1,0,267.97001,0.46104765,-1.786084,-1.4463417,-1.6048163,-1.7233232,-1.9686847,-1.6372594,-1.525523,-1.689216,-1.6372594,-1.4968647,5,2,5,4,7,2,3,6,4,3,6,3,4,2,6,3,3,7,6,6,0.39937747,0.75860264
-260.08886,1,0.23979141,3,7,0,265.9944,0.24067805,-1.6541915,-1.4495252,-1.5271299,-1.5278483,-1.690754,-1.3081571,-1.6361899,-1.5304921,-1.3081571,-1.4472023,5,6,5,3,7,5,5,8,2,5,6,2,4,6,6,3,3,7,2,5,0.092134934,0.45601731
-260.08332,1,0.32433241,1,1,0,260.08725,0.24385265,-1.6557554,-1.4491042,-1.5274718,-1.5303881,-1.6936704,-1.3127851,-1.6342914,-1.5321231,-1.3127851,-1.4475722,6,6,8,2,6,3,5,6,2,5,1,2,4,3,3,4,4,5,1,5,0.10104932,0.55864315
-261.91342,0.31790592,0.50720558,1,1,0,261.94996,0.15283773,-1.6147051,-1.4652363,-1.5262216,-1.4609218,-1.621027,-1.1813524,-1.6922091,-1.4918588,-1.1813524,-1.441223,5,4,6,5,7,2,2,8,4,7,5,4,7,1,6,1,3,6,1,5,-0.25248208,0.31623727
-260.60499,0.97167239,0.10695119,2,7,0,264.82247,0.1945742,-1.632559,-1.456803,-1.5246072,-1.4919078,-1.6515664,-1.2413038,-1.6647533,-1.5086864,-1.2413038,-1.4430276,3,5,4,4,6,1,7,8,2,5,2,3,5,7,5,2,4,4,1,6,-0.061566441,0.11248454
-260.40778,0.99889003,0.16926375,2,3,0,260.65833,0.20527086,-1.6373987,-1.4549219,-1.5247874,-1.5000879,-1.6601385,-1.2567553,-1.657961,-1.5134376,-1.2567553,-1.4437946,5,2,7,3,7,1,2,8,1,6,7,3,5,3,4,2,7,6,3,6,-0.021419363,0.39100787
-260.51505,0.92226241,0.30403212,1,3,0,261.14203,0.2985966,-1.6842425,-1.4435031,-1.5368283,-1.5754829,-1.7485743,-1.3930982,-1.6029408,-1.5630054,-1.3930982,-1.4555887,7,2,4,3,8,4,3,8,4,6,7,4,6,4,8,1,5,7,3,2,0.22842559,0.90542325
-260.08496,1,0.43980533,2,3,0,260.26492,0.25180072,-1.6597129,-1.4480959,-1.5284235,-1.5367834,-1.701098,-1.3243859,-1.6295768,-1.5362815,-1.3243859,-1.4485446,5,1,7,7,8,2,2,7,3,3,6,3,8,3,5,1,2,6,1,7,0.12255624,0.80839424
-260.08496,1.3346754e-18,0.82423183,1,1,0,261.72801,0.25180072,-1.6597129,-1.4480959,-1.5284235,-1.5367834,-1.701098,-1.3243859,-1.6295768,-1.5362815,-1.3243859,-1.4485446,8,1,8,6,6,4,5,8,2,6,6,5,6,2,5,4,2,2,1,5,0.12255624,0.77920401
-260.17738,0.99897108,0.06604465,3,15,0,260.22173,0.22412824,-1.6461942,-1.4518882,-1.5256999,-1.5147427,-1.6760106,-1.2840822,-1.6462298,-1.5222635,-1.2840822,-1.4454445,8,2,6,2,8,3,4,8,1,6,8,2,4,2,7,2,6,7,1,8,0.042454553,0.58507546
-261.79724,0.95412388,0.12546622,2,7,0,262.08527,0.35183978,-1.7147339,-1.4411403,-1.5523277,-1.621656,-1.8107703,-1.4721442,-1.574978,-1.5983325,-1.4721442,-1.4662889,6,2,2,4,7,4,2,7,3,4,5,2,8,3,7,2,2,5,5,3,0.31356273,0.32843424
-262.20498,0.93094059,0.20739187,1,1,0,262.37135,0.36414632,-1.7221774,-1.4410394,-1.5568296,-1.6326482,-1.8264539,-1.4905483,-1.5688716,-1.607289,-1.4905483,-1.4691606,4,2,7,4,5,4,3,6,1,3,3,4,8,3,5,2,3,7,3,5,0.32877315,0.70454859
-260.42955,0.91143087,0.31867406,1,3,0,262.61976,0.20394296,-1.636792,-1.4551492,-1.5247518,-1.4990671,-1.6590575,-1.2548352,-1.6587988,-1.5128379,-1.2548352,-1.4436927,4,3,6,2,8,5,2,8,5,3,5,5,7,5,7,2,1,8,6,7,-0.026239918,0.67012178
-260.42955,0.32530026,0.45996706,1,1,0,261.05386,0.20394296,-1.636792,-1.4551492,-1.5247518,-1.4990671,-1.6590575,-1.2548352,-1.6587988,-1.5128379,-1.2548352,-1.4436927,6,3,7,3,6,4,2,8,5,6,6,7,4,2,6,3,5,4,5,4,-0.026239918,0.89435411
-260.27561,0.99832915,0.10905702,1,3,0,260.52323,0.21461412,-1.6417145,-1.4533736,-1.5251444,-1.5073117,-1.6678805,-1.270281,-1.6521098,-1.5177382,-1.270281,-1.4445648,4,2,6,5,7,4,7,8,6,3,2,2,7,2,8,2,2,5,3,6,0.011265688,0.35352106
-260.88346,0.95531552,0.20665221,2,3,0,260.93251,0.18276548,-1.6273415,-1.4590131,-1.5246906,-1.4829898,-1.64246,-1.224287,-1.6723676,-1.5036516,-1.224287,-1.4423241,3,5,4,4,6,1,4,7,1,3,4,3,8,4,5,3,7,7,3,6,-0.10962118,0.32263561
-260.81517,1,0.34097552,1,1,0,261.05921,0.18541539,-1.6285009,-1.458505,-1.5246462,-1.4849807,-1.6444711,-1.2281019,-1.6706483,-1.5047624,-1.2281019,-1.4424688,6,1,2,3,8,1,6,8,3,6,5,3,5,4,7,3,3,8,1,5,-0.098474132,0.47512674
-260.81517,0.90303642,0.63915817,1,1,0,261.60803,0.18541539,-1.6285009,-1.458505,-1.5246462,-1.4849807,-1.6444711,-1.2281019,-1.6706483,-1.5047624,-1.2281019,-1.4424688,4,3,5,4,7,2,4,5,2,7,7,7,3,6,6,1,4,6,3,6,-0.098474132,0.48919551
-260.81517,1.3745556e-34,0.88887472,1,1,0,261.38269,0.18541539,-1.6285009,-1.458505,-1.5246462,-1.4849807,-1.6444711,-1.2281019,-1.6706483,-1.5047624,-1.2281019,-1.4424688,2,3,3,2,6,1,4,8,2,7,7,4,6,6,8,2,5,8,3,7,-0.098474132,0.11144962
-260.0815,0.99973483,0.085198974,3,11,0,260.81882,0.24622798,-1.6569318,-1.448796,-1.5277419,-1.532294,-1.6958713,-1.3162499,-1.6328766,-1.5333546,-1.3162499,-1.447856,5,2,7,4,6,1,1,8,4,2,5,3,5,5,7,3,4,7,5,6,0.10759674,0.36530703
-260.09574,0.99712575,0.15930083,2,5,0,260.13802,0.25636899,-1.6620149,-1.4475461,-1.5290327,-1.5404827,-1.7054492,-1.3310627,-1.6268921,-1.5387206,-1.3310627,-1.4491332,5,3,5,2,5,4,4,6,2,8,3,1,6,6,6,3,4,8,5,7,0.13441165,0.32524156
-260.09574,0.93558358,0.2926502,1,3,0,260.38209,0.25636899,-1.6620149,-1.4475461,-1.5290327,-1.5404827,-1.7054492,-1.3310627,-1.6268921,-1.5387206,-1.3310627,-1.4491332,3,4,3,1,3,3,5,8,2,6,7,2,4,4,6,3,6,4,2,3,0.13441165,0.11620778
-260.08174,1,0.44578728,1,1,0,260.08728,0.24568573,-1.6566628,-1.4488658,-1.5276791,-1.5318585,-1.6953674,-1.3154588,-1.6331992,-1.5330726,-1.3154588,-1.4477907,5,1,8,2,7,1,3,8,4,5,2,5,8,3,3,1,6,6,2,5,0.10611121,0.77508227
-260.08174,0.031355105,0.81064781,1,1,0,260.22885,0.24568573,-1.6566628,-1.4488658,-1.5276791,-1.5318585,-1.6953674,-1.3154588,-1.6331992,-1.5330726,-1.3154588,-1.4477907,5,2,5,2,4,2,6,8,2,6,4,4,6,2,7,3,2,7,4,4,0.10611121,0.49140852
-260.57507,0.9921769,0.093863515,3,9,0,260.60257,0.30213295,-1.6861821,-1.4432506,-1.53766,-1.5784795,-1.752429,-1.3983195,-1.6010061,-1.5651851,-1.3983195,-1.4562116,8,6,5,1,7,1,5,5,2,4,5,3,7,5,4,3,6,8,3,5,0.23514468,0.1489686
-260.34805,0.99735753,0.16754675,2,3,0,260.64509,0.28727536,-1.6781147,-1.4444016,-1.5343527,-1.5659575,-1.7364902,-1.37641,-1.6092087,-1.5561813,-1.37641,-1.4536796,8,5,5,5,7,3,3,7,2,4,4,1,7,7,7,1,5,6,1,7,0.20578526,0.47726063
-262.37503,0.75014768,0.30050071,2,3,0,262.37531,0.36894774,-1.7251221,-1.4410462,-1.5586811,-1.6369691,-1.8327108,-1.4977425,-1.5665257,-1.6108671,-1.4977425,-1.4703211,5,3,4,5,6,3,3,8,2,8,4,2,3,7,5,1,1,7,2,6,0.3342926,0.25558649
-262.37503,0.19677755,0.2696698,1,1,0,266.14372,0.36894774,-1.7251221,-1.4410462,-1.5586811,-1.6369691,-1.8327108,-1.4977425,-1.5665257,-1.6108671,-1.4977425,-1.4703211,5,3,8,5,8,5,3,7,3,5,2,4,4,1,7,2,5,4,1,5,0.3342926,0.68754636
-262.06558,0.99936852,0.053266663,1,3,0,262.49423,0.36007461,-1.7196981,-1.441054,-1.5553014,-1.6289982,-1.8212088,-1.4844536,-1.5708771,-1.6042917,-1.4844536,-1.4681941,5,3,4,5,7,6,3,5,4,4,7,4,6,4,7,3,6,6,2,7,0.32391176,0.48270497
-262.57664,0.98623886,0.095588365,2,3,0,262.71423,0.37442895,-1.7285117,-1.4410858,-1.5608603,-1.6419238,-1.8399495,-1.5059647,-1.5638727,-1.6150101,-1.5059647,-1.4716733,5,2,6,4,8,5,1,8,4,3,4,2,6,2,8,6,1,7,2,6,0.34031589,0.8084422
-262.8091,0.97418582,0.16399135,1,1,0,262.98807,0.38049777,-1.7322996,-1.4411695,-1.5633551,-1.6474372,-1.8480845,-1.5150801,-1.5609665,-1.6196702,-1.5150801,-1.4732045,3,6,6,4,8,3,8,3,1,6,2,4,7,3,5,5,6,5,2,7,0.34664553,0.27728328
-260.96743,1,0.27003777,1,1,0,262.31424,0.3214555,-1.6969943,-1.4421093,-1.5426982,-1.5950297,-1.774175,-1.4269208,-1.5906291,-1.5775071,-1.4269208,-1.459837,6,1,3,6,8,4,6,6,2,6,6,3,5,2,4,2,3,7,3,8,0.2690581,0.25969099
-260.1739,1,0.47231834,1,1,0,260.56267,0.2706028,-1.6693156,-1.4459729,-1.5312225,-1.5521184,-1.7193952,-1.3519091,-1.6186441,-1.5465526,-1.3519091,-1.4511053,3,1,6,4,5,5,6,7,2,5,3,8,5,2,3,3,3,7,2,6,0.16911941,0.38290642
-260.1739,0.0044848897,0.8187573,1,1,0,260.40391,0.2706028,-1.6693156,-1.4459729,-1.5312225,-1.5521184,-1.7193952,-1.3519091,-1.6186441,-1.5465526,-1.3519091,-1.4511053,5,1,6,3,8,6,3,8,5,4,6,3,6,4,7,1,6,2,1,7,0.16911941,0.77278898
-260.67078,0.98636327,0.10481605,2,5,0,260.78853,0.30737288,-1.6890783,-1.4429012,-1.5389436,-1.582938,-1.7582114,-1.4060636,-1.5981595,-1.5684574,-1.4060636,-1.4571577,4,1,7,2,6,4,4,8,1,8,5,4,6,1,5,5,2,7,5,7,0.2448023,0.17869529
-260.1266,1,0.17592134,3,7,0,260.61508,0.26350457,-1.6656505,-1.4467309,-1.5300751,-1.5462951,-1.7123666,-1.3415052,-1.6227351,-1.5426027,-1.3415052,-1.4500958,8,3,2,3,6,3,6,7,2,5,8,7,4,7,7,3,2,8,7,6,0.15222266,0.4484126
-260.11381,1,0.30332545,2,3,0,260.12994,0.26099302,-1.6643653,-1.4470117,-1.5296955,-1.5442445,-1.709915,-1.3378278,-1.6241931,-1.5412262,-1.3378278,-1.449751,5,4,2,6,8,3,5,7,2,4,4,1,6,3,7,2,4,6,3,3,0.14604993,0.60047789
-260.11381,0.0052970903,0.51862281,1,1,0,261.565,0.26099302,-1.6643653,-1.4470117,-1.5296955,-1.5442445,-1.709915,-1.3378278,-1.6241931,-1.5412262,-1.3378278,-1.449751,8,4,8,5,8,1,1,7,1,4,5,2,3,3,7,3,7,5,3,5,0.14604993,0.72051038
-261.2311,0.97028213,0.071019835,2,7,0,263.40865,0.33217885,-1.7031517,-1.4416512,-1.5458569,-1.6043431,-1.7867504,-1.4428464,-1.5850122,-1.5846512,-1.4428464,-1.4620097,4,1,4,7,8,2,1,7,5,7,2,2,6,4,5,4,5,8,4,5,0.28594284,0.81641214
-261.36134,0.99349896,0.11298948,1,1,0,261.37303,0.33704521,-1.7059831,-1.4414849,-1.5473764,-1.6085998,-1.7925786,-1.450086,-1.5824968,-1.5879667,-1.450086,-1.4630334,4,4,7,3,7,4,7,8,3,4,7,1,6,4,8,1,3,6,3,6,0.29317278,0.77190663
-260.42281,0.99883655,0.18914696,3,7,0,261.43879,0.29267057,-1.6810195,-1.4439563,-1.535497,-1.570484,-1.7422004,-1.3843577,-1.6062076,-1.5594042,-1.3843577,-1.4545732,3,4,5,2,5,7,2,4,3,6,4,2,4,7,8,3,5,6,3,6,0.21679307,0.23603603
-260.42281,0.75127983,0.31840964,1,1,0,260.96043,0.29267057,-1.6810195,-1.4439563,-1.535497,-1.570484,-1.7422004,-1.3843577,-1.6062076,-1.5594042,-1.3843577,-1.4545732,6,6,7,6,4,1,8,6,5,6,4,3,5,5,5,2,4,8,3,5,0.21679307,0.55551685
-261.08568,0.8151977,0.2895608,1,1,0,261.11293,0.32642781,-1.6998354,-1.4418812,-1.5441305,-1.5993369,-1.7799606,-1.4343006,-1.588012,-1.5807922,-1.4343006,-1.4608302,7,4,6,5,6,5,2,4,4,6,6,4,7,3,8,6,2,8,4,4,0.2770529,0.54715458
-261.25133,0.56406539,0.30813606,1,3,0,263.39809,0.17033097,-1.6219892,-1.4614909,-1.5250975,-1.4737275,-1.6332706,-1.206415,-1.6805167,-1.4985852,-1.206415,-1.4417471,7,1,5,4,8,2,2,8,6,4,5,2,4,3,5,1,6,6,6,6,-0.16498081,0.82679122
-260.08379,0.91794727,0.17829157,2,5,0,263.31769,0.24347737,-1.65557,-1.4491534,-1.5274302,-1.5300875,-1.6933241,-1.3122378,-1.6345154,-1.5319294,-1.3122378,-1.447528,2,6,5,2,7,3,6,5,1,5,5,3,3,1,8,2,3,6,1,5,0.10000536,0.21441993
-260.20595,0.98610376,0.24347579,2,3,0,260.21318,0.22097803,-1.6447014,-1.4523698,-1.5254945,-1.5122739,-1.6732909,-1.2795093,-1.648168,-1.5207487,-1.2795093,-1.4451426,5,4,5,6,4,2,4,8,2,6,5,2,2,3,7,3,7,6,3,5,0.032351441,0.59189904
-260.35664,0.94242071,0.38957036,1,1,0,260.39701,0.2085914,-1.638923,-1.4543615,-1.5248929,-1.5026468,-1.6628627,-1.2615592,-1.6558728,-1.5149499,-1.2615592,-1.4440577,5,2,2,2,7,7,2,7,5,6,3,4,2,5,7,2,2,6,3,6,-0.0095593658,0.21664597
-260.68583,0.7837945,0.55832211,1,1,0,260.98435,0.19084481,-1.630897,-1.4574859,-1.5246016,-1.4890786,-1.6486502,-1.2359249,-1.6671449,-1.5070726,-1.2359249,-1.4427891,3,1,6,3,7,6,2,7,5,2,5,3,2,3,7,1,2,6,1,4,-0.076299764,0.7295172
-260.08821,1,0.547862,1,1,0,260.2411,0.25353324,-1.6605836,-1.4478848,-1.5286492,-1.5381843,-1.7027411,-1.3269173,-1.6285565,-1.5372023,-1.3269173,-1.4487653,3,3,7,5,6,4,4,6,1,5,6,7,7,6,4,2,6,6,3,7,0.12709494,0.35847564
-261.22544,0.11283183,0.89203016,1,1,0,262.34024,0.17112425,-1.6223264,-1.4613283,-1.5250617,-1.4743145,-1.6338448,-1.2075538,-1.6799928,-1.4989013,-1.2075538,-1.4417789,6,2,5,4,7,4,5,8,4,6,3,1,5,1,7,5,4,6,2,6,-0.16129092,0.64738566
-261.12337,1,0.1832438,1,1,0,261.263,0.17435838,-1.6237069,-1.4606715,-1.5249299,-1.476713,-1.6362024,-1.2121984,-1.6778625,-1.5002,-1.2121984,-1.4419155,6,4,5,4,5,1,5,5,7,6,6,5,5,3,8,3,5,8,2,4,-0.14647746,0.31553667
-260.41332,0.98102185,0.29852835,1,3,0,260.97804,0.20492887,-1.6372423,-1.4549803,-1.5247778,-1.4998249,-1.6598597,-1.2562608,-1.6581767,-1.5132829,-1.2562608,-1.4437682,3,5,4,1,3,2,4,7,3,4,7,8,4,2,2,2,7,6,1,5,-0.02265655,0.35730918
-260.16934,1,0.46265079,1,1,0,260.3403,0.22509969,-1.6466564,-1.4517417,-1.5257676,-1.5155057,-1.6768549,-1.2854929,-1.6456339,-1.5227339,-1.2854929,-1.4455397,7,5,3,4,8,3,1,7,6,3,3,3,4,5,7,1,3,3,4,5,0.045526664,0.21442402
-260.16934,0.20998149,0.74452452,1,3,0,260.1706,0.22509969,-1.6466564,-1.4517417,-1.5257676,-1.5155057,-1.6768549,-1.2854929,-1.6456339,-1.5227339,-1.2854929,-1.4455397,4,7,6,4,4,1,6,7,1,7,3,2,3,2,6,4,2,7,2,4,0.045526664,0.15916935
-260.21213,0.99544985,0.19853857,1,1,0,260.21262,0.22034806,-1.644404,-1.4524673,-1.5254559,-1.5117812,-1.6727504,-1.2785953,-1.6485566,-1.5204477,-1.2785953,-1.4450835,6,1,8,6,7,5,5,8,3,6,7,4,7,4,4,1,7,6,4,7,0.0303049,0.95180196
-260.4867,0.9183251,0.31596885,1,3,0,260.76403,0.29684558,-1.6832867,-1.4436331,-1.5364268,-1.5740029,-1.7466798,-1.3905144,-1.6039029,-1.5619346,-1.3905144,-1.455285,7,1,3,4,8,1,4,8,1,6,6,5,3,5,4,7,5,7,2,5,0.22503751,0.67574885
-260.51714,0.9499693,0.42063246,2,3,0,260.72032,0.19900687,-1.6345514,-1.4560095,-1.5246523,-1.4952859,-1.6550812,-1.2477025,-1.6619265,-1.5106331,-1.2477025,-1.4433305,7,1,5,7,8,2,3,8,1,7,7,3,7,2,6,2,3,6,6,6,-0.044559364,0.67192186
-260.48059,0.6946002,0.59870617,1,3,0,260.48609,0.29646078,-1.683077,-1.4436621,-1.5363395,-1.573678,-1.7462647,-1.3899467,-1.6041147,-1.5617,-1.3899467,-1.4552186,7,3,7,2,6,4,3,6,1,7,5,5,5,1,3,3,5,2,2,7,0.22428747,0.50917028
-263.34887,0.19999036,0.48217567,1,3,0,263.50569,0.1255669,-1.6039203,-1.4716744,-1.5292546,-1.4414889,-1.6035047,-1.1424669,-1.7109686,-1.4822861,-1.1424669,-1.4410859,6,2,8,5,6,4,3,6,4,3,8,3,4,4,8,4,5,8,1,8,-0.41733662,0.44447042
-260.35118,0.98984702,0.13112376,2,5,0,264.47007,0.28751499,-1.6782431,-1.4443811,-1.5344021,-1.566158,-1.7367419,-1.3767628,-1.6090748,-1.5563234,-1.3767628,-1.4537186,5,3,7,3,5,1,5,7,1,4,2,2,8,2,4,2,5,8,2,3,0.20628277,0.38113717
-260.42346,0.81847288,0.20370778,1,3,0,262.31657,0.20430998,-1.6369595,-1.4550862,-1.5247612,-1.4993491,-1.6593558,-1.2553659,-1.6585671,-1.5130034,-1.2553659,-1.4437207,5,3,5,2,6,1,6,5,2,8,6,1,5,4,7,4,5,8,1,6,-0.024903038,0.25376144
-260.11527,0.98308736,0.21688099,2,3,0,260.685,0.23340227,-1.6506436,-1.4505293,-1.5264285,-1.5220587,-1.6841777,-1.2975624,-1.6405743,-1.5268182,-1.2975624,-1.4463941,8,3,6,2,6,3,5,8,3,4,6,7,6,6,4,2,7,6,4,4,0.070974547,0.25994657
-260.11527,0.69638243,0.32934563,1,3,0,261.51157,0.23340227,-1.6506436,-1.4505293,-1.5264285,-1.5220587,-1.6841777,-1.2975624,-1.6405743,-1.5268182,-1.2975624,-1.4463941,6,2,6,3,8,4,2,8,3,5,6,5,2,4,3,3,1,7,3,3,0.070974547,0.74883463
-260.63575,0.90730078,0.26871144,1,3,0,260.73512,0.19312017,-1.6319095,-1.4570675,-1.5246015,-1.4908033,-1.650425,-1.2392061,-1.6656843,-1.5080546,-1.2392061,-1.4429328,5,3,7,1,8,4,6,7,3,4,6,4,7,5,7,2,6,5,4,6,-0.06726371,0.60527283
-260.55559,0.87567001,0.34490713,2,3,0,261.84279,0.19701153,-1.6336523,-1.4563642,-1.5246268,-1.4937632,-1.6534925,-1.2448214,-1.6631969,-1.5097529,-1.2448214,-1.4431915,1,4,5,1,2,3,6,5,4,7,7,6,2,1,5,1,2,5,3,7,-0.052148463,0.2951722
-261.08918,0.90263984,0.41273286,2,3,0,261.20875,0.17548281,-1.6241891,-1.4604457,-1.5248893,-1.477549,-1.6370285,-1.2138139,-1.677124,-1.5006553,-1.2138139,-1.4419657,5,5,7,5,6,6,6,6,1,4,6,3,5,2,7,2,4,4,1,4,-0.14141199,0.36037301
-260.5774,1,0.52180493,1,1,0,261.17128,0.19591916,-1.6331616,-1.4565601,-1.5246165,-1.492931,-1.6526272,-1.2432446,-1.6638938,-1.5092738,-1.2432446,-1.4431173,7,5,5,2,3,3,7,7,3,7,4,1,8,2,5,2,6,4,1,7,-0.056349169,0.60184816
-260.5774,5.693766e-15,0.80746703,1,1,0,260.8381,0.19591916,-1.6331616,-1.4565601,-1.5246165,-1.492931,-1.6526272,-1.2432446,-1.6638938,-1.5092738,-1.2432446,-1.4431173,2,4,4,3,6,4,6,8,2,4,2,5,8,6,7,4,4,5,2,5,-0.056349169,0.4799507
-260.35673,0.99558917,0.1535606,2,5,0,260.79976,0.28793632,-1.6784691,-1.4443454,-1.5344894,-1.5665107,-1.737185,-1.3773832,-1.6088396,-1.5565733,-1.3773832,-1.4537875,7,3,6,5,7,3,1,7,5,5,8,2,5,6,8,1,3,7,1,7,0.2071556,0.41717754
-260.48114,0.81613133,0.23585698,1,3,0,261.88076,0.20096384,-1.635437,-1.4556655,-1.5246855,-1.4967826,-1.6566497,-1.2505295,-1.660684,-1.5115026,-1.2505295,-1.443471,6,2,6,4,7,5,2,8,2,4,5,5,4,3,5,2,2,7,5,6,-0.03721988,0.86088249
-260.32338,0.88977868,0.24872106,2,3,0,261.76013,0.21093169,-1.6400036,-1.4539733,-1.5249814,-1.5044559,-1.6648007,-1.2649469,-1.6544068,-1.5160264,-1.2649469,-1.4442502,4,5,3,5,7,2,5,8,1,3,7,5,4,3,5,1,4,5,2,7,-0.0013638713,0.19050351
-261.42255,0.90118675,0.30503233,2,3,0,261.58247,0.3392516,-1.7072745,-1.4414181,-1.548083,-1.610536,-1.7952464,-1.4533711,-1.5813632,-1.5894852,-1.4533711,-1.4635052,5,2,4,5,7,1,4,3,1,8,5,5,5,5,6,5,8,7,3,7,0.29636406,0.38294659
-261.40002,1,0.3820967,2,3,0,261.40053,0.16596458,-1.6201442,-1.4623975,-1.5253177,-1.4705065,-1.6301401,-1.2001505,-1.6834102,-1.4968627,-1.2001505,-1.4415847,6,2,4,4,7,2,6,7,4,3,4,3,4,6,5,3,5,6,1,8,-0.18570082,0.70151369
-261.40002,0.0025644231,0.5839977,1,1,0,261.92014,0.16596458,-1.6201442,-1.4623975,-1.5253177,-1.4705065,-1.6301401,-1.2001505,-1.6834102,-1.4968627,-1.2001505,-1.4415847,3,1,6,3,4,3,3,8,4,4,7,2,6,4,7,1,3,6,2,6,-0.18570082,0.20454683
-262.05395,0.99196443,0.11763123,3,7,0,262.28945,0.14965332,-1.61341,-1.4659506,-1.5264955,-1.4586192,-1.6188832,-1.1768001,-1.6943663,-1.4906841,-1.1768001,-1.441164,6,2,6,7,5,3,1,8,6,6,4,3,6,5,8,2,7,6,5,5,-0.26978555,0.72287967
-261.61197,1,0.17716112,2,3,0,262.03119,0.16022271,-1.6177452,-1.4636183,-1.5256685,-1.4662957,-1.626099,-1.1919215,-1.6872405,-1.4946418,-1.1919215,-1.441403,4,1,6,2,5,3,3,6,2,3,3,2,4,1,6,1,4,4,1,4,-0.21404956,0.36659759
-260.36921,0.9668437,0.27002837,1,3,0,261.51267,0.20774706,-1.6385344,-1.454503,-1.5248638,-1.5019952,-1.6621671,-1.2603373,-1.6564029,-1.5145637,-1.2603373,-1.4439897,4,2,6,4,8,2,3,7,3,4,5,3,3,2,6,1,5,8,1,7,-0.012549082,0.8122303
-260.16877,0.98829554,0.38357469,2,3,0,260.41794,0.26993604,-1.6689692,-1.4460418,-1.53111,-1.5515697,-1.7187287,-1.3509312,-1.6190265,-1.5461778,-1.3509312,-1.4510083,4,6,6,4,4,2,4,8,1,7,5,3,6,3,8,6,1,7,3,4,0.16756611,0.72485441
-260.08735,1,0.5666151,1,1,0,260.12182,0.25312303,-1.6603772,-1.4479345,-1.5285952,-1.5378524,-1.7023513,-1.3263179,-1.6287978,-1.5369839,-1.3263179,-1.4487128,5,1,7,1,2,1,3,7,3,6,6,3,6,5,8,4,1,8,2,6,0.12602505,0.37326273
-260.10155,0.36595261,0.85332543,1,3,0,260.1193,0.23653212,-1.6521636,-1.4500907,-1.5267162,-1.5245439,-1.6869883,-1.3021179,-1.6386826,-1.5283877,-1.3021179,-1.4467349,5,7,6,4,7,4,3,6,2,5,3,3,4,2,7,3,4,6,2,3,0.08020397,0.68174106
-261.5718,0.6865409,0.3674042,1,3,0,261.63479,0.16127223,-1.6181814,-1.4633927,-1.5255992,-1.4670632,-1.6268312,-1.1934248,-1.6865382,-1.495044,-1.1934248,-1.4414335,7,5,8,3,8,3,4,8,3,5,8,3,6,5,5,2,6,8,2,5,-0.20877111,0.59542123
-260.86732,1,0.29881563,1,1,0,261.47631,0.18337979,-1.6276097,-1.4588947,-1.524679,-1.4834508,-1.6429245,-1.2251712,-1.6719685,-1.5039081,-1.2251712,-1.4423569,8,2,7,5,7,2,1,8,4,5,4,2,7,3,6,1,3,8,5,2,-0.10701761,0.81908109
-263.53038,0.39108207,0.44868408,1,1,0,263.67178,0.12274887,-1.6028454,-1.4723809,-1.5296566,-1.4395181,-1.601801,-1.1384615,-1.7129441,-1.4813592,-1.1384615,-1.4411195,5,3,8,1,7,2,5,5,3,4,8,1,1,2,5,1,4,3,5,6,-0.4368172,0.082632447
-260.56451,0.99198526,0.20583465,2,5,0,263.15734,0.30152608,-1.6858484,-1.443293,-1.5375153,-1.5779645,-1.7517648,-1.3974232,-1.6013373,-1.5648094,-1.3974232,-1.4561038,7,2,6,1,8,3,1,8,7,5,7,5,6,1,7,4,4,5,1,6,0.23400327,0.69665489
-260.13391,0.97849689,0.30365781,1,3,0,260.67973,0.23006118,-1.6490312,-1.4510087,-1.5261447,-1.5194148,-1.6812077,-1.2927029,-1.6426031,-1.5251608,-1.2927029,-1.4460415,5,7,7,4,4,1,2,8,2,5,8,3,5,1,8,2,6,8,2,8,0.060905234,0.30619791
-260.09059,0.97735478,0.43491808,2,3,0,260.14466,0.25454938,-1.6610956,-1.4477625,-1.5287846,-1.5390072,-1.7037089,-1.3284024,-1.6279593,-1.5377448,-1.3284024,-1.4488962,5,2,5,4,8,2,4,5,1,8,5,2,8,1,6,2,2,7,5,5,0.12973264,0.12741362
-260.08654,1,0.61949442,1,1,0,260.09453,0.25271128,-1.6601701,-1.4479846,-1.5285413,-1.5375194,-1.7019605,-1.3257162,-1.6290402,-1.5367648,-1.3257162,-1.4486602,5,7,4,6,8,2,4,8,3,7,5,2,5,3,6,3,7,6,6,4,0.12494817,0.53000492
-260.46025,0.43143621,0.91834229,1,1,0,260.93847,0.20214319,-1.6359724,-1.45546,-1.5247095,-1.4976861,-1.6576,-1.2522336,-1.6599368,-1.5120295,-1.2522336,-1.4435576,7,4,4,4,7,2,3,8,1,8,5,7,7,4,4,1,4,6,2,7,-0.032845653,0.53484255
-260.13732,0.9963348,0.46123334,2,3,0,260.25937,0.26534963,-1.6665985,-1.4465288,-1.5303627,-1.5478048,-1.7141794,-1.344208,-1.6216674,-1.5436209,-1.344208,-1.4503532,8,3,6,2,7,5,5,6,2,8,2,3,5,5,6,4,6,6,1,6,0.15669192,0.072017847
-260.13732,0.026253903,0.67746824,1,1,0,260.69798,0.26534963,-1.6665985,-1.4465288,-1.5303627,-1.5478048,-1.7141794,-1.344208,-1.6216674,-1.5436209,-1.344208,-1.4503532,5,4,7,2,7,1,2,7,2,4,8,1,7,2,8,5,3,6,2,3,0.15669192,0.76923435
-260.1994,0.99648932,0.15996422,2,3,0,260.21051,0.27367285,-1.6709157,-1.4456615,-1.5317529,-1.5546497,-1.722481,-1.356414,-1.6168883,-1.5482884,-1.356414,-1.451558,7,5,2,1,4,6,6,7,2,4,7,2,8,3,4,3,4,5,1,6,0.17618286,0.14892188
-260.12399,0.78959431,0.23529493,2,3,0,262.28852,0.26302381,-1.665404,-1.4467841,-1.5300014,-1.5459022,-1.7118959,-1.3408011,-1.6230137,-1.5423384,-1.3408011,-1.4500293,6,2,5,1,6,1,1,6,5,5,8,3,4,5,6,2,6,5,2,5,0.15104905,0.55888532
-260.34527,0.91203179,0.23452916,1,3,0,260.83857,0.20937402,-1.6392838,-1.4542311,-1.5249212,-1.5032513,-1.6635091,-1.2626919,-1.6553821,-1.5153089,-1.2626919,-1.4441214,3,4,4,2,8,1,3,7,4,7,7,3,7,7,5,2,1,6,2,6,-0.0068038398,0.32271954
-260.09192,1,0.29341619,1,3,0,260.31196,0.23946968,-1.6535988,-1.4496882,-1.5270055,-1.5268837,-1.6896515,-1.3063964,-1.6369149,-1.5298758,-1.3063964,-1.4470642,5,4,6,4,8,2,6,6,3,7,6,4,4,2,6,2,5,7,2,4,0.088691695,0.32102775
-260.09192,0.399478,0.43106869,1,1,0,260.66977,0.23946968,-1.6535988,-1.4496882,-1.5270055,-1.5268837,-1.6896515,-1.3063964,-1.6369149,-1.5298758,-1.3063964,-1.4470642,7,2,3,3,7,2,4,8,3,2,4,4,6,4,4,3,4,6,3,6,0.088691695,0.73358121
-260.09214,0.99488504,0.20896083,1,3,0,260.15303,0.25513861,-1.6613929,-1.447692,-1.5288641,-1.5394847,-1.7042714,-1.3292638,-1.6276134,-1.5380602,-1.3292638,-1.4489726,4,3,1,3,4,1,2,8,4,7,2,6,6,5,4,3,3,8,2,5,0.13125402,0.47296194
-260.15298,0.96987078,0.30354522,2,3,0,260.25932,0.26775737,-1.6678406,-1.4462704,-1.5307493,-1.5497791,-1.7165599,-1.3477366,-1.6202787,-1.5449586,-1.3477366,-1.4506944,4,6,6,3,5,2,2,6,5,5,7,1,3,3,7,1,3,6,3,6,0.16244206,0.098669182
-260.12847,1,0.41993418,1,1,0,260.16681,0.26384104,-1.6658232,-1.4466937,-1.530127,-1.5465702,-1.7126964,-1.341998,-1.6225401,-1.5427879,-1.341998,-1.4501424,4,3,7,4,5,3,6,7,3,4,3,3,7,1,7,2,5,8,1,6,0.15304178,0.19185203
-260.29741,0.97479931,1.2239958,2,3,0,260.30117,0.28319447,-1.6759362,-1.444759,-1.5335299,-1.5625493,-1.7322292,-1.3704047,-1.6114956,-1.5537786,-1.3704047,-1.4530233,4,4,7,4,7,2,2,8,5,4,3,2,7,1,3,2,7,7,1,6,0.19718732,0.62069077
-260.29741,2.496249e-187,16.819228,1,2,1,260.30625,0.28319447,-1.6759362,-1.444759,-1.5335299,-1.5625493,-1.7322292,-1.3704047,-1.6114956,-1.5537786,-1.3704047,-1.4530233,2,2,8,3,5,4,4,7,4,3,5,4,2,1,6,2,6,6,2,5,0.19718732,0.19942262
-260.29741,0.03501086,2.8041309,1,1,0,260.38324,0.28319447,-1.6759362,-1.444759,-1.5335299,-1.5625493,-1.7322292,-1.3704047,-1.6114956,-1.5537786,-1.3704047,-1.4530233,5,4,2,2,6,1,5,7,3,7,6,3,7,5,7,1,3,7,4,3,0.19718732,0.11397243
-260.08648,0.99115725,0.30127733,2,7,0,261.02336,0.24180531,-1.6547457,-1.4493745,-1.5272488,-1.5287492,-1.6917863,-1.3098001,-1.6355148,-1.5310693,-1.3098001,-1.4473324,8,3,6,4,5,3,4,5,2,7,6,2,4,2,5,3,7,7,4,8,0.09532202,0.1698639
-260.11664,0.99919581,0.39808029,2,5,0,260.12705,0.23312778,-1.6505107,-1.4505683,-1.5264043,-1.5218412,-1.6839325,-1.297163,-1.6407406,-1.5266814,-1.297163,-1.4463647,8,2,6,5,7,6,1,6,1,6,6,5,5,6,7,1,6,7,2,7,0.070155818,0.46279627
-260.09304,1,0.62111968,2,3,0,260.11575,0.23907395,-1.653405,-1.4497419,-1.5269654,-1.5265681,-1.6892913,-1.3058198,-1.6371526,-1.5296745,-1.3058198,-1.4470193,3,2,4,2,5,1,4,6,1,6,4,5,6,3,7,2,2,7,2,5,0.087558006,0.11058128
-260.53214,0.93721728,1.0572972,2,3,0,260.62191,0.19821762,-1.6341953,-1.4561493,-1.5246412,-1.4946832,-1.6544515,-1.2465628,-1.6624286,-1.5102842,-1.2465628,-1.443275,8,2,7,3,8,6,5,7,2,7,7,1,6,4,7,2,5,7,2,6,-0.047548364,0.79171767
-260.60353,0.97776373,1.5561334,2,3,0,260.60525,0.30373772,-1.6870662,-1.4431405,-1.5380466,-1.5798426,-1.7541909,-1.4006902,-1.6001317,-1.5661819,-1.4006902,-1.4564984,3,2,6,3,6,1,3,7,2,5,6,7,5,3,7,1,6,6,1,8,0.23813991,0.43018599
-260.60353,0.010143461,2.6669917,1,1,0,260.74463,0.30373772,-1.6870662,-1.4431405,-1.5380466,-1.5798426,-1.7541909,-1.4006902,-1.6001317,-1.5661819,-1.4006902,-1.4564984,6,2,8,3,8,3,3,6,5,8,1,4,6,2,4,1,4,6,1,4,0.23813991,0.87709159
-260.9557,0.99096037,0.21855852,2,7,0,261.72522,0.32094571,-1.6967043,-1.4421342,-1.5425545,-1.5945892,-1.7735863,-1.4261646,-1.5908986,-1.5771729,-1.4261646,-1.4597365,3,3,4,4,3,3,3,7,2,8,4,3,5,2,8,2,6,8,2,4,0.26822197,0.075741649
-260.81416,0.99898932,0.3975563,2,3,0,261.02838,0.31451744,-1.6930702,-1.4424725,-1.5407928,-1.5890527,-1.7662327,-1.416637,-1.5943172,-1.5730019,-1.416637,-1.4584922,5,4,7,2,8,2,5,7,2,5,5,3,3,3,4,1,5,5,5,5,0.2574115,0.31219512
-260.94595,0.98062995,0.74827461,1,1,0,261.00797,0.32051944,-1.6964621,-1.4421552,-1.5424348,-1.5942211,-1.7730947,-1.4255324,-1.5911242,-1.5768939,-1.4255324,-1.4596527,5,3,1,4,3,1,3,7,2,8,4,2,7,2,7,3,4,6,2,5,0.26752047,0.093885765
-260.81626,1,1.3327747,1,1,0,261.20418,0.31461691,-1.6931261,-1.442467,-1.5408193,-1.5891381,-1.7663455,-1.4167843,-1.5942641,-1.5730658,-1.4167843,-1.4585111,4,4,7,6,8,1,5,7,1,8,5,1,5,2,6,5,4,7,1,7,0.25758258,0.52525033
-260.81626,0.00061642574,2.5196446,1,1,0,261.57195,0.31461691,-1.6931261,-1.442467,-1.5408193,-1.5891381,-1.7663455,-1.4167843,-1.5942641,-1.5730658,-1.4167843,-1.4585111,5,3,7,3,6,1,5,7,3,5,4,3,7,2,8,3,6,7,2,3,0.25758258,0.39595044
-260.77931,0.99962276,0.21019489,2,3,0,260.87368,0.31284646,-1.6921321,-1.4425678,-1.54035,-1.5876189,-1.7643424,-1.4141626,-1.5952118,-1.5719304,-1.4141626,-1.4581755,2,4,2,1,6,4,1,8,1,6,5,4,5,5,8,2,4,8,5,5,0.2545192,0.23284611
-260.12796,0.97564028,0.40028319,2,7,0,262.11204,0.23105082,-1.6495077,-1.4508655,-1.5262263,-1.520197,-1.6820841,-1.2941419,-1.6420011,-1.5256498,-1.2941419,-1.4461447,1,1,7,3,8,3,7,8,1,6,5,3,8,2,8,2,3,8,2,4,0.063911472,0.39993589
-260.09741,0.99541185,0.70366151,3,7,0,260.24232,0.25688957,-1.6622785,-1.4474848,-1.529105,-1.5409053,-1.7059489,-1.331824,-1.6265873,-1.5390009,-1.331824,-1.4492017,4,3,3,5,4,2,6,7,4,5,7,2,6,2,7,1,3,8,3,8,0.13573989,0.20521286
-260.09382,1,1.3053833,1,1,0,260.10027,0.25573775,-1.6616956,-1.4476207,-1.5289458,-1.5399705,-1.7048444,-1.3301397,-1.627262,-1.5383815,-1.3301397,-1.4490506,4,4,4,5,4,5,5,8,4,6,6,3,7,5,7,2,5,7,1,2,0.13279487,0.51958509
-260.09382,0.25629189,2.4350145,1,1,0,260.33477,0.25573775,-1.6616956,-1.4476207,-1.5289458,-1.5399705,-1.7048444,-1.3301397,-1.627262,-1.5383815,-1.3301397,-1.4490506,6,4,3,4,4,2,4,5,2,6,4,1,7,4,7,2,7,8,1,7,0.13279487,0.041125956
-260.36918,0.98929003,0.48116283,2,5,0,260.43621,0.20774891,-1.6385353,-1.4545027,-1.5248639,-1.5019967,-1.6621686,-1.26034,-1.6564017,-1.5145645,-1.26034,-1.4439898,5,4,5,3,8,2,4,8,1,6,6,3,5,1,8,4,4,8,1,8,-0.012542524,0.26558062
-260.77586,0.95923598,0.86884486,2,3,0,260.9607,0.18700441,-1.6291993,-1.4582037,-1.5246266,-1.4861774,-1.6456861,-1.2303905,-1.6696203,-1.5054337,-1.2303905,-1.4425592,5,6,4,1,7,2,2,7,2,6,6,3,7,2,7,8,5,3,3,4,-0.091893203,0.17907794
-260.18023,1,1.4223411,1,1,0,260.56822,0.22379386,-1.6460353,-1.4519388,-1.5256771,-1.5144803,-1.6757206,-1.2835966,-1.6464351,-1.5221019,-1.2835966,-1.445412,7,1,7,6,8,3,5,8,2,7,8,2,4,1,5,5,1,6,1,3,0.041392407,0.53188479
-260.18023,0.19128862,2.6033521,1,1,0,260.21546,0.22379386,-1.6460353,-1.4519388,-1.5256771,-1.5144803,-1.6757206,-1.2835966,-1.6464351,-1.5221019,-1.2835966,-1.445412,7,3,7,4,8,4,4,8,6,5,7,2,5,4,5,1,3,5,4,6,0.041392407,0.57568883
-260.18801,0.99970192,0.4496493,1,1,0,260.18921,0.22290572,-1.6456138,-1.4520739,-1.5256177,-1.5137836,-1.6749519,-1.2823072,-1.6469809,-1.5216737,-1.2823072,-1.4453261,4,3,5,2,6,2,4,8,4,5,4,2,2,5,8,2,4,4,1,6,0.038559493,0.55024019
-260.22087,0.99583982,0.82234832,1,1,0,260.2259,0.21948335,-1.6439964,-1.4526018,-1.5254045,-1.5111054,-1.6720102,-1.2773408,-1.6490906,-1.5200356,-1.2773408,-1.4450031,7,1,3,6,2,2,2,8,3,5,5,4,4,6,7,2,2,6,3,7,0.027481374,0.21727128
-261.02103,0.74505975,1.4725731,1,1,0,261.03227,0.17779178,-1.6251832,-1.4599857,-1.5248141,-1.4792691,-1.6387354,-1.2171327,-1.675611,-1.5015964,-1.2171327,-1.442073,3,5,6,5,8,1,5,8,1,4,5,3,5,4,6,1,3,8,3,5,-0.13114433,0.7149265
-260.31614,0.90650769,1.2832916,2,3,0,261.25841,0.28475228,-1.6767659,-1.4446204,-1.5338396,-1.5638487,-1.7338499,-1.3726965,-1.6106209,-1.5546922,-1.3726965,-1.4532718,8,4,6,2,7,2,2,7,1,5,6,5,5,2,8,4,5,8,1,5,0.20049747,0.39806234
-260.15692,1,1.7642627,1,3,0,260.21795,0.2266967,-1.6474183,-1.451503,-1.5258832,-1.5167617,-1.6782485,-1.2878128,-1.644656,-1.5235106,-1.2878128,-1.4456984,5,2,8,2,4,3,5,8,3,4,6,1,6,4,7,2,1,5,1,7,0.050533264,0.7646979
-260.15692,0.013936861,3.1302026,1,1,0,260.17918,0.2266967,-1.6474183,-1.451503,-1.5258832,-1.5167617,-1.6782485,-1.2878128,-1.644656,-1.5235106,-1.2878128,-1.4456984,7,2,6,4,8,1,5,8,2,4,3,4,5,6,7,3,4,6,3,4,0.050533264,0.65468757
-260.11131,0.9783367,0.36122089,2,7,0,261.87289,0.26044988,-1.6640882,-1.4470733,-1.5296152,-1.5438018,-1.7093872,-1.3370329,-1.6245092,-1.54093,-1.3370329,-1.4496773,4,2,7,4,6,5,2,7,4,5,5,5,7,3,8,2,4,8,2,6,0.14470142,0.67933486
-260.62241,0.97490045,0.60621739,2,7,0,260.6396,0.19374516,-1.6321884,-1.4569536,-1.5246034,-1.4912779,-1.6509149,-1.2401077,-1.6652839,-1.5083257,-1.2401077,-1.4429733,7,4,7,4,7,2,5,8,5,7,2,2,6,4,7,2,7,6,4,6,-0.064807517,0.61084045
-261.06151,0.93490289,0.99934345,1,1,0,261.07057,0.17640922,-1.6245874,-1.4602605,-1.5248578,-1.4782386,-1.6377117,-1.2151453,-1.6765164,-1.5010319,-1.2151453,-1.442008,6,6,4,3,6,1,1,8,2,7,6,3,4,5,7,2,6,6,1,6,-0.13727089,0.30878679
-260.09111,0.9167188,1.4670509,2,3,0,261.41982,0.25475183,-1.6611977,-1.4477382,-1.5288118,-1.5391712,-1.703902,-1.3286984,-1.6278404,-1.5378531,-1.3286984,-1.4489224,7,7,6,3,7,2,4,6,1,7,6,6,5,1,6,5,8,8,4,3,0.13025603,0.27924651
-260.25127,0.85908411,2.0387203,1,1,0,260.3088,0.27905129,-1.6737409,-1.4451399,-1.5327321,-1.5591029,-1.7279543,-1.3643133,-1.6138324,-1.5513697,-1.3643133,-1.4523743,7,2,6,3,8,3,7,7,3,7,6,3,6,2,8,5,4,7,1,6,0.1882125,0.62224269
-260.25127,0.24873646,2.4189044,1,1,0,260.80516,0.27905129,-1.6737409,-1.4451399,-1.5327321,-1.5591029,-1.7279543,-1.3643133,-1.6138324,-1.5513697,-1.3643133,-1.4523743,7,6,5,5,6,3,2,8,3,6,6,4,5,6,5,1,2,8,2,7,0.1882125,0.68647719
-260.21358,1,0.57506355,3,7,0,260.24896,0.2752415,-1.6717368,-1.4455062,-1.5320319,-1.5559461,-1.7240684,-1.3587169,-1.6159944,-1.5491818,-1.3587169,-1.451793,1,2,4,7,8,1,3,8,4,8,7,2,4,5,5,2,3,6,2,6,0.1797363,0.64316939
-260.08882,0.98887442,0.99253547,1,3,0,260.28875,0.24069628,-1.6542005,-1.4495227,-1.5271318,-1.5278629,-1.6907707,-1.3081837,-1.636179,-1.5305014,-1.3081837,-1.4472043,4,3,8,2,4,1,4,6,2,5,6,4,7,1,6,5,2,5,3,8,0.092186646,0.33915465
-261.2283,0.57022592,1.6502512,1,1,0,261.22855,0.17103606,-1.6222888,-1.4613463,-1.5250656,-1.4742492,-1.6337808,-1.2074272,-1.680051,-1.4988661,-1.2074272,-1.4417753,4,2,7,7,6,2,6,7,3,5,6,5,5,2,7,1,6,5,2,5,-0.16170001,0.59947157
-260.18122,0.99658498,0.92881995,2,7,0,261.08267,0.2715214,-1.6697934,-1.4458787,-1.531379,-1.552875,-1.7203156,-1.3532567,-1.6181178,-1.5470702,-1.3532567,-1.4512398,3,6,3,6,5,1,2,6,4,4,4,2,5,2,7,3,6,8,2,5,0.17124812,0.34373377
-260.08133,1,1.563386,1,1,0,260.12812,0.24742707,-1.6575277,-1.4486426,-1.5278829,-1.5332578,-1.6969884,-1.3179997,-1.6321643,-1.5339799,-1.3179997,-1.4480014,6,4,5,6,8,1,2,8,1,2,5,4,5,1,5,3,7,5,2,7,0.1108627,0.56452245
-260.08133,1.3351958e-05,2.6334217,1,1,0,260.90885,0.24742707,-1.6575277,-1.4486426,-1.5278829,-1.5332578,-1.6969884,-1.3179997,-1.6321643,-1.5339799,-1.3179997,-1.4480014,6,2,4,2,6,1,6,8,1,5,6,3,4,4,7,2,4,5,2,6,0.1108627,0.40059126
-261.06843,0.97258192,0.35733116,2,7,0,261.61499,0.17617609,-1.6244871,-1.460307,-1.5248655,-1.478065,-1.6375395,-1.2148102,-1.6766692,-1.500937,-1.2148102,-1.4419973,5,2,4,3,5,3,4,8,7,6,6,6,5,2,6,4,4,8,1,3,-0.13831029,0.24286992
-260.67398,1,0.56384835,2,3,0,261.09491,0.19137349,-1.6311318,-1.4573882,-1.5246006,-1.4894789,-1.6490613,-1.2366872,-1.6668051,-1.5073,-1.2366872,-1.442822,3,4,4,3,4,3,4,7,1,6,7,4,5,2,7,1,1,6,1,7,-0.074186981,0.23829805
-261.15888,0.93655507,0.94578897,1,1,0,261.16163,0.17321307,-1.6232169,-1.4609029,-1.5249741,-1.4758626,-1.6353643,-1.2105532,-1.6786159,-1.4997383,-1.2105532,-1.4418658,5,1,5,6,7,2,5,8,1,7,8,6,8,4,7,4,3,8,4,8,-0.15168163,0.899797
-261.03249,1,1.3473092,1,1,0,261.38439,0.17739686,-1.6250128,-1.460064,-1.5248262,-1.4789746,-1.6384425,-1.2165649,-1.6758694,-1.5014348,-1.2165649,-1.4420543,8,1,7,5,8,3,1,8,4,6,6,3,4,2,6,2,1,8,4,6,-0.13288785,0.77507195
-261.03249,0.95781927,2.2291447,1,1,0,261.84873,0.17739686,-1.6250128,-1.460064,-1.5248262,-1.4789746,-1.6384425,-1.2165649,-1.6758694,-1.5014348,-1.2165649,-1.4420543,7,1,8,2,6,3,6,4,6,5,8,4,6,3,8,4,3,8,4,7,-0.13288785,0.76931456
-261.03249,7.0974802e-36,3.3062893,1,1,0,264.61351,0.17739686,-1.6250128,-1.460064,-1.5248262,-1.4789746,-1.6384425,-1.2165649,-1.6758694,-1.5014348,-1.2165649,-1.4420543,8,8,3,6,7,2,3,8,3,4,4,3,4,5,2,4,5,6,4,7,-0.13288785,0.75156043
-260.95292,0.99816169,0.4869922,3,15,0,261.20162,0.32082438,-1.6966354,-1.4421402,-1.5425204,-1.5944844,-1.7734463,-1.4259846,-1.5909628,-1.5770935,-1.4259846,-1.4597127,5,3,8,4,7,6,4,7,6,2,7,3,5,1,8,3,6,8,3,8,0.26802252,0.94279858
-260.08173,0.90074333,0.79928852,3,7,0,262.22413,0.2487384,-1.658181,-1.4484766,-1.5280406,-1.5343132,-1.6982148,-1.3199138,-1.6313868,-1.5346665,-1.3199138,-1.4481622,4,4,7,5,5,1,5,7,2,3,5,4,4,4,7,5,8,8,3,5,0.11440457,0.50630797
-260.08173,0.68616393,1.0340363,1,3,0,261.91896,0.2487384,-1.658181,-1.4484766,-1.5280406,-1.5343132,-1.6982148,-1.3199138,-1.6313868,-1.5346665,-1.3199138,-1.4481622,8,3,5,6,7,6,2,7,1,6,4,2,6,5,6,3,6,7,2,6,0.11440457,0.42545413
-262.88852,0.44041943,1.6077232,2,3,0,262.92717,0.38251513,-1.7335668,-1.4412066,-1.5642035,-1.6492763,-1.8508169,-1.518113,-1.5600077,-1.6212365,-1.518113,-1.4737214,3,3,8,2,8,4,4,8,4,6,4,1,6,5,6,3,5,7,3,7,0.34867168,0.90212934
-262.88852,5.2869174e-97,8.3613612,1,1,0,263.33831,0.38251513,-1.7335668,-1.4412066,-1.5642035,-1.6492763,-1.8508169,-1.518113,-1.5600077,-1.6212365,-1.518113,-1.4737214,7,2,5,2,8,3,4,8,5,4,7,2,7,6,8,2,2,6,2,8,0.34867168,0.79118895
-260.76573,1,1.0452399,1,1,0,262.33494,0.31218478,-1.6917614,-1.4426064,-1.5401764,-1.5870518,-1.7635963,-1.413183,-1.5955668,-1.5715076,-1.413183,-1.4580509,4,2,8,3,8,4,5,8,2,2,1,4,4,1,3,4,7,6,2,6,0.2533644,0.62017372
-260.76573,0.40310702,1.2465951,1,1,0,262.36141,0.31218478,-1.6917614,-1.4426064,-1.5401764,-1.5870518,-1.7635963,-1.413183,-1.5955668,-1.5715076,-1.413183,-1.4580509,5,7,6,4,5,1,5,5,2,5,4,3,1,2,8,3,1,7,4,4,0.2533644,0.30433968
-260.58773,1,0.33345924,4,15,0,260.76537,0.30285195,-1.6865779,-1.4432009,-1.5378325,-1.5790899,-1.7532174,-1.3993816,-1.6006141,-1.5656311,-1.3993816,-1.4563398,3,5,6,5,7,1,6,4,4,7,7,2,8,3,7,1,4,7,3,6,0.23649079,0.19022876
-260.29059,0.99318385,0.51143545,2,7,0,260.9578,0.21341301,-1.641155,-1.4535677,-1.525088,-1.506379,-1.6668719,-1.2685407,-1.6528577,-1.5171774,-1.2685407,-1.4444606,3,3,4,4,7,2,3,7,3,3,5,4,4,1,6,4,5,6,3,4,0.0071815491,0.43193896
-260.41827,0.99586085,0.84193183,3,7,0,260.4185,0.20462504,-1.6371034,-1.4550322,-1.5247696,-1.4995913,-1.6596122,-1.2558214,-1.6583683,-1.5131456,-1.2558214,-1.4437448,5,4,4,4,6,4,1,7,3,7,4,3,2,2,7,2,7,6,6,7,-0.023758221,0.53027265
-260.5631,0.95518963,1.4750144,1,1,0,260.65765,0.19663246,-1.6334819,-1.456432,-1.524623,-1.4934743,-1.6531919,-1.2442742,-1.6634386,-1.5095864,-1.2442742,-1.4431656,2,4,7,3,4,3,4,6,7,5,4,2,6,5,7,1,4,7,1,5,-0.053602472,0.85681339
-260.23012,1,2.3474317,1,1,0,260.5161,0.21859835,-1.64358,-1.4527403,-1.5253534,-1.5104144,-1.6712547,-1.2760571,-1.6496378,-1.5196152,-1.2760571,-1.4449216,7,3,8,4,2,4,3,8,2,5,4,7,6,5,7,4,3,4,1,7,0.024574233,0.78660372
-260.08961,0.46054952,4.3736418,1,3,0,260.09148,0.25415003,-1.6608942,-1.4478104,-1.5287311,-1.5386837,-1.7033282,-1.3278187,-1.6281939,-1.5375314,-1.3278187,-1.4488446,4,7,5,2,7,6,3,6,3,7,7,1,4,4,4,4,3,7,1,5,0.12869814,0.18887955
-260.22192,0.94413979,1.4923507,1,1,0,260.22298,0.27612561,-1.6722006,-1.4454198,-1.5321916,-1.5566776,-1.7249663,-1.3600152,-1.6154916,-1.5496872,-1.3600152,-1.4519266,7,1,5,2,6,3,5,7,2,6,6,5,4,4,6,2,6,6,3,5,0.18172266,0.35579694
-260.22192,0.23708517,2.359246,1,1,0,260.47542,0.27612561,-1.6722006,-1.4454198,-1.5321916,-1.5566776,-1.7249663,-1.3600152,-1.6154916,-1.5496872,-1.3600152,-1.4519266,3,2,8,5,7,4,2,7,2,6,5,8,6,1,6,4,5,7,3,3,0.18172266,0.45410825
-261.23138,0.97297555,0.40308657,2,5,0,261.58736,0.33218968,-1.703158,-1.4416508,-1.5458602,-1.6043526,-1.7867633,-1.4428625,-1.5850066,-1.5846586,-1.4428625,-1.462012,6,4,8,2,5,3,3,6,4,6,3,2,4,6,6,7,6,7,2,2,0.28595923,0.28919393
-260.22791,1,0.70469807,2,3,0,261.14082,0.2767451,-1.6725261,-1.4453598,-1.5323045,-1.5571906,-1.7255969,-1.360925,-1.6151396,-1.5500422,-1.360925,-1.4520207,7,1,7,4,8,1,5,8,7,6,7,6,4,2,6,2,7,6,1,6,0.18310749,0.78340249
-260.22791,0.57374745,1.3374899,2,3,0,262.17994,0.2767451,-1.6725261,-1.4453598,-1.5323045,-1.5571906,-1.7255969,-1.360925,-1.6151396,-1.5500422,-1.360925,-1.4520207,3,2,3,5,8,6,3,7,6,5,7,4,4,1,7,2,6,8,4,7,0.18310749,0.78386423
-261.70371,0.83534682,0.67398753,1,3,0,262.74595,0.34882934,-1.7129358,-1.4411907,-1.5512795,-1.6189853,-1.8070105,-1.4676498,-1.5764923,-1.596188,-1.4676498,-1.465609,7,2,5,3,8,4,2,7,5,4,5,2,6,1,6,1,6,8,2,6,0.30960348,0.68758546
-260.96527,0.91132801,0.76811866,2,5,0,263.02797,0.17975384,-1.6260318,-1.4595991,-1.5247591,-1.4807343,-1.6401969,-1.2199541,-1.6743289,-1.5024026,-1.2199541,-1.4421688,8,1,8,2,6,4,3,7,4,6,5,3,7,2,3,5,8,7,3,7,-0.12255823,0.58328123
-261.24253,0.95921556,1.1037441,1,1,0,261.32159,0.17059949,-1.6221033,-1.4614358,-1.5250852,-1.4739261,-1.6334648,-1.2068004,-1.6803393,-1.4986921,-1.2068004,-1.4417578,3,5,4,6,8,3,3,7,3,8,3,6,6,4,7,4,8,6,4,3,-0.1637293,0.56414115
-261.0969,0.85454612,1.8257411,2,3,0,261.53266,0.17522701,-1.6240793,-1.4604969,-1.5248983,-1.4773587,-1.6368403,-1.2134464,-1.6772919,-1.5005516,-1.2134464,-1.4419541,2,2,5,4,7,1,6,8,2,6,3,2,5,3,8,3,2,7,3,8,-0.14256058,0.31286413
-260.09078,1,2.1889404,1,1,0,260.46091,0.23989678,-1.6538081,-1.4496304,-1.5270491,-1.5272245,-1.6900407,-1.3070186,-1.6366585,-1.5300933,-1.3070186,-1.4471128,6,1,6,2,6,2,6,7,3,4,6,2,4,4,7,2,5,7,6,3,0.089911889,0.40578587
-260.09078,1.1031199e-36,4.0393944,1,1,0,261.28125,0.23989678,-1.6538081,-1.4496304,-1.5270491,-1.5272245,-1.6900407,-1.3070186,-1.6366585,-1.5300933,-1.3070186,-1.4471128,7,4,5,6,7,1,6,4,2,5,4,3,2,1,8,5,3,8,5,5,0.089911889,0.5287724
-260.08276,0.99950574,0.38382891,3,11,0,260.12469,0.25009645,-1.6588592,-1.4483066,-1.5282079,-1.5354077,-1.6994901,-1.3218967,-1.6305831,-1.5353808,-1.3218967,-1.4483306,3,4,8,6,7,4,4,8,2,1,8,2,3,4,6,2,5,8,3,4,0.11804015,0.76755579
-260.08588,0.99954129,0.71096321,2,3,0,260.08922,0.25234983,-1.6599886,-1.4480286,-1.5284944,-1.5372272,-1.7016179,-1.3251881,-1.6292532,-1.5365728,-1.3251881,-1.4486142,7,2,3,2,7,3,2,6,3,7,6,4,7,4,7,6,2,5,1,5,0.12400043,0.6621514
-260.08548,0.97266722,1.3039288,2,3,0,260.21272,0.25212113,-1.6598737,-1.4480566,-1.5284648,-1.5370423,-1.7014012,-1.324854,-1.6293879,-1.5364514,-1.324854,-1.4485852,2,3,4,4,6,1,4,6,1,4,5,4,4,5,3,3,1,6,1,8,0.12339959,0.48232941
-261.43698,0.24556444,2.1911138,1,1,0,261.8668,0.33976495,-1.7075757,-1.4414034,-1.5482491,-1.610987,-1.7958693,-1.4541356,-1.5811,-1.5898399,-1.4541356,-1.4636157,8,1,8,5,2,2,3,5,2,5,5,3,5,2,4,1,3,5,1,7,0.29709888,0.74844157
-260.20287,0.943292,0.45718292,2,5,0,263.73719,0.22129859,-1.6448529,-1.4523203,-1.5255144,-1.5125247,-1.6735664,-1.2799745,-1.6479704,-1.5209021,-1.2799745,-1.4451729,7,4,3,4,5,2,2,8,1,8,4,3,5,3,5,2,2,8,1,2,0.033389469,0.49139443
-260.08148,0.98820258,0.70722265,2,5,0,260.44438,0.24814859,-1.6578869,-1.448551,-1.5279692,-1.5338383,-1.6976626,-1.3190528,-1.6317363,-1.5343573,-1.3190528,-1.4480897,7,3,7,3,7,1,3,8,3,8,4,2,4,5,6,4,6,8,4,4,0.11281534,0.81598163
-260.08148,0.89739346,1.2321121,1,3,0,260.43175,0.24814859,-1.6578869,-1.448551,-1.5279692,-1.5338383,-1.6976626,-1.3190528,-1.6317363,-1.5343573,-1.3190528,-1.4480897,4,3,5,2,7,1,7,6,4,5,4,8,5,5,5,2,6,5,3,3,0.11281534,0.32958127
-260.08148,0.084757337,1.6514807,1,1,0,261.80332,0.24814859,-1.6578869,-1.448551,-1.5279692,-1.5338383,-1.6976626,-1.3190528,-1.6317363,-1.5343573,-1.3190528,-1.4480897,6,2,2,2,6,1,4,8,1,5,2,8,7,1,7,3,3,6,1,6,0.11281534,0.08928095
-260.14758,0.9987744,0.23352763,3,15,0,260.30874,0.2279882,-1.6480361,-1.4513119,-1.5259807,-1.517779,-1.6793806,-1.2896895,-1.6438668,-1.5241419,-1.2896895,-1.4458287,4,5,4,3,6,4,5,5,1,5,3,5,3,4,8,2,5,6,1,3,0.054542611,0.27349159
-260.60997,0.99351391,0.41693356,4,15,0,260.66215,0.19433562,-1.6324523,-1.4568462,-1.524606,-1.4917265,-1.6513787,-1.2409595,-1.664906,-1.5085825,-1.2409595,-1.4430119,8,2,2,1,8,3,5,6,3,5,5,5,5,2,4,2,4,6,6,4,-0.06249716,0.39237483
-260.58064,1,0.72682597,1,1,0,260.6374,0.195759,-1.6330897,-1.4565889,-1.5246152,-1.4928091,-1.6525007,-1.2430135,-1.6639961,-1.5092037,-1.2430135,-1.4431065,6,4,6,2,8,4,3,7,3,6,2,5,5,3,7,1,1,7,2,4,-0.056967798,0.48987669
-261.22163,0.95685858,1.2776703,2,3,0,261.24252,0.17124189,-1.6223764,-1.4613042,-1.5250566,-1.4744015,-1.63393,-1.2077226,-1.6799151,-1.4989483,-1.2077226,-1.4417836,8,2,8,4,7,4,4,7,7,1,6,6,4,2,7,3,6,8,3,4,-0.16074566,0.92590585
-261.22163,0.26934657,1.9831543,1,1,0,261.93391,0.17124189,-1.6223764,-1.4613042,-1.5250566,-1.4744015,-1.63393,-1.2077226,-1.6799151,-1.4989483,-1.2077226,-1.4417836,7,3,8,4,8,2,3,4,2,6,2,6,4,3,7,1,4,7,8,5,-0.16074566,0.56315815
-260.32451,0.97446179,0.49412499,2,7,0,262.85014,0.21084932,-1.6399655,-1.4539868,-1.5249781,-1.5043921,-1.6647322,-1.2648277,-1.6544584,-1.5159883,-1.2648277,-1.4442433,6,7,7,5,6,2,1,6,4,7,3,6,6,4,5,3,3,6,1,6,-0.0016500658,0.33065967
-260.42531,0.96183434,0.80366978,2,3,0,260.90496,0.20419812,-1.6369084,-1.4551054,-1.5247583,-1.4992632,-1.6592649,-1.2552041,-1.6586377,-1.5129529,-1.2552041,-1.4437122,6,3,6,4,5,2,5,6,1,8,5,2,4,3,5,1,7,4,4,6,-0.025310117,0.25042864
-260.18832,1,1.2550372,1,1,0,260.36781,0.22287062,-1.6455971,-1.4520792,-1.5256153,-1.5137561,-1.6749216,-1.2822562,-1.6470025,-1.5216568,-1.2822562,-1.4453227,5,5,4,5,7,4,5,5,2,6,4,3,4,4,8,3,5,6,2,6,0.038447168,0.055186982
-260.18832,0.42056153,2.1483039,1,1,0,260.84957,0.22287062,-1.6455971,-1.4520792,-1.5256153,-1.5137561,-1.6749216,-1.2822562,-1.6470025,-1.5216568,-1.2822562,-1.4453227,6,6,6,2,7,2,3,8,5,8,5,3,5,2,7,2,6,8,6,6,0.038447168,0.36259793
-264.07779,0.49208439,0.82330028,2,5,0,269.22065,0.41003419,-1.7512599,-1.4421801,-1.576738,-1.6746804,-1.8895233,-1.5596225,-1.5472921,-1.6434741,-1.5596225,-1.4811634,6,1,5,2,6,3,7,6,6,6,5,3,3,4,7,5,3,8,1,6,0.37255404,0.5740296
-263.70157,1,0.3841542,1,1,0,264.07891,0.4018053,-1.7458896,-1.4417971,-1.5728011,-1.6670222,-1.8776657,-1.5471831,-1.5510233,-1.6366519,-1.5471831,-1.4788619,5,5,5,5,4,4,4,8,3,6,1,1,6,3,7,2,6,7,2,8,0.36613284,0.72665172
-264.90101,0.87423762,0.65528609,1,1,0,264.97042,0.42685257,-1.7624484,-1.4432094,-1.5852913,-1.6904956,-1.9145296,-1.5851187,-1.5398554,-1.6578878,-1.5851187,-1.486068,8,1,7,2,7,2,1,7,3,1,7,3,7,4,7,6,3,7,4,7,0.38383057,0.73555919
-263.66372,1,0.8085616,1,1,0,264.94365,0.40095562,-1.745339,-1.4417621,-1.5724038,-1.6662345,-1.8764553,-1.5458999,-1.551412,-1.635956,-1.5458999,-1.4786279,5,4,6,4,8,2,4,4,5,7,6,3,7,6,6,3,7,8,4,4,0.36543534,0.49226287
-261.41384,1,1.3606638,2,3,0,264.34711,0.16557412,-1.6199801,-1.4624795,-1.5253394,-1.4702192,-1.6298626,-1.1995906,-1.6836698,-1.4967101,-1.1995906,-1.4415712,6,3,5,2,6,2,4,5,2,5,5,1,3,1,8,1,1,7,2,5,-0.18758824,0.22169872
-260.11217,1,2.2723012,1,1,0,260.4151,0.26063894,-1.6641846,-1.4470519,-1.5296431,-1.5439559,-1.7095708,-1.3373096,-1.6243991,-1.5410331,-1.3373096,-1.4497029,5,2,6,1,6,4,6,8,3,6,8,1,6,2,3,2,5,6,1,8,0.14517138,0.41019858
-260.11217,0.00011241054,3.7666153,1,1,0,260.58419,0.26063894,-1.6641846,-1.4470519,-1.5296431,-1.5439559,-1.7095708,-1.3373096,-1.6243991,-1.5410331,-1.3373096,-1.4497029,8,1,5,3,8,4,3,6,3,4,6,5,6,4,7,2,3,8,1,7,0.14517138,0.73353541
-260.58147,0.94507356,0.54078095,1,3,0,261.4328,0.30249736,-1.6863826,-1.4432253,-1.5377473,-1.5787888,-1.7528284,-1.3988578,-1.6008073,-1.565411,-1.3988578,-1.4562765,5,2,7,5,6,3,1,6,1,6,6,6,4,3,5,2,5,5,2,6,0.23582777,0.36740102
-260.51798,0.97011291,0.78696223,3,7,0,261.29432,0.19896206,-1.6345312,-1.4560174,-1.5246516,-1.4952517,-1.6550454,-1.2476378,-1.661955,-1.5106133,-1.2476378,-1.4433274,6,2,6,6,4,1,6,8,3,5,2,4,7,4,8,1,7,6,1,6,-0.04472862,0.5655378
-260.10385,0.7524407,1.2098727,2,3,0,262.69061,0.23594525,-1.6518779,-1.4501722,-1.5266607,-1.5240773,-1.6864592,-1.3012635,-1.6390366,-1.5280922,-1.3012635,-1.4466702,6,4,8,2,7,4,7,6,1,8,4,3,5,2,8,3,1,8,1,6,0.07848814,0.22040397
-260.09937,0.99734571,1.0992109,2,3,0,260.13321,0.23711993,-1.6524501,-1.4500094,-1.5267726,-1.5250115,-1.6875193,-1.3029738,-1.6383282,-1.5286843,-1.3029738,-1.4468001,6,3,7,7,6,5,5,8,2,7,2,6,8,3,5,2,4,6,2,8,0.081915791,0.55385849
-260.57056,0.78331152,1.7878454,1,1,0,260.58196,0.19625887,-1.6333141,-1.4564991,-1.5246194,-1.4931897,-1.652896,-1.2437349,-1.663677,-1.5094226,-1.2437349,-1.4431402,7,1,7,4,8,1,2,7,5,3,6,6,2,2,7,3,7,6,4,8,-0.055039308,0.75216753
-260.21624,0.97129337,1.7443034,2,3,0,260.43744,0.21993824,-1.6442108,-1.452531,-1.5254313,-1.5114608,-1.6723993,-1.2780007,-1.6488096,-1.5202523,-1.2780007,-1.4450453,6,1,6,7,8,6,5,5,4,8,3,7,5,6,6,2,5,6,1,1,0.028968802,0.59884721
-260.21624,3.1675919e-17,2.6434976,1,1,0,263.26821,0.21993824,-1.6442108,-1.452531,-1.5254313,-1.5114608,-1.6723993,-1.2780007,-1.6488096,-1.5202523,-1.2780007,-1.4450453,4,2,4,5,5,6,4,8,4,7,6,1,6,2,5,2,3,8,3,8,0.028968802,0.33613062
-260.52697,0.984742,0.41601329,2,5,0,261.14097,0.19848784,-1.6343172,-1.4561014,-1.5246449,-1.4948895,-1.6546669,-1.246953,-1.6622566,-1.5104036,-1.246953,-1.443294,5,6,6,3,7,6,7,4,3,7,3,1,4,2,5,2,4,8,2,6,-0.046523096,0.30222232
-260.09287,0.99463002,0.65280178,2,5,0,260.69451,0.25540573,-1.6615278,-1.4476602,-1.5289004,-1.5397012,-1.7045267,-1.3296543,-1.6274567,-1.5382033,-1.3296543,-1.4490073,5,4,5,4,3,3,4,7,4,7,6,1,6,5,6,3,4,7,5,5,0.13194175,0.16342712
-260.18924,0.96659792,1.0417611,1,3,0,260.31357,0.22276859,-1.6455487,-1.4520948,-1.5256086,-1.5136761,-1.6748334,-1.2821081,-1.6470653,-1.5216077,-1.2821081,-1.4453129,6,2,7,2,8,1,5,8,4,1,5,3,2,3,7,1,6,5,1,5,0.038120564,0.78301402
-260.24277,0.97937063,1.5501317,1,1,0,260.28186,0.21743268,-1.6430327,-1.4529239,-1.5252887,-1.5095053,-1.670263,-1.2743667,-1.6503596,-1.5190634,-1.2743667,-1.4448154,6,4,5,5,4,1,3,6,1,5,3,3,7,7,6,5,6,7,2,7,0.020718154,0.12033313
-260.24277,0.30565947,2.3624191,1,1,0,260.35029,0.21743268,-1.6430327,-1.4529239,-1.5252887,-1.5095053,-1.670263,-1.2743667,-1.6503596,-1.5190634,-1.2743667,-1.4448154,8,2,8,4,8,3,5,8,3,6,3,1,6,1,4,1,5,8,4,6,0.020718154,0.50140158
-260.48805,0.95777164,0.78460898,2,3,0,260.83713,0.20058113,-1.6352635,-1.4557324,-1.5246784,-1.4964896,-1.6563422,-1.2499765,-1.6609267,-1.5113321,-1.2499765,-1.4434432,3,8,4,3,7,4,2,6,3,5,6,3,6,4,5,2,5,7,4,8,-0.038647241,0.24527913
-262.08913,0.80409253,1.1379764,1,3,0,262.20054,0.14887857,-1.6130963,-1.4661259,-1.5265653,-1.4580603,-1.6183656,-1.175693,-1.6948924,-1.4904006,-1.175693,-1.4411514,4,3,7,2,7,5,6,8,4,5,7,3,4,5,7,3,4,3,3,7,-0.27406529,0.77713338
-260.36262,0.98742758,1.166888,2,3,0,262.24175,0.20818726,-1.6387369,-1.4544291,-1.5248788,-1.5023349,-1.6625295,-1.2609743,-1.6561265,-1.5147649,-1.2609743,-1.444025,2,4,2,2,5,3,4,7,3,5,4,5,3,4,5,4,6,8,1,4,-0.010988216,0.40710536
-260.18423,1,1.7946235,1,1,0,260.32946,0.22333324,-1.6458166,-1.4520088,-1.5256461,-1.5141189,-1.6753217,-1.2829278,-1.6467181,-1.5218796,-1.2829278,-1.4453673,6,5,7,7,8,3,2,6,1,3,3,3,6,4,5,1,4,5,4,6,0.03992528,0.76737067
-260.11394,1,2.8228617,1,1,0,260.18894,0.23367281,-1.6507746,-1.450491,-1.5264526,-1.5222732,-1.6844195,-1.2979561,-1.6404104,-1.5269532,-1.2979561,-1.4464231,5,1,5,3,5,3,4,7,3,2,3,1,8,3,8,1,1,7,2,8,0.071780012,0.36440584
-260.54812,0.26730076,4.4165271,1,1,0,261.65874,0.19739222,-1.6338235,-1.4562962,-1.524631,-1.4940535,-1.6537947,-1.245371,-1.6629542,-1.5099204,-1.245371,-1.4432177,3,1,6,3,8,4,2,6,5,8,6,3,3,2,5,4,7,8,1,8,-0.050692236,0.43109185
-260.18013,1,1.3971222,1,1,0,260.43817,0.22380567,-1.6460409,-1.451937,-1.5256779,-1.5144895,-1.6757309,-1.2836138,-1.6464279,-1.5221076,-1.2836138,-1.4454131,8,1,4,2,3,4,4,7,4,5,8,6,7,6,5,2,4,5,1,8,0.041429947,0.21697795
-260.42749,0.83111082,2.1832375,1,1,0,260.55715,0.20406666,-1.6368484,-1.4551279,-1.5247549,-1.4991622,-1.659158,-1.255014,-1.6587207,-1.5128936,-1.255014,-1.4437021,6,5,1,2,2,1,6,7,2,8,4,3,4,4,7,2,3,8,1,7,-0.025788957,0.10065746
-260.08672,1,2.3607648,1,1,0,260.15522,0.25280836,-1.6602189,-1.4479727,-1.528554,-1.5375979,-1.7020526,-1.3258581,-1.6289831,-1.5368165,-1.3258581,-1.4486726,6,4,3,7,7,3,6,7,1,5,5,3,4,2,5,2,5,7,3,5,0.12520234,0.6227452
-260.27,0.612353,3.659409,1,1,0,260.62927,0.28079187,-1.6746612,-1.4449776,-1.5330627,-1.5605491,-1.729744,-1.3668717,-1.6128489,-1.552378,-1.3668717,-1.4526448,5,2,4,3,8,3,6,6,6,4,8,4,5,3,4,1,4,6,3,6,0.19201342,0.72167507
-260.26731,1,2.4757621,1,1,0,260.49691,0.2805468,-1.6745314,-1.4450003,-1.5330157,-1.5603453,-1.7294914,-1.3665114,-1.6129872,-1.5522357,-1.3665114,-1.4526065,3,4,3,1,6,3,3,7,2,7,4,4,6,6,4,4,1,4,2,8,0.19148095,0.32521337
-260.26731,0.00011061019,3.8178393,1,1,0,260.35254,0.2805468,-1.6745314,-1.4450003,-1.5330157,-1.5603453,-1.7294914,-1.3665114,-1.6129872,-1.5522357,-1.3665114,-1.4526065,3,4,6,6,6,1,5,4,6,5,4,4,5,5,7,2,2,5,3,5,0.19148095,0.15909867
-261.24878,0.85162164,0.71559743,2,3,0,262.31875,0.3328542,-1.7035432,-1.4416266,-1.5460646,-1.6049327,-1.7875547,-1.4438506,-1.5846619,-1.5851086,-1.4438506,-1.4621504,4,5,6,5,7,2,3,4,4,5,3,5,5,1,4,3,4,5,4,6,0.28696207,0.17832157
-260.08622,0.95606848,0.81062345,3,7,0,262.26302,0.24194457,-1.6548143,-1.449356,-1.5272637,-1.5288606,-1.6919141,-1.3100031,-1.6354314,-1.5311407,-1.3100031,-1.4473486,6,6,3,1,4,4,3,4,2,3,6,3,4,3,5,4,2,8,3,7,0.095714081,0.22210866
-260.08249,0.99944952,1.1395512,1,3,0,260.09058,0.2498084,-1.6587152,-1.4483425,-1.5281721,-1.5351754,-1.6992192,-1.3214761,-1.6307534,-1.535229,-1.3214761,-1.4482947,7,2,7,6,7,4,6,8,6,5,5,1,5,4,6,3,5,7,2,7,0.11727177,0.87235497
-260.08249,0.24762768,1.7460246,1,1,0,260.91926,0.2498084,-1.6587152,-1.4483425,-1.5281721,-1.5351754,-1.6992192,-1.3214761,-1.6307534,-1.535229,-1.3214761,-1.4482947,4,4,7,4,8,1,3,6,4,4,2,1,3,4,5,2,7,3,3,8,0.11727177,0.85385168
-260.08532,0.99976558,0.56648112,1,3,0,260.08727,0.25202512,-1.6598255,-1.4480684,-1.5284524,-1.5369647,-1.7013104,-1.3247137,-1.6294445,-1.5364005,-1.3247137,-1.448573,4,4,8,4,8,1,5,7,4,2,5,3,4,4,5,2,2,5,6,6,0.12314708,0.50973981
-260.23817,0.92677074,0.86771391,3,7,0,260.97266,0.21785036,-1.6432286,-1.452858,-1.5253116,-1.5098309,-1.6706179,-1.2749723,-1.6501009,-1.5192608,-1.2749723,-1.4448533,8,7,7,6,7,3,5,8,4,5,7,1,7,4,8,4,6,5,5,8,0.022103384,0.79300355
-260.10623,0.99874189,1.1403618,1,3,0,260.21323,0.23536892,-1.6515976,-1.4502525,-1.5266068,-1.5236193,-1.6859405,-1.3004245,-1.6393846,-1.5278025,-1.3004245,-1.446607,3,3,8,4,7,6,4,8,2,4,7,2,3,7,4,2,5,7,2,3,0.07679653,0.71214545
-260.18526,0.96894189,1.7292096,2,3,0,260.19885,0.22321592,-1.6457609,-1.4520266,-1.5256382,-1.5140269,-1.6752201,-1.2827575,-1.6467902,-1.5218231,-1.2827575,-1.445356,5,4,8,3,3,1,4,6,3,6,7,2,4,4,4,3,5,5,1,7,0.039550885,0.17300727
-260.44662,0.73464564,2.4587066,1,1,0,260.50486,0.29426692,-1.6818844,-1.4438305,-1.5358479,-1.5718278,-1.7439069,-1.3867111,-1.6053246,-1.560368,-1.3867111,-1.4548433,3,1,6,4,7,3,2,7,4,5,7,3,6,3,4,1,6,7,5,8,0.21997326,0.66755853
-260.44662,0.023159503,2.1766291,2,3,0,261.79496,0.29426692,-1.6818844,-1.4438305,-1.5358479,-1.5718278,-1.7439069,-1.3867111,-1.6053246,-1.560368,-1.3867111,-1.4548433,4,5,6,2,6,1,5,7,2,7,3,3,3,5,8,2,7,7,2,7,0.21997326,0.48510284
-260.35752,0.9996899,0.46579545,2,3,0,260.47004,0.28799594,-1.678501,-1.4443403,-1.5345018,-1.5665607,-1.7372477,-1.377471,-1.6088064,-1.5566087,-1.377471,-1.4537972,2,5,3,5,5,1,4,4,3,7,4,2,6,1,7,2,3,7,2,8,0.20727892,0.1114621
-260.36669,0.99902961,0.70479516,1,1,0,260.39116,0.28868195,-1.6788693,-1.4442825,-1.5346448,-1.5671353,-1.7379704,-1.3784812,-1.6084238,-1.5570165,-1.3784812,-1.4539097,5,2,8,3,5,2,4,5,3,5,6,4,4,4,7,3,6,6,2,5,0.20869413,0.17599003
-260.13934,0.95511349,1.0607029,1,3,0,260.67726,0.22920853,-1.6486214,-1.4511329,-1.5260761,-1.5187415,-1.6804547,-1.2914632,-1.6431224,-1.5247409,-1.2914632,-1.4459535,5,4,6,2,8,1,7,8,5,5,3,4,4,6,8,4,5,7,2,6,0.058298971,0.42109649
-260.47329,0.88933103,1.4583177,2,3,0,260.7286,0.20140319,-1.6356363,-1.4555887,-1.5246941,-1.497119,-1.6570033,-1.2511643,-1.6604055,-1.5116986,-1.2511643,-1.4435031,6,3,6,5,8,1,4,8,2,7,3,5,2,2,7,6,7,7,7,4,-0.035586064,0.80911188
-260.27793,0.97851123,1.7571232,2,3,0,260.47734,0.21442485,-1.6416262,-1.4534041,-1.5251353,-1.5071646,-1.6677213,-1.2700068,-1.6522276,-1.5176497,-1.2700068,-1.4445483,5,3,5,1,8,1,6,6,3,7,7,4,6,2,4,2,7,7,2,6,0.010624348,0.16551571
-260.27793,0.4758564,2.5147579,1,1,0,260.29998,0.21442485,-1.6416262,-1.4534041,-1.5251353,-1.5071646,-1.6677213,-1.2700068,-1.6522276,-1.5176497,-1.2700068,-1.4445483,5,1,8,4,8,6,1,8,1,4,5,2,6,1,8,1,2,6,4,7,0.010624348,0.939019
-260.61833,0.91084278,1.3521043,1,1,0,260.6332,0.19393801,-1.6322746,-1.4569185,-1.5246041,-1.4914243,-1.6510663,-1.2403859,-1.6651604,-1.5084095,-1.2403859,-1.4429858,6,2,8,5,7,1,1,8,7,5,5,6,4,6,6,1,3,6,2,7,-0.064051879,0.71252621
-260.46828,1,1.6942335,2,3,0,260.69326,0.20168587,-1.6357646,-1.4555395,-1.5246998,-1.4973356,-1.6572311,-1.2515728,-1.6602264,-1.5118249,-1.2515728,-1.4435239,3,3,5,4,5,5,4,8,1,5,7,1,7,5,8,1,6,6,2,4,-0.034537542,0.62866819
-260.95408,0.53588031,2.5146966,1,1,0,261.10019,0.3208748,-1.696664,-1.4421377,-1.5425346,-1.594528,-1.7735045,-1.4260594,-1.5909361,-1.5771265,-1.4260594,-1.4597226,5,3,3,2,3,6,3,8,1,5,4,8,4,1,7,2,3,7,2,3,0.26810543,0.36050169
-260.08779,1,1.5294596,1,3,0,260.56482,0.24116266,-1.6544296,-1.4494602,-1.5271807,-1.5282355,-1.6911974,-1.3088634,-1.6358995,-1.53074,-1.3088634,-1.4472581,8,3,6,4,7,8,4,7,2,3,2,2,5,4,6,2,4,4,4,3,0.093508012,0.68764359
-260.08779,0.0079883921,2.2629153,1,1,0,260.94292,0.24116266,-1.6544296,-1.4494602,-1.5271807,-1.5282355,-1.6911974,-1.3088634,-1.6358995,-1.53074,-1.3088634,-1.4472581,5,4,7,1,6,6,3,7,3,6,2,2,4,3,7,2,4,7,5,7,0.093508012,0.31138018
-260.22946,0.994775,0.50796144,2,7,0,260.27964,0.21866057,-1.6436093,-1.4527305,-1.5253569,-1.5104629,-1.6713078,-1.2761473,-1.6495993,-1.5196447,-1.2761473,-1.4449273,3,1,5,4,8,1,4,8,3,4,4,7,8,5,8,2,3,7,5,7,0.024779185,0.64434072
-260.27893,0.98415679,0.74515199,2,5,0,260.52,0.28159178,-1.675085,-1.4449041,-1.5332168,-1.5612145,-1.7305695,-1.3680478,-1.6123977,-1.5528431,-1.3680478,-1.4527702,7,3,4,3,1,4,5,4,2,4,6,5,6,3,5,5,6,5,1,3,0.19374531,0.33937584
-260.32803,0.89459413,1.0678292,2,7,0,260.99659,0.21059503,-1.6398479,-1.4540288,-1.524968,-1.5041953,-1.664521,-1.2644595,-1.6546174,-1.515871,-1.2644595,-1.4442221,8,4,8,4,6,3,3,7,4,7,6,5,1,4,6,3,4,5,1,7,-0.0025346319,0.59048564
-260.2161,1,1.289859,1,1,0,260.31713,0.21995227,-1.6442174,-1.4525288,-1.5254322,-1.5114718,-1.6724113,-1.278021,-1.648801,-1.5202589,-1.278021,-1.4450466,8,6,3,5,7,3,4,6,4,3,3,4,5,6,8,4,2,4,5,5,0.029014592,0.63368465
-260.77575,0.69219026,1.8932449,1,1,0,260.77579,0.31267361,-1.6920352,-1.4425779,-1.5403046,-1.5874708,-1.7641474,-1.4139067,-1.5953045,-1.5718199,-1.4139067,-1.4581429,6,1,4,2,2,2,2,6,3,2,6,5,2,3,7,6,2,6,3,4,0.25421806,0.30557782
-260.74515,0.83205846,1.5640403,2,3,0,261.45657,0.18828136,-1.6297622,-1.4579634,-1.5246148,-1.4871407,-1.6466673,-1.2322302,-1.6687958,-1.5059761,-1.2322302,-1.4426339,5,3,5,5,6,1,4,5,3,6,5,1,5,2,7,3,2,3,4,3,-0.08665986,0.19663453
-260.13983,1,1.6759899,1,1,0,260.49175,0.229133,-1.6485851,-1.4511439,-1.5260701,-1.5186819,-1.6803881,-1.2913535,-1.6431685,-1.5247037,-1.2913535,-1.4459457,7,5,7,5,7,5,4,6,2,3,4,3,8,3,8,1,7,8,1,8,0.058067384,0.53481792
-260.91982,0.49902211,2.4450869,1,1,0,261.18421,0.18140631,-1.6267494,-1.4592765,-1.5247192,-1.4819709,-1.6414356,-1.2223312,-1.6732518,-1.5030862,-1.2223312,-1.4422528,7,2,7,3,7,5,3,7,1,5,5,6,7,5,5,7,4,7,3,8,-0.11542391,0.51994763
-260.46355,1,1.4192959,1,1,0,260.84534,0.20195455,-1.6358867,-1.4554928,-1.5247055,-1.4975415,-1.6574478,-1.251961,-1.6600562,-1.511945,-1.251961,-1.4435437,3,2,6,3,6,1,7,8,2,8,8,5,7,4,8,3,4,8,2,5,-0.033542855,0.15820316
-260.46355,0.507159,2.0653982,1,1,0,261.32105,0.20195455,-1.6358867,-1.4554928,-1.5247055,-1.4975415,-1.6574478,-1.251961,-1.6600562,-1.511945,-1.251961,-1.4435437,2,3,6,3,8,6,3,7,2,5,8,3,6,3,8,2,4,7,2,8,-0.033542855,0.44811018
-260.08533,0.99464663,1.2229869,1,3,0,260.3454,0.24244916,-1.6550628,-1.449289,-1.527318,-1.5292642,-1.6923775,-1.3107386,-1.6351296,-1.5313999,-1.3107386,-1.4474074,4,2,6,2,8,3,7,6,1,5,3,1,6,5,8,5,5,7,1,4,0.097131591,0.29325198
-260.08533,3.2365725e-312,17.422878,1,1,0,260.11593,0.24244916,-1.6550628,-1.449289,-1.527318,-1.5292642,-1.6923775,-1.3107386,-1.6351296,-1.5313999,-1.3107386,-1.4474074,4,7,6,6,6,2,2,7,1,5,4,6,4,4,7,3,2,6,1,4,0.097131591,0.52480717
-260.08533,1.618009e-08,2.9360044,1,1,0,260.58038,0.24244916,-1.6550628,-1.449289,-1.527318,-1.5292642,-1.6923775,-1.3107386,-1.6351296,-1.5313999,-1.3107386,-1.4474074,3,3,5,5,5,1,2,5,1,5,5,3,4,7,7,3,5,5,1,6,0.097131591,0.1134584
-260.40888,0.99470087,0.28910804,3,9,0,260.59075,0.20520262,-1.6373674,-1.4549336,-1.5247855,-1.5000354,-1.6600829,-1.2566566,-1.6580041,-1.5134068,-1.2566566,-1.4437893,6,3,6,5,5,1,3,8,6,5,5,6,6,7,7,1,4,7,1,6,-0.021666009,0.68105979
-260.09417,0.998405,0.3847637,2,7,0,260.54911,0.2558548,-1.6617548,-1.4476069,-1.5289618,-1.5400655,-1.7049565,-1.3303109,-1.6271933,-1.5384443,-1.3303109,-1.4490659,7,1,7,3,8,4,1,8,4,5,7,4,7,1,7,2,3,4,4,2,0.13309519,0.5710545
-260.18416,0.98939112,0.59806388,1,3,0,260.24165,0.27188137,-1.6699809,-1.445842,-1.5314409,-1.5531717,-1.7206769,-1.3537849,-1.6179119,-1.5472735,-1.3537849,-1.4512927,3,3,4,3,4,1,2,6,2,5,4,1,7,1,7,3,3,7,4,6,0.17207872,0.12740672
-261.11419,0.82523094,0.98452935,1,3,0,261.12759,0.32758457,-1.7004998,-1.441832,-1.5444717,-1.6003417,-1.7813178,-1.4360186,-1.5874062,-1.5815633,-1.4360186,-1.4610648,3,2,5,6,4,2,2,6,3,5,7,2,5,2,4,4,2,7,3,3,0.27887151,0.24340429
-261.9491,0.75089251,1.0213789,1,1,0,262.17141,0.35656862,-1.7175764,-1.4410814,-1.5540162,-1.6258657,-1.816737,-1.4792101,-1.5726157,-1.6017378,-1.4792101,-1.4673748,7,2,5,6,6,3,4,8,4,7,4,1,4,4,5,3,6,4,3,4,0.319591,0.5701538
-260.08139,1,0.85458134,2,3,0,261.81119,0.24783597,-1.6577312,-1.4485906,-1.5279316,-1.5335867,-1.6973703,-1.3185965,-1.6319217,-1.5341937,-1.3185965,-1.4480514,7,5,7,3,7,5,4,8,4,3,4,4,6,4,8,1,5,4,1,5,0.11197045,0.80182273
-260.08139,0.017592871,1.5865578,2,3,0,263.50165,0.24783597,-1.6577312,-1.4485906,-1.5279316,-1.5335867,-1.6973703,-1.3185965,-1.6319217,-1.5341937,-1.3185965,-1.4480514,5,3,6,7,4,4,1,6,3,5,4,4,6,3,7,1,5,8,4,5,0.11197045,0.62983784
-262.36438,0.99362796,0.13325957,4,31,0,262.53742,0.36865201,-1.7249401,-1.441045,-1.5585655,-1.6367024,-1.8323232,-1.4972992,-1.5666696,-1.6106454,-1.4972992,-1.470249,7,1,5,3,8,5,4,7,2,4,6,3,7,7,4,2,1,7,3,6,0.33395924,0.64256068
-263.07095,0.98279353,0.24691311,1,3,0,263.35729,0.38705029,-1.7364305,-1.4413069,-1.5661457,-1.6534223,-1.8570112,-1.5249361,-1.5578655,-1.6247889,-1.5249361,-1.4748977,5,4,2,2,4,1,1,5,1,7,5,3,7,6,8,3,4,8,3,2,0.35308643,0.39321333
-263.64995,0.96062121,0.44427016,1,1,0,263.67781,0.40064555,-1.7451382,-1.4417495,-1.5722593,-1.6659472,-1.8760142,-1.5454318,-1.551554,-1.6357024,-1.5454318,-1.4785427,3,3,7,2,4,1,3,7,4,7,5,1,7,4,5,3,1,6,1,6,0.36517919,0.51997236
-262.05324,1,0.74596422,1,1,0,263.39862,0.35970794,-1.7194756,-1.4410562,-1.5551656,-1.6286701,-1.8207392,-1.483905,-1.5710584,-1.6040234,-1.483905,-1.4681079,8,3,5,4,7,1,3,8,5,7,4,1,5,4,4,3,6,8,1,4,0.32346575,0.50608345
-260.0933,1,1.4132452,1,1,0,260.9661,0.23898313,-1.6533605,-1.4497542,-1.5269563,-1.5264957,-1.6892087,-1.3056875,-1.6372071,-1.5296283,-1.3056875,-1.447009,6,5,5,3,8,2,2,8,4,6,5,6,7,5,7,3,3,8,3,4,0.08729741,0.810608
-260.0933,0.00019111675,2.6622547,1,1,0,260.41935,0.23898313,-1.6533605,-1.4497542,-1.5269563,-1.5264957,-1.6892087,-1.3056875,-1.6372071,-1.5296283,-1.3056875,-1.447009,7,3,6,2,8,4,2,5,8,6,5,4,5,3,8,3,5,6,2,7,0.08729741,0.73394867
-260.33628,0.9979263,0.22964633,3,11,0,260.40842,0.21000504,-1.6395751,-1.4541263,-1.524945,-1.503739,-1.6640315,-1.2636053,-1.6549867,-1.5155991,-1.2636053,-1.4441733,4,4,7,3,5,3,4,5,2,7,4,3,7,1,6,1,1,6,2,4,-0.0045929907,0.71516176
-260.32382,0.99947199,0.43287768,2,3,0,260.37517,0.21089979,-1.6399889,-1.4539785,-1.5249801,-1.5044312,-1.6647742,-1.2649007,-1.6544268,-1.5160116,-1.2649007,-1.4442475,7,4,6,3,8,3,2,8,5,7,3,6,3,4,7,2,8,7,1,6,-0.0014746692,0.81541339
-260.22709,1,0.81311137,1,1,0,260.31218,0.2188852,-1.6437149,-1.4526953,-1.5253698,-1.5106383,-1.6714993,-1.2764731,-1.6494604,-1.5197513,-1.2764731,-1.4449479,7,3,6,2,6,1,3,7,5,6,6,1,4,7,6,4,2,8,2,6,0.025518422,0.58796301
-260.43888,0.90251707,1.51603,1,1,0,260.51293,0.20338717,-1.6365386,-1.4552448,-1.524738,-1.4986404,-1.6586065,-1.2540317,-1.6591499,-1.5125877,-1.2540317,-1.4436506,1,2,7,6,8,3,3,8,1,5,4,5,3,4,6,1,5,8,2,7,-0.028270921,0.3992984
-260.34811,0.79172073,2.0936427,1,3,0,260.34922,0.28727964,-1.678117,-1.4444012,-1.5343535,-1.5659611,-1.7364947,-1.3764163,-1.6092063,-1.5561839,-1.3764163,-1.4536803,7,2,6,2,3,1,5,6,6,6,3,2,4,3,5,2,4,7,4,7,0.20579416,0.40007127
-260.34811,4.2112026e-08,2.0733845,1,1,0,263.62726,0.28727964,-1.678117,-1.4444012,-1.5343535,-1.5659611,-1.7364947,-1.3764163,-1.6092063,-1.5561839,-1.3764163,-1.4536803,6,4,2,2,7,1,1,4,2,8,3,4,6,4,7,2,3,3,1,3,0.20579416,0.17025258
-260.2071,0.99935032,0.20168981,3,11,0,260.53226,0.22085986,-1.6446456,-1.452388,-1.5254872,-1.5121814,-1.6731895,-1.2793379,-1.6482409,-1.5206922,-1.2793379,-1.4451315,5,3,5,2,6,1,4,7,3,5,2,3,5,2,8,4,3,7,4,5,0.03196822,0.8046637
-260.53495,0.98502325,0.37281624,2,7,0,261.16101,0.19807113,-1.6341293,-1.4561753,-1.5246393,-1.4945714,-1.6543348,-1.2463512,-1.6625218,-1.5102196,-1.2463512,-1.4432648,6,1,5,2,8,2,3,5,3,6,6,2,7,4,6,4,3,7,2,6,-0.048104975,0.60745955
-260.11247,0.98402183,0.65463248,1,3,0,260.84101,0.23397904,-1.650923,-1.4504477,-1.52648,-1.5225161,-1.6846935,-1.2984017,-1.640225,-1.5271062,-1.2984017,-1.4464561,5,1,6,1,5,3,6,7,1,4,8,1,4,3,6,3,3,8,3,5,0.072689991,0.24703332
-260.19452,0.96996832,1.1355264,2,3,0,260.28659,0.27311218,-1.6706228,-1.4457176,-1.5316545,-1.5541869,-1.7219153,-1.355591,-1.6172084,-1.5479702,-1.355591,-1.4514746,6,5,6,3,7,5,5,6,5,6,6,4,8,3,8,1,4,7,1,6,0.1749037,0.45617691
-260.35119,0.95688352,1.8754345,1,3,0,260.35119,0.20896448,-1.6390949,-1.4542993,-1.5249062,-1.5029349,-1.6631706,-1.2620991,-1.6556388,-1.5151209,-1.2620991,-1.444088,8,2,3,1,3,2,5,8,2,4,3,2,5,3,6,4,7,6,4,5,-0.0082439253,0.29598226
-261.40816,0.1886373,2.960647,1,1,0,262.94269,0.16573422,-1.6200474,-1.4624458,-1.5253305,-1.470337,-1.6299763,-1.1998202,-1.6835633,-1.4967726,-1.1998202,-1.4415767,3,6,3,4,8,2,7,7,1,3,4,1,1,1,7,4,4,6,1,3,-0.18681361,0.25959522
-260.13805,0.99748536,0.54593568,2,7,0,261.3847,0.26546869,-1.6666598,-1.4465158,-1.5303815,-1.5479023,-1.7142967,-1.3443824,-1.6215986,-1.5436868,-1.3443824,-1.4503699,4,4,6,1,4,1,4,7,3,5,7,3,4,4,7,2,4,6,4,5,0.15697844,0.20169047
-260.30975,0.95683357,0.9667893,1,1,0,260.30976,0.28422786,-1.6764864,-1.4446668,-1.5337347,-1.5634111,-1.7333035,-1.3719249,-1.6109151,-1.5543842,-1.3719249,-1.4531879,3,1,4,2,8,1,5,7,5,8,5,2,8,6,3,2,3,8,2,4,0.19938703,0.12772201
-260.30975,0.18283234,1.5172141,1,1,0,261.422,0.28422786,-1.6764864,-1.4446668,-1.5337347,-1.5634111,-1.7333035,-1.3719249,-1.6109151,-1.5543842,-1.3719249,-1.4531879,7,1,3,2,7,4,5,7,3,7,8,4,5,5,8,5,7,6,2,5,0.19938703,0.28237186
-260.33728,0.99945876,0.28877855,3,7,0,260.38207,0.28644105,-1.677668,-1.4444732,-1.5341814,-1.5652596,-1.735615,-1.3751819,-1.609675,-1.5556877,-1.3751819,-1.453544,7,4,5,4,8,2,4,5,4,5,6,3,6,3,7,2,4,8,3,6,0.20404672,0.18368188
-260.12442,1,0.50960088,2,7,0,260.32365,0.26310398,-1.6654451,-1.4467752,-1.5300136,-1.5459677,-1.7119743,-1.3409185,-1.6229673,-1.5423824,-1.3409185,-1.4500403,7,4,6,4,8,1,6,6,3,2,6,3,4,3,7,2,8,7,2,7,0.15124501,0.44362478
-260.08505,0.80144453,0.89228398,2,3,0,261.81291,0.24261733,-1.6551457,-1.4492667,-1.5273362,-1.5293988,-1.6925322,-1.3109838,-1.6350291,-1.5314864,-1.3109838,-1.447427,5,7,7,7,5,4,2,6,4,5,3,2,6,2,8,1,7,7,2,7,0.097602984,0.75424131
-260.12409,0.99419286,0.9147365,2,3,0,260.13656,0.23172814,-1.6498343,-1.4507681,-1.5262833,-1.5207328,-1.6826856,-1.295127,-1.6415896,-1.5259854,-1.295127,-1.446216,6,4,6,4,4,2,5,5,3,7,3,1,5,2,3,1,2,7,4,3,0.065957439,0.4415146
-261.82024,0.31963314,1.5559602,1,1,0,261.86549,0.35256824,-1.7151703,-1.4411296,-1.5525844,-1.6223034,-1.8116846,-1.4732322,-1.5746128,-1.5988542,-1.4732322,-1.4664548,7,4,8,6,7,2,5,7,3,6,5,1,8,2,5,4,1,6,1,7,0.3145065,0.66945019
-261.70271,1,0.45165916,1,1,0,261.87095,0.34879677,-1.7129164,-1.4411913,-1.5512683,-1.6189565,-1.80697,-1.4676012,-1.5765087,-1.5961649,-1.4676012,-1.4656017,2,3,8,2,8,3,5,7,1,6,4,1,5,3,4,2,6,7,2,4,0.30956012,0.60556932
-262.2521,0.89387418,0.77763835,1,1,0,262.42465,0.36549437,-1.7230019,-1.4410387,-1.557344,-1.6338595,-1.8282027,-1.4925674,-1.5682109,-1.6082888,-1.4925674,-1.4694842,3,4,5,3,8,5,2,6,1,8,5,3,6,4,5,2,2,7,4,4,0.33034595,0.46480167
-260.57618,1,1.010869,1,1,0,261.72773,0.30219635,-1.686217,-1.4432462,-1.5376752,-1.5785333,-1.7524985,-1.3984131,-1.6009715,-1.5652244,-1.3984131,-1.4562229,7,1,2,4,5,2,3,6,4,6,5,6,5,3,5,3,5,5,1,7,0.23526365,0.41658525
-260.57618,0.39503131,1.7152514,1,3,0,261.03066,0.30219635,-1.686217,-1.4432462,-1.5376752,-1.5785333,-1.7524985,-1.3984131,-1.6009715,-1.5652244,-1.3984131,-1.4562229,7,2,3,4,8,3,2,8,2,6,3,3,5,5,5,4,4,8,2,5,0.23526365,0.34794171
-260.9931,0.95818023,0.62489202,2,3,0,261.25362,0.32256017,-1.6976234,-1.4420563,-1.5430116,-1.5959849,-1.7754536,-1.4285596,-1.5900457,-1.5782328,-1.4285596,-1.4600555,6,2,7,3,7,2,1,8,2,6,5,1,5,5,6,1,3,6,3,7,0.27085933,0.77220404
-261.53269,0.85410501,0.95038492,1,1,0,261.68907,0.34310635,-1.7095422,-1.4413144,-1.5493443,-1.6139278,-1.799945,-1.4591142,-1.579393,-1.5921611,-1.4591142,-1.464341,6,1,7,8,7,3,6,7,4,4,3,5,6,3,7,3,5,7,6,4,0.30181151,0.81138686
-260.36811,1,1.1081935,1,1,0,261.12628,0.28878709,-1.6789258,-1.4442737,-1.5346668,-1.5672234,-1.7380813,-1.378636,-1.6083652,-1.5570791,-1.378636,-1.453927,3,2,6,4,8,2,5,6,2,4,8,1,6,2,4,4,6,6,5,6,0.20891045,0.64375918
-260.36811,0.45799945,1.8497605,1,3,0,260.89495,0.28878709,-1.6789258,-1.4442737,-1.5346668,-1.5672234,-1.7380813,-1.378636,-1.6083652,-1.5570791,-1.378636,-1.453927,3,3,5,4,6,2,1,8,4,4,3,3,7,1,5,1,1,7,5,5,0.20891045,0.35898641
-260.46889,0.98917247,0.80927944,3,7,0,260.53792,0.20165117,-1.6357489,-1.4555455,-1.5246991,-1.497309,-1.6572031,-1.2515226,-1.6602484,-1.5118094,-1.2515226,-1.4435213,5,3,5,5,8,1,2,8,2,7,2,3,4,8,7,2,4,8,3,1,-0.034666151,0.57712175
-260.59831,0.95765547,1.3087759,1,1,0,260.72253,0.19489634,-1.6327032,-1.4567446,-1.5246091,-1.4921528,-1.65182,-1.2417686,-1.6645473,-1.5088268,-1.2417686,-1.4430489,5,2,6,8,5,3,7,8,2,6,5,5,3,3,6,2,3,5,5,8,-0.060312237,0.2385014
-260.59831,0.0010251056,1.9476593,1,1,0,261.46342,0.19489634,-1.6327032,-1.4567446,-1.5246091,-1.4921528,-1.65182,-1.2417686,-1.6645473,-1.5088268,-1.2417686,-1.4430489,6,5,5,4,6,2,4,8,3,6,6,3,2,3,6,4,3,5,3,6,-0.060312237,0.43326869
-260.62272,0.99961267,0.28863802,1,1,0,260.62387,0.19373035,-1.6321818,-1.4569563,-1.5246033,-1.4912666,-1.6509033,-1.2400863,-1.6652934,-1.5083193,-1.2400863,-1.4429723,4,3,6,6,7,4,3,6,4,3,3,2,5,1,4,5,6,5,4,5,-0.064865601,0.58040098
-260.56242,0.95912895,0.47708119,2,5,0,262.36547,0.30140565,-1.6857822,-1.4433014,-1.5374867,-1.5778623,-1.7516331,-1.3972453,-1.6014031,-1.5647349,-1.3972453,-1.4560825,7,4,8,5,6,1,3,8,2,5,5,4,6,4,6,3,3,8,2,4,0.23377619,0.35199456
-260.97694,0.9376215,0.71138646,1,1,0,260.97833,0.32186628,-1.6972281,-1.4420894,-1.5428144,-1.5953848,-1.77465,-1.4275301,-1.590412,-1.5777767,-1.4275301,-1.4599181,5,3,4,4,6,1,4,6,5,4,3,1,4,3,8,2,5,5,2,7,0.26972958,0.50600751
-260.09193,0.9182583,1.0028518,2,3,0,261.51684,0.25506339,-1.6613549,-1.447701,-1.5288539,-1.5394237,-1.7041995,-1.3291538,-1.6276575,-1.5380199,-1.3291538,-1.4489628,8,3,5,1,8,4,5,8,5,6,6,3,5,6,7,3,3,6,4,5,0.13106014,0.52362308
-260.5501,0.25317424,1.3448277,2,3,0,263.21882,0.19729083,-1.6337779,-1.4563143,-1.5246299,-1.4939762,-1.6537142,-1.2452246,-1.6630188,-1.5098758,-1.2452246,-1.4432107,6,2,3,5,8,1,4,7,5,8,6,3,3,2,7,2,6,4,3,5,-0.051079697,0.689477
-260.38652,0.99537255,0.38238642,3,9,0,260.87511,0.29013102,-1.6796487,-1.444162,-1.5349503,-1.5683504,-1.7395016,-1.3806155,-1.6076171,-1.5578806,-1.3806155,-1.4541489,5,1,6,3,3,1,2,6,2,6,6,1,7,3,4,3,2,8,3,4,0.21166195,0.45681551
-260.23042,0.97241994,0.61420892,2,3,0,260.79346,0.27700057,-1.6726604,-1.4453351,-1.5323513,-1.5574022,-1.7258572,-1.3613003,-1.6149946,-1.5501888,-1.3613003,-1.4520596,6,2,5,2,5,1,4,6,4,5,3,2,8,2,8,4,4,8,3,6,0.1836769,0.44104854
-260.44902,0.94733391,0.93017217,1,1,0,260.45443,0.29442467,-1.68197,-1.4438183,-1.5358829,-1.5719607,-1.7440759,-1.3869437,-1.6052375,-1.5604635,-1.3869437,-1.4548701,7,1,7,5,8,2,4,7,2,6,5,2,4,3,2,2,6,6,2,3,0.22028564,0.91720482
-260.54887,0.94920954,1.3232251,1,1,0,260.73193,0.30061631,-1.6853488,-1.4433573,-1.5372999,-1.5771931,-1.7507711,-1.3960797,-1.6018345,-1.5642474,-1.3960797,-1.4559429,3,8,5,3,7,1,4,8,3,8,5,3,7,5,6,3,5,7,1,8,0.23228315,0.13781228
-260.54887,0.0041794998,1.8819413,2,3,0,262.50589,0.30061631,-1.6853488,-1.4433573,-1.5372999,-1.5771931,-1.7507711,-1.3960797,-1.6018345,-1.5642474,-1.3960797,-1.4559429,6,3,6,2,8,5,3,8,2,7,2,3,7,2,7,3,5,7,7,6,0.23228315,0.40702033
-260.52803,1,0.31673915,1,1,0,260.55314,0.29938059,-1.6846715,-1.443446,-1.5370103,-1.5761463,-1.7494255,-1.3942554,-1.602511,-1.5634866,-1.3942554,-1.4557257,6,2,5,6,6,3,5,4,2,5,4,2,4,5,5,3,2,8,1,4,0.22992937,0.16116018
-260.60288,0.99422325,0.50692033,1,1,0,260.61221,0.30370173,-1.6870464,-1.4431429,-1.5380379,-1.579812,-1.7541513,-1.4006371,-1.6001513,-1.5661595,-1.4006371,-1.456492,6,3,8,3,7,2,1,8,5,6,5,1,6,7,5,3,6,7,5,5,0.2380731,0.74986022
-260.39221,1,0.79630473,2,3,0,260.57611,0.29053838,-1.6798682,-1.4441286,-1.535037,-1.5686923,-1.7399332,-1.3812157,-1.6073906,-1.5581242,-1.3812157,-1.4542165,5,4,5,2,7,2,4,7,4,5,7,3,7,1,5,3,3,7,4,6,0.212491,0.30174796
-260.5878,0.91183603,1.2600532,1,1,0,260.72071,0.30285616,-1.6865802,-1.4432006,-1.5378335,-1.5790935,-1.753222,-1.3993878,-1.6006118,-1.5656337,-1.3993878,-1.4563406,7,2,2,2,4,2,6,7,2,7,6,3,5,5,3,1,6,5,1,7,0.23649864,0.35682328
-260.35814,0.74047471,1.6333217,2,3,0,260.67118,0.28804266,-1.6785261,-1.4443364,-1.5345115,-1.5665998,-1.7372969,-1.3775398,-1.6087803,-1.5566365,-1.3775398,-1.4538049,7,4,5,3,6,3,2,3,1,7,8,2,5,1,8,1,4,7,1,7,0.20737549,0.19654911
-260.64382,0.84709251,1.4508881,2,3,0,260.76868,0.30594071,-1.6882841,-1.4429938,-1.5385867,-1.5817172,-1.7566226,-1.4039461,-1.5989351,-1.567558,-1.4039461,-1.4568964,6,3,8,2,7,1,6,7,4,6,4,2,4,1,8,1,4,5,2,6,0.24219763,0.4438652
-260.31318,1,1.6272579,1,1,0,260.63403,0.28451032,-1.6766369,-1.4446418,-1.5337912,-1.5636468,-1.7335977,-1.3723405,-1.6107566,-1.55455,-1.3723405,-1.453233,3,3,3,7,6,5,6,3,2,6,7,1,8,6,6,1,5,6,3,6,0.19998562,0.73358588
-260.31318,0.15804741,2.5366797,2,3,0,260.32111,0.28451032,-1.6766369,-1.4446418,-1.5337912,-1.5636468,-1.7335977,-1.3723405,-1.6107566,-1.55455,-1.3723405,-1.453233,6,2,6,2,5,3,4,8,1,7,6,2,5,6,5,6,4,6,4,5,0.19998562,0.46165737
-260.59906,0.96095938,0.64377542,3,7,0,261.14254,0.30348875,-1.6869289,-1.4431574,-1.5379862,-1.579631,-1.753917,-1.4003224,-1.6002672,-1.5660269,-1.4003224,-1.4564538,3,1,6,2,8,3,3,8,6,7,4,1,3,6,6,2,7,7,3,6,0.2376774,0.74985106
-260.59906,0.79490298,0.92328814,1,3,0,261.87186,0.30348875,-1.6869289,-1.4431574,-1.5379862,-1.579631,-1.753917,-1.4003224,-1.6002672,-1.5660269,-1.4003224,-1.4564538,7,5,1,4,6,2,4,5,5,5,4,5,6,3,1,7,3,6,2,5,0.2376774,0.34924537
-261.17911,0.95212946,0.92649869,2,3,0,261.22141,0.33016442,-1.7019864,-1.4417276,-1.5452437,-1.6025866,-1.7843601,-1.4398518,-1.5860596,-1.5832923,-1.4398518,-1.4615928,4,2,8,2,7,2,7,8,2,4,4,3,4,2,5,1,1,7,2,7,0.28287197,0.39253277
-260.38821,1,1.2962345,1,1,0,260.92515,0.29025245,-1.6797141,-1.444152,-1.5349761,-1.5684523,-1.7396302,-1.3807944,-1.6075495,-1.5579532,-1.3807944,-1.454169,4,3,3,3,7,2,4,6,2,4,6,3,3,5,4,4,4,8,5,5,0.21190931,0.3487449
-260.09674,1,1.998162,1,1,0,260.14067,0.23788247,-1.6528223,-1.4499045,-1.5268469,-1.5256186,-1.6882095,-1.3040843,-1.637869,-1.52907,-1.3040843,-1.4468852,4,1,8,5,8,2,5,3,1,7,3,5,4,6,7,1,5,4,2,5,0.084126421,0.61572665
-260.09674,0.38511907,3.0657316,1,1,0,260.2449,0.23788247,-1.6528223,-1.4499045,-1.5268469,-1.5256186,-1.6882095,-1.3040843,-1.637869,-1.52907,-1.3040843,-1.4468852,4,3,3,5,7,4,4,7,4,7,5,2,5,3,8,1,2,5,1,7,0.084126421,0.57001838
-260.81265,0.80427611,1.3027389,2,3,0,260.91764,0.18551606,-1.628545,-1.4584858,-1.5246448,-1.4850565,-1.6445479,-1.2282469,-1.6705832,-1.5048048,-1.2282469,-1.4424744,7,3,5,5,7,5,6,8,2,2,4,2,4,3,7,4,4,6,1,5,-0.098054913,0.32904299
-260.29631,1,1.3299015,1,1,0,260.66921,0.21296581,-1.6409471,-1.4536403,-1.5250679,-1.506032,-1.6664973,-1.2678929,-1.6531365,-1.5169692,-1.2678929,-1.4444222,6,3,8,3,7,1,1,5,1,6,1,5,7,2,5,4,4,6,2,6,0.0056522458,0.36058938
-260.30565,0.98915955,2.0307928,1,1,0,260.30744,0.28388729,-1.6763049,-1.444697,-1.533667,-1.563127,-1.7329491,-1.3714239,-1.6111063,-1.5541844,-1.3714239,-1.4531335,5,1,5,3,8,5,1,7,3,4,4,3,5,2,7,1,3,7,1,6,0.19866378,0.66668749
-260.30565,5.361317e-06,3.0195936,1,1,0,260.95392,0.28388729,-1.6763049,-1.444697,-1.533667,-1.563127,-1.7329491,-1.3714239,-1.6111063,-1.5541844,-1.3714239,-1.4531335,3,3,4,3,7,3,1,7,3,7,7,2,3,3,8,2,4,6,2,3,0.19866378,0.35134503
-260.25995,1,0.59577939,1,1,0,260.3054,0.27986905,-1.6741729,-1.4450632,-1.5328866,-1.559782,-1.728794,-1.3655152,-1.61337,-1.5518427,-1.3655152,-1.452501,3,6,4,2,4,7,4,6,3,7,3,5,5,6,6,2,4,8,5,4,0.1900038,0.67781726
-260.1657,1,0.90745257,1,1,0,260.24203,0.26952829,-1.6687576,-1.4460842,-1.5310417,-1.5512343,-1.7183217,-1.3503332,-1.6192605,-1.545949,-1.3503332,-1.4509492,5,3,7,5,7,1,4,8,4,4,7,7,6,2,6,2,3,7,2,4,0.16661278,0.36239084
-261.05679,0.60930812,1.3762595,1,1,0,261.12734,0.32523954,-1.6991542,-1.4419333,-1.5437831,-1.5983058,-1.7785708,-1.4325362,-1.5886354,-1.5800028,-1.4325362,-1.4605906,5,2,8,4,8,2,3,5,1,4,8,2,3,4,8,3,2,8,3,5,0.27516862,0.93211489
-260.24243,0.88418302,0.94881101,1,3,0,261.78836,0.21746339,-1.6430471,-1.4529191,-1.5252904,-1.5095292,-1.6702891,-1.2744112,-1.6503406,-1.5190779,-1.2744112,-1.4448182,2,6,4,3,6,5,6,5,2,7,4,2,1,5,8,3,1,8,3,8,0.020820135,0.083781266
-260.29097,0.93035409,1.1367455,2,3,0,260.7654,0.213383,-1.6411411,-1.4535725,-1.5250867,-1.5063557,-1.6668467,-1.2684972,-1.6528764,-1.5171634,-1.2684972,-1.444458,4,3,4,6,5,2,5,8,2,5,6,2,3,1,6,2,7,8,3,8,0.0070790472,0.61190671
-260.36904,0.96432571,1.4900917,1,1,0,260.47144,0.20775848,-1.6385397,-1.454501,-1.5248642,-1.502004,-1.6621765,-1.2603538,-1.6563957,-1.5145689,-1.2603538,-1.4439906,7,1,7,4,7,2,3,8,4,6,2,1,6,3,6,2,2,7,2,5,-0.012508541,0.33549798
-260.36904,0.32129698,2.0834775,1,1,0,260.42921,0.20775848,-1.6385397,-1.454501,-1.5248642,-1.502004,-1.6621765,-1.2603538,-1.6563957,-1.5145689,-1.2603538,-1.4439906,7,2,5,4,8,2,4,5,1,4,4,2,4,4,3,1,5,8,5,8,-0.012508541,0.54633824
-260.46608,0.99564734,0.81885043,2,7,0,260.46773,0.29553507,-1.6825732,-1.4437326,-1.5361308,-1.5728968,-1.745268,-1.3885812,-1.6046247,-1.5611369,-1.3885812,-1.4550596,6,4,6,3,6,3,4,6,7,3,5,5,4,4,8,4,4,8,3,6,0.22247496,0.61916532
-263.89107,0.19202407,1.2168649,1,1,0,264.03652,0.40599796,-1.7486173,-1.4419824,-1.5747867,-1.6709176,-1.8836766,-1.5535181,-1.5491146,-1.6401092,-1.5535181,-1.4800264,3,2,6,4,8,3,6,5,2,5,5,4,1,2,7,2,5,5,3,3,0.3694798,0.30835102
-264.7054,0.99427695,0.37589027,3,7,0,264.70551,0.42298783,-1.7598521,-1.4429434,-1.5832652,-1.686842,-1.9086904,-1.5792512,-1.5415418,-1.654519,-1.5792512,-1.4849172,5,4,6,2,7,1,3,8,2,6,5,1,7,4,8,2,3,7,6,4,0.38145568,0.34862562
-265.11612,0.98519333,0.55701228,2,3,0,265.4536,0.43101767,-1.7652635,-1.443516,-1.5875155,-1.694446,-1.9208853,-1.5914479,-1.5380531,-1.6615567,-1.5914479,-1.4873241,5,3,7,6,7,2,4,7,5,5,7,4,5,4,8,1,4,8,3,3,0.38624738,0.8056576
-262.00108,1,0.80805497,1,1,0,264.42362,0.35814535,-1.7185291,-1.4410674,-1.5545907,-1.6272732,-1.818743,-1.4815677,-1.5718325,-1.6028833,-1.4815677,-1.4677418,2,6,4,3,6,4,3,7,3,8,6,5,6,4,6,2,2,7,3,6,0.32154969,0.2812693
-261.96861,1,1.2019327,1,1,0,262.83966,0.35716289,-1.7179352,-1.4410758,-1.554232,-1.626396,-1.8174921,-1.4800986,-1.5723203,-1.6021689,-1.4800986,-1.4675129,7,1,7,5,4,5,3,8,3,5,7,1,4,3,5,3,1,7,2,4,0.32033223,0.59083171
-262.774,0.45759927,1.7812861,1,3,0,263.10337,0.13528237,-1.6076829,-1.4692975,-1.5279957,-1.4483374,-1.609531,-1.1562944,-1.7042111,-1.4855707,-1.1562944,-1.4410388,3,2,7,2,8,5,3,7,3,4,5,3,4,3,8,3,7,5,1,7,-0.35398387,0.30470591
-263.56334,0.92546832,0.93559228,1,1,0,263.70053,0.12224855,-1.6026553,-1.4725072,-1.5297297,-1.4391689,-1.6015007,-1.1377506,-1.7132955,-1.4811958,-1.1377506,-1.4411264,3,1,6,3,6,2,2,5,2,6,2,6,1,5,4,1,5,7,3,7,-0.44033132,0.24896946
-264.74736,0.8504455,1.2007328,1,1,0,265.14489,0.10622168,-1.5966899,-1.4766793,-1.5323475,-1.4281009,-1.5922073,-1.1150184,-1.724669,-1.4761529,-1.1150184,-1.4414993,8,2,4,3,7,2,4,8,4,6,3,5,3,3,4,1,4,6,1,7,-0.56276505,0.50555938
-263.2999,1,1.3343863,2,3,0,264.13663,0.39256232,-1.7399386,-1.4414607,-1.5685716,-1.658483,-1.8646369,-1.5332382,-1.5552867,-1.6291656,-1.5332382,-1.4763541,7,4,1,3,5,3,2,7,2,7,6,1,6,2,8,6,5,7,3,2,0.3581938,0.35828904
-263.60427,0.57600006,1.9626871,1,1,0,263.85889,0.12163194,-1.6024214,-1.4726631,-1.5298205,-1.4387388,-1.6011313,-1.1368746,-1.713729,-1.4809949,-1.1368746,-1.4411353,5,2,3,2,6,1,3,6,1,8,4,1,2,6,6,4,6,7,2,6,-0.44468581,0.36918427
-260.08813,0.75373156,1.3005735,2,3,0,262.71319,0.24100563,-1.6543524,-1.4494812,-1.5271642,-1.52811,-1.6910536,-1.3086345,-1.6359936,-1.5306596,-1.3086345,-1.4472399,6,4,7,3,8,3,4,8,3,3,5,6,4,2,7,1,3,7,1,7,0.093063567,0.59095406
-260.24868,0.95633251,1.2046462,1,3,0,260.26952,0.27880366,-1.6736102,-1.4451632,-1.5326856,-1.5588974,-1.7277004,-1.3639494,-1.6139725,-1.5512267,-1.3639494,-1.4523361,4,2,8,2,4,3,3,7,5,4,2,3,6,2,6,3,3,6,1,6,0.18766814,0.60837562
-260.24868,0.013506395,1.6263156,2,3,0,262.89972,0.27880366,-1.6736102,-1.4451632,-1.5326856,-1.5588974,-1.7277004,-1.3639494,-1.6139725,-1.5512267,-1.3639494,-1.4523361,7,2,4,4,4,3,2,8,1,4,6,4,7,7,5,1,6,6,1,4,0.18766814,0.51299089
-260.70055,0.9918363,0.38323433,4,15,0,260.72485,0.30891864,-1.6899377,-1.4428038,-1.539334,-1.5842575,-1.7599334,-1.4083498,-1.5973244,-1.5694325,-1.4083498,-1.4574421,5,1,5,1,6,3,7,8,3,7,3,3,6,4,7,1,3,2,2,3,0.24758441,0.46367311
-260.45401,0.96333213,0.55354467,2,3,0,261.34261,0.29475206,-1.6821477,-1.4437929,-1.5359557,-1.5722366,-1.744427,-1.3874265,-1.6050567,-1.5606618,-1.3874265,-1.4549258,6,4,7,3,8,3,4,6,2,6,6,2,7,3,5,2,3,8,1,4,0.22093287,0.83315881
-260.40864,1,0.75646985,2,3,0,260.48519,0.29169479,-1.6804921,-1.4440346,-1.5352852,-1.5696636,-1.7411611,-1.3829196,-1.6067485,-1.5588174,-1.3829196,-1.4544094,4,2,5,4,6,3,5,8,4,2,8,4,7,4,7,2,4,7,3,3,0.21483202,0.65945696
-260.25025,1,1.1024549,1,1,0,260.39112,0.27895343,-1.6736892,-1.4451491,-1.5327137,-1.5590217,-1.7278539,-1.3641695,-1.6138878,-1.5513132,-1.3641695,-1.4523592,5,1,5,2,6,4,2,8,2,4,4,1,5,4,8,4,1,7,1,8,0.18799749,0.62735757
-260.57688,0.80848134,1.6016576,1,3,0,260.6129,0.19594494,-1.6331731,-1.4565555,-1.5246167,-1.4929507,-1.6526476,-1.2432818,-1.6638773,-1.509285,-1.2432818,-1.443119,2,3,7,4,6,2,6,8,5,5,4,4,1,6,8,3,1,4,5,4,-0.056249649,0.52068017
-260.09811,1,1.639946,1,1,0,260.27239,0.25709737,-1.6623838,-1.4474604,-1.529134,-1.5410741,-1.7061486,-1.3321279,-1.6264657,-1.5391129,-1.3321279,-1.449229,5,3,2,3,8,2,2,6,3,6,3,3,3,4,4,2,7,7,6,8,0.13626879,0.34155524
-260.09811,0.060804455,2.3713652,1,1,0,260.5474,0.25709737,-1.6623838,-1.4474604,-1.529134,-1.5410741,-1.7061486,-1.3321279,-1.6264657,-1.5391129,-1.3321279,-1.449229,4,4,6,3,3,1,1,4,1,5,5,1,6,1,7,1,6,5,2,4,0.13626879,0.10297002
-260.08172,0.99899593,0.63270044,1,3,0,260.11345,0.24873529,-1.6581794,-1.448477,-1.5280402,-1.5343107,-1.6982119,-1.3199093,-1.6313886,-1.5346649,-1.3199093,-1.4481618,7,2,7,5,7,6,2,4,2,7,6,5,5,2,5,7,6,6,3,4,0.1143962,0.76982414
-260.08172,0.75293877,0.91396249,1,3,0,261.50972,0.24873529,-1.6581794,-1.448477,-1.5280402,-1.5343107,-1.6982119,-1.3199093,-1.6313886,-1.5346649,-1.3199093,-1.4481618,4,3,5,4,6,4,6,5,4,6,5,3,3,6,6,2,4,5,2,3,0.1143962,0.40809698
-260.09995,0.98608889,0.84907329,2,3,0,260.19571,0.25762847,-1.6626531,-1.4473983,-1.5292086,-1.5415056,-1.7066594,-1.3329047,-1.6261551,-1.5393994,-1.3329047,-1.4492993,5,6,6,4,4,3,4,7,2,7,6,5,8,1,4,2,5,8,5,1,0.13761724,0.44001127
-260.21443,0.957269,1.1938112,1,1,0,260.216,0.27533265,-1.6717846,-1.4454972,-1.5320483,-1.5560215,-1.7241609,-1.3588507,-1.6159426,-1.5492338,-1.3588507,-1.4518068,3,6,5,2,3,4,5,8,1,5,8,6,7,2,8,2,5,7,1,5,0.17994163,0.21272048
-260.3979,0.92113176,1.5908487,2,3,0,260.42197,0.20588961,-1.6376819,-1.4548167,-1.5248053,-1.500564,-1.6606439,-1.2576502,-1.6575712,-1.5137181,-1.2576502,-1.4438428,6,1,4,2,8,5,1,8,3,7,8,5,7,4,5,1,5,7,2,6,-0.019188448,0.60921169
-261.05879,0.61502376,1.9847377,1,1,0,261.45982,0.17650087,-1.6246268,-1.4602422,-1.5248547,-1.4783068,-1.6377794,-1.215277,-1.6764563,-1.5010692,-1.215277,-1.4420123,7,1,7,5,7,4,5,7,1,5,4,5,5,2,7,2,6,6,2,7,-0.13686278,0.61752979
-262.81816,0.58408461,1.4446484,1,1,0,262.98675,0.13448828,-1.6073721,-1.4694883,-1.5280912,-1.4477746,-1.6090295,-1.1551631,-1.7047603,-1.4852971,-1.1551631,-1.4410387,7,4,6,1,1,2,5,7,3,7,3,2,6,2,5,1,3,7,2,6,-0.35895315,0.060392492
-260.4202,0.99431865,0.99854946,2,3,0,262.87068,0.20450758,-1.6370497,-1.4550523,-1.5247664,-1.499501,-1.6595166,-1.2556516,-1.6584424,-1.5130925,-1.2556516,-1.4437358,4,1,4,5,4,1,6,8,6,3,6,6,5,3,5,3,5,7,1,7,-0.024184746,0.56730705
-260.4202,0.40998185,1.4139367,2,3,0,263.06812,0.20450758,-1.6370497,-1.4550523,-1.5247664,-1.499501,-1.6595166,-1.2556516,-1.6584424,-1.5130925,-1.2556516,-1.4437358,6,4,3,1,8,1,3,7,3,4,3,2,2,1,6,1,5,4,1,6,-0.024184746,0.44290581
-260.28405,0.99628335,0.72454979,2,3,0,260.50993,0.21393193,-1.6413966,-1.4534836,-1.525112,-1.5067818,-1.6673071,-1.2692925,-1.6525344,-1.5174194,-1.2692925,-1.4445055,7,3,8,1,8,2,4,8,3,5,5,6,4,4,6,3,6,4,2,7,0.0089501959,0.63313277
-260.12482,0.9987274,1.0279403,1,3,0,260.2464,0.23159835,-1.6497717,-1.4507867,-1.5262723,-1.5206301,-1.6825702,-1.2949382,-1.6416685,-1.5259211,-1.2949382,-1.4462023,4,8,4,2,5,4,2,3,3,5,5,3,6,6,6,2,6,7,3,7,0.065566106,0.2632182
-260.656,0.78342937,1.4606958,1,1,0,260.66772,0.19218664,-1.6314935,-1.4572385,-1.5246002,-1.4900952,-1.6496951,-1.2378597,-1.666283,-1.5076507,-1.2378597,-1.4428732,6,4,7,1,6,3,7,8,4,6,3,3,5,5,7,5,5,8,3,4,-0.070953083,0.44716523
-260.28619,1,1.4308309,1,1,0,260.57426,0.213761,-1.641317,-1.4535113,-1.5251041,-1.5066491,-1.6671637,-1.2690449,-1.6526409,-1.5173396,-1.2690449,-1.4444907,8,1,6,4,5,2,3,6,4,4,6,2,5,4,8,1,7,6,1,8,0.0083682917,0.47481815
-260.28619,0.12107881,2.0298554,1,1,0,260.48336,0.213761,-1.641317,-1.4535113,-1.5251041,-1.5066491,-1.6671637,-1.2690449,-1.6526409,-1.5173396,-1.2690449,-1.4444907,3,3,8,2,8,3,7,8,5,6,8,2,5,1,4,4,7,8,3,7,0.0083682917,0.94222111
-261.00434,0.95439925,0.64272449,2,3,0,261.01294,0.178372,-1.6254338,-1.459871,-1.524797,-1.479702,-1.6391665,-1.2179669,-1.6752315,-1.5018342,-1.2179669,-1.4421009,4,5,5,2,7,6,1,8,1,4,5,2,7,4,7,5,6,8,2,6,-0.12859208,0.41614349
-261.97481,0.94371734,0.84414981,3,7,0,262.0372,0.15142834,-1.6141307,-1.4655512,-1.5263402,-1.4599016,-1.620075,-1.1793372,-1.6931628,-1.491337,-1.1793372,-1.4411955,6,7,1,3,1,5,5,5,1,6,3,3,5,2,6,2,5,7,2,6,-0.26008403,0.14723089
-262.37772,0.93847882,1.0867018,1,1,0,262.64748,0.14282922,-1.6106664,-1.4675147,-1.5271539,-1.4537144,-1.6143767,-1.1670551,-1.6990187,-1.4882178,-1.1670551,-1.4410757,4,4,5,2,5,3,5,7,2,4,5,2,4,3,7,2,4,8,1,3,-0.30846429,0.25266796
-261.14267,1,1.3841343,1,1,0,262.22497,0.17373326,-1.6234393,-1.4607977,-1.5249537,-1.4762487,-1.6357445,-1.2113004,-1.6782736,-1.4999477,-1.2113004,-1.4418882,3,1,3,4,6,3,4,6,1,8,7,4,2,3,7,2,4,8,1,2,-0.14931232,0.15047589
-260.8761,1,1.9514925,1,3,0,260.87913,0.31739649,-1.6946928,-1.4423155,-1.5415703,-1.5915283,-1.7695101,-1.4209025,-1.5927816,-1.5748603,-1.4209025,-1.4590444,6,2,7,6,8,3,5,8,2,8,4,2,6,3,8,1,2,7,4,8,0.26231483,0.41642409
-260.8761,0.00023562447,2.7447642,1,1,0,260.95146,0.31739649,-1.6946928,-1.4423155,-1.5415703,-1.5915283,-1.7695101,-1.4209025,-1.5927816,-1.5748603,-1.4209025,-1.4590444,3,1,4,3,6,4,3,8,2,5,8,2,6,3,5,4,3,5,4,4,0.26231483,0.61043458
-260.62185,1,0.72691733,1,1,0,260.85783,0.30474907,-1.6876247,-1.4430725,-1.5382932,-1.5807027,-1.7553054,-1.4021847,-1.5995819,-1.5668125,-1.4021847,-1.4566805,5,2,4,2,8,1,6,8,1,5,5,2,6,5,8,2,3,8,4,5,0.24001046,0.68977543
-261.00744,0.88216457,1.0234313,1,1,0,261.11747,0.32317088,-1.6979717,-1.4420276,-1.543186,-1.5965134,-1.7761621,-1.4294658,-1.5897237,-1.5786351,-1.4294658,-1.4601768,7,2,3,4,7,4,2,5,1,4,7,2,2,2,4,3,6,8,1,6,0.27184896,0.36685529
-260.27331,0.27372848,1.1826064,2,3,0,265.37621,0.2148029,-1.6418025,-1.4533432,-1.5251535,-1.5074584,-1.6680394,-1.2705546,-1.6519924,-1.5178265,-1.2705546,-1.4445814,7,3,6,7,8,5,5,6,3,3,2,4,5,2,4,3,4,8,2,4,0.011904539,0.77564263
-260.34183,0.98082991,0.50002768,2,5,0,260.98952,0.28679527,-1.6778576,-1.4444427,-1.5342539,-1.5655558,-1.7359863,-1.3757033,-1.609477,-1.5558971,-1.3757033,-1.4536015,5,2,5,2,8,3,2,6,2,5,4,3,5,5,6,2,4,5,3,8,0.20478605,0.23480873
-260.29626,1,0.68056709,1,1,0,260.34949,0.28309663,-1.6758842,-1.4447677,-1.5335106,-1.5624678,-1.7321277,-1.3702608,-1.6115506,-1.5537213,-1.3702608,-1.4530077,8,4,7,3,5,4,6,5,2,6,6,1,7,3,6,1,4,6,1,7,0.19697826,0.41067294
-260.9585,0.83634372,0.95386709,1,1,0,260.95898,0.32106728,-1.6967734,-1.4421282,-1.5425887,-1.5946942,-1.7737266,-1.4263449,-1.5908343,-1.5772526,-1.4263449,-1.4597604,5,2,8,2,8,2,3,5,3,2,4,5,3,4,6,1,5,4,6,7,0.26842164,0.65209757
-260.10654,1,1.0208561,1,3,0,260.75515,0.2593437,-1.6635246,-1.4471998,-1.5294537,-1.5429007,-1.708315,-1.335414,-1.6251537,-1.5403283,-1.335414,-1.4495281,8,1,6,5,5,4,4,5,4,8,3,1,4,3,4,2,4,4,4,7,0.14193979,0.55742831
-260.0865,0.99997738,1.4256184,2,3,0,260.09901,0.25269198,-1.6601605,-1.4479869,-1.5285388,-1.5375038,-1.7019422,-1.325688,-1.6290516,-1.5367546,-1.325688,-1.4486578,7,1,7,3,4,6,3,7,3,6,3,2,7,3,4,1,4,7,3,3,0.12489764,0.7089758
-260.40264,0.74975934,1.9863835,1,1,0,260.44135,0.20559186,-1.6375456,-1.4548673,-1.5247966,-1.5003348,-1.6604006,-1.2572196,-1.6577588,-1.5135831,-1.2572196,-1.4438195,5,4,3,5,6,4,1,8,3,6,4,1,6,3,6,1,4,4,3,8,-0.020260784,0.31401095
-260.40264,0.24411704,1.8421647,1,1,0,260.67646,0.20559186,-1.6375456,-1.4548673,-1.5247966,-1.5003348,-1.6604006,-1.2572196,-1.6577588,-1.5135831,-1.2572196,-1.4438195,4,3,5,4,6,6,5,8,2,7,6,4,4,3,8,1,3,8,1,7,-0.020260784,0.67176279
-260.46828,0.99761653,0.7561337,3,7,0,260.48803,0.20168572,-1.6357645,-1.4555395,-1.5246998,-1.4973355,-1.657231,-1.2515725,-1.6602265,-1.5118248,-1.2515725,-1.4435239,3,5,7,7,7,6,3,8,5,5,8,4,8,2,8,3,3,7,2,6,-0.034538101,0.54136243
-260.43683,1,1.0482681,2,3,0,260.538,0.20350867,-1.6365939,-1.4552239,-1.5247409,-1.4987336,-1.658705,-1.2542074,-1.6590732,-1.5126423,-1.2542074,-1.4436598,5,5,4,4,3,2,3,8,2,7,5,4,3,3,5,2,3,7,3,6,-0.027826242,0.24034943
-260.45342,0.99025248,1.4557458,2,3,0,260.4806,0.29471342,-1.6821267,-1.4437958,-1.5359471,-1.572204,-1.7443856,-1.3873695,-1.605078,-1.5606384,-1.3873695,-1.4549193,5,4,5,2,4,4,3,8,2,2,2,3,6,2,6,3,3,5,4,6,0.22085656,0.69474755
-260.16248,1,1.9861819,1,1,0,260.36313,0.26909334,-1.6685321,-1.4461296,-1.5309692,-1.5508766,-1.7178881,-1.3496954,-1.6195103,-1.5457052,-1.3496954,-1.4508863,5,1,7,2,7,3,1,6,5,5,5,1,7,2,4,5,7,7,2,6,0.16559299,0.82711686
-260.16248,2.124954e-24,2.7468354,1,1,0,263.753,0.26909334,-1.6685321,-1.4461296,-1.5309692,-1.5508766,-1.7178881,-1.3496954,-1.6195103,-1.5457052,-1.3496954,-1.4508863,4,1,4,3,8,3,3,4,6,2,5,4,3,2,6,2,3,8,4,4,0.16559299,0.8224449
-260.12137,1,0.77503562,1,1,0,260.1559,0.26252642,-1.6651493,-1.4468395,-1.5299256,-1.5454959,-1.7114096,-1.3400728,-1.6233023,-1.5420653,-1.3400728,-1.4499607,3,3,5,2,5,3,3,7,3,4,4,4,3,3,8,2,1,8,1,8,0.14983089,0.53414304
-260.16811,0.9856278,1.072791,1,1,0,260.17405,0.26984962,-1.6689244,-1.4460508,-1.5310955,-1.5514986,-1.7186424,-1.3508044,-1.619076,-1.5461293,-1.3508044,-1.4509958,6,2,7,3,8,4,2,7,2,5,5,3,3,3,3,2,4,5,1,6,0.16736427,0.36502829
-260.1353,1,1.4486876,1,1,0,260.18121,0.26501669,-1.6664272,-1.446565,-1.5303103,-1.5475322,-1.7138515,-1.3437202,-1.6218599,-1.5434367,-1.3437202,-1.4503065,7,2,5,8,8,2,3,8,4,5,5,3,5,3,5,7,2,5,3,6,0.1558895,0.8438451
-260.1353,0.23416325,1.997273,1,1,0,260.50103,0.26501669,-1.6664272,-1.446565,-1.5303103,-1.5475322,-1.7138515,-1.3437202,-1.6218599,-1.5434367,-1.3437202,-1.4503065,6,2,6,3,7,6,2,6,3,7,6,6,6,3,7,2,6,8,1,7,0.1558895,0.7605318
-260.21564,0.98517053,0.82706807,1,1,0,260.21564,0.27546199,-1.6718524,-1.4454846,-1.5320716,-1.5561285,-1.7242921,-1.3590406,-1.615869,-1.5493077,-1.3590406,-1.4518263,7,2,7,1,7,2,3,8,1,6,5,6,4,1,6,1,4,8,1,8,0.18023279,0.70612622
-263.56655,0.40509962,1.1138079,1,3,0,263.56773,0.39875464,-1.743916,-1.4416752,-1.5713827,-1.6641965,-1.8733319,-1.5425773,-1.552422,-1.6341605,-1.5425773,-1.4780251,3,3,4,2,8,4,4,8,1,7,1,4,7,4,6,5,2,5,3,8,0.3635983,0.28193819
-260.84505,1,0.60629145,2,3,0,263.53291,0.31596723,-1.6938863,-1.4423923,-1.541182,-1.5902985,-1.7678799,-1.4187846,-1.593543,-1.5739357,-1.4187846,-1.4587692,5,1,5,5,6,5,6,7,3,5,5,3,4,5,8,1,3,7,5,4,0.25989325,0.47734904
-260.52475,0.74694534,0.83476294,1,3,0,263.00462,0.19860466,-1.6343699,-1.4560807,-1.5246465,-1.4949787,-1.6547601,-1.2471217,-1.6621823,-1.5104552,-1.2471217,-1.4433022,4,2,7,4,6,1,4,7,2,4,8,3,7,5,4,4,5,6,2,1,-0.046080479,0.57703914
-260.08881,1,0.77509601,2,3,0,260.46536,0.24070355,-1.654204,-1.4495217,-1.5271326,-1.5278687,-1.6907773,-1.3081943,-1.6361746,-1.5305051,-1.3081943,-1.4472052,6,1,7,4,6,3,2,8,3,5,2,4,5,3,8,3,5,6,6,4,0.092207276,0.80678153
-260.13119,0.98678286,1.0643158,1,3,0,260.15914,0.26431808,-1.6660681,-1.4466413,-1.530201,-1.5469604,-1.7131646,-1.3426967,-1.622264,-1.5430509,-1.3426967,-1.4502088,7,1,6,6,8,2,5,8,4,3,5,2,4,5,7,3,5,4,4,5,0.1542,0.76316561
-260.70018,0.48703568,1.4292951,2,3,0,261.60309,0.19021219,-1.6306164,-1.4576031,-1.5246036,-1.4885998,-1.6481592,-1.235013,-1.6675518,-1.506801,-1.235013,-1.4427501,4,2,5,5,8,5,3,8,3,2,7,2,5,4,8,1,2,8,2,6,-0.07883858,0.94506003
-260.12026,0.95797852,0.88954752,1,3,0,261.23348,0.26231157,-1.6650393,-1.4468635,-1.5298931,-1.5453204,-1.7111998,-1.3397582,-1.623427,-1.5419475,-1.3397582,-1.4499312,6,1,7,4,7,4,1,8,2,7,6,3,6,3,7,3,2,5,3,5,0.14930347,0.80625285
-260.63524,0.83679359,1.1416416,2,3,0,260.93168,0.19314384,-1.63192,-1.4570632,-1.5246016,-1.4908213,-1.6504435,-1.2392403,-1.6656692,-1.5080648,-1.2392403,-1.4429343,5,2,5,5,6,3,3,3,2,7,6,2,3,4,4,4,3,6,3,8,-0.067170482,0.39668202
-260.4724,1,1.2159416,2,3,0,260.58331,0.29594039,-1.6827937,-1.4437016,-1.5362219,-1.5732387,-1.7457041,-1.3891791,-1.6044013,-1.5613833,-1.3891791,-1.4551291,8,2,6,4,8,2,2,6,3,3,4,2,8,4,5,1,2,7,3,5,0.22326999,0.48585914
-260.10865,1,1.6596381,1,1,0,260.21806,0.23481174,-1.6513269,-1.4503305,-1.5265555,-1.5231769,-1.68544,-1.2996135,-1.6397213,-1.527523,-1.2996135,-1.4465463,5,2,8,2,6,3,3,6,6,5,8,4,4,5,6,4,2,7,3,7,0.075154899,0.70340048
-260.10865,0.12357411,2.2611541,1,1,0,260.82256,0.23481174,-1.6513269,-1.4503305,-1.5265555,-1.5231769,-1.68544,-1.2996135,-1.6397213,-1.527523,-1.2996135,-1.4465463,7,3,8,6,4,2,4,7,6,7,5,4,6,2,8,2,5,7,4,8,0.075154899,0.74434955
-260.15314,0.97718628,0.81628505,1,3,0,260.32561,0.26778022,-1.6678524,-1.446268,-1.530753,-1.5497979,-1.7165826,-1.3477701,-1.6202655,-1.5449713,-1.3477701,-1.4506977,5,3,3,3,2,4,6,7,5,3,4,4,3,5,4,2,3,6,2,8,0.16249619,0.23979818
-260.12961,0.94309352,1.0747419,2,3,0,260.41851,0.26404269,-1.6659267,-1.4466716,-1.5301582,-1.5467352,-1.7128943,-1.3422934,-1.6224234,-1.5428991,-1.3422934,-1.4501705,7,2,7,5,8,3,2,7,2,1,6,3,6,3,5,2,2,6,3,5,0.15353183,0.74806499
-260.43949,0.91017962,1.342153,2,3,0,260.46343,0.29379421,-1.681628,-1.4438675,-1.5357434,-1.5714297,-1.7434008,-1.3860141,-1.6055859,-1.5600821,-1.3860141,-1.454763,6,2,5,6,7,2,3,7,1,7,7,3,6,4,5,3,5,8,3,7,0.21903515,0.82077146
-263.64657,0.25166736,1.5933086,2,3,0,265.81465,0.4005692,-1.7450888,-1.4417464,-1.5722237,-1.6658764,-1.8759057,-1.5453165,-1.551589,-1.63564,-1.5453165,-1.4785217,2,5,2,2,5,2,4,6,1,4,4,2,5,4,8,5,6,5,3,3,0.36511599,0.22131045
-262.0543,1,0.70537506,1,1,0,263.39862,0.35973937,-1.7194947,-1.441056,-1.5551773,-1.6286982,-1.8207794,-1.483952,-1.5710429,-1.6040464,-1.483952,-1.4681152,6,2,5,6,6,2,5,8,3,5,5,2,8,3,6,4,2,8,3,4,0.32350404,0.6350855
-263.43864,0.64418475,0.95824199,1,1,0,263.81312,0.39581309,-1.7420218,-1.4415678,-1.570036,-1.6614787,-1.8691845,-1.5381393,-1.5537785,-1.6317775,-1.5381393,-1.4772267,1,5,5,7,6,1,4,7,1,7,8,3,4,2,6,3,2,5,1,6,0.36107462,0.32161434
-264.87791,0.93818911,0.7652925,3,7,0,265.1984,0.42640017,-1.7621437,-1.4431774,-1.5850522,-1.6900673,-1.9138431,-1.5844316,-1.5400521,-1.6574916,-1.5844316,-1.4859325,2,1,8,5,7,5,2,8,2,5,6,5,6,4,7,3,6,8,4,5,0.38355917,0.95296673
-261.66799,1,0.94666687,1,1,0,263.99818,0.34765847,-1.7122389,-1.441213,-1.5508775,-1.6179485,-1.8055562,-1.4659026,-1.5770834,-1.5953589,-1.4659026,-1.465347,4,5,3,1,6,3,6,8,1,5,2,2,7,1,7,1,6,8,4,5,0.30803774,0.43931962
-260.13843,1,1.2816886,1,1,0,260.94949,0.26553138,-1.6666921,-1.446509,-1.5303915,-1.5479537,-1.7143585,-1.3444743,-1.6215624,-1.5437215,-1.3444743,-1.4503787,3,3,6,3,7,2,2,8,7,4,3,2,3,2,7,2,1,7,6,5,0.15712922,0.34168588
-260.42879,0.78244615,1.7323869,1,1,0,260.54888,0.29307594,-1.6812389,-1.4439241,-1.5355856,-1.570825,-1.742633,-1.3849552,-1.6059832,-1.5596485,-1.3849552,-1.4546415,5,3,7,5,8,4,3,6,4,5,7,1,4,5,4,2,4,5,2,5,0.21760391,0.74302008
-260.20412,1,1.6971355,1,1,0,260.40003,0.27420507,-1.671194,-1.4456085,-1.531847,-1.5550894,-1.7230188,-1.3571952,-1.6165848,-1.548591,-1.3571952,-1.4516375,4,4,4,5,3,1,4,8,1,4,5,4,6,2,4,1,4,7,1,3,0.17739267,0.10374141
-261.64319,0.20923132,2.2884045,1,1,0,261.87343,0.15941847,-1.6174117,-1.4637919,-1.5257232,-1.4657082,-1.6255398,-1.1907696,-1.6877793,-1.4943347,-1.1907696,-1.4413805,7,1,5,6,8,3,4,8,5,4,3,1,6,2,6,1,4,7,2,4,-0.21812453,0.50270606
-262.91914,0.85010129,0.96791564,1,1,0,262.93021,0.13270471,-1.606676,-1.4699192,-1.5283105,-1.4465123,-1.607909,-1.152623,-1.705996,-1.4846858,-1.152623,-1.4410409,4,4,8,7,7,1,2,7,4,3,4,3,5,4,8,2,6,4,1,7,-0.37024517,0.64042691
-260.28573,1,1.0484292,2,3,0,262.22995,0.28218966,-1.6754023,-1.4448497,-1.5333329,-1.5617122,-1.7311877,-1.3689269,-1.6120609,-1.5531915,-1.3689269,-1.4528643,7,4,1,1,4,2,4,7,2,5,6,3,5,5,8,1,4,7,3,7,0.1950337,0.19069432
-260.29126,0.99746475,1.4120753,2,3,0,260.34933,0.21335991,-1.6411303,-1.4535763,-1.5250856,-1.5063377,-1.6668274,-1.2684638,-1.6528908,-1.5171527,-1.2684638,-1.444456,4,6,3,4,6,4,3,5,2,4,5,2,6,2,3,2,2,6,5,2,0.0070001836,0.20161878
-260.29126,0.068684129,1.891862,1,1,0,260.7249,0.21335991,-1.6411303,-1.4535763,-1.5250856,-1.5063377,-1.6668274,-1.2684638,-1.6528908,-1.5171527,-1.2684638,-1.444456,7,5,5,4,8,2,7,6,1,3,6,5,5,3,8,6,4,5,4,6,0.0070001836,0.22457353
-260.12851,0.99409264,0.65900859,2,3,0,260.40879,0.23095568,-1.6494618,-1.4508792,-1.5262183,-1.5201217,-1.6819997,-1.2940035,-1.642059,-1.5256027,-1.2940035,-1.4461348,6,4,4,2,5,4,7,6,4,7,5,7,4,4,7,2,5,8,4,6,0.063623345,0.21491786
-260.29904,0.94162165,0.87900911,1,3,0,260.60517,0.28333249,-1.6760096,-1.4447466,-1.5335571,-1.5626643,-1.7323725,-1.3706078,-1.611418,-1.5538593,-1.3706078,-1.4530452,5,3,7,4,7,1,1,7,5,6,7,4,5,3,5,5,4,8,2,4,0.197482,0.67139761
-260.27329,0.87237412,1.0854186,2,3,0,260.95942,0.21480528,-1.6418036,-1.4533428,-1.5251536,-1.5074603,-1.6680414,-1.270558,-1.6519909,-1.5178277,-1.270558,-1.4445816,7,1,3,1,6,4,7,8,4,7,6,4,5,4,7,2,4,8,2,8,0.011912586,0.50392935
-261.67648,0.78679076,1.2119671,1,3,0,261.68726,0.15857167,-1.6170611,-1.4639754,-1.5257822,-1.4650902,-1.6249528,-1.1895571,-1.6883472,-1.4940125,-1.1895571,-1.4413575,3,2,8,5,8,1,1,7,4,2,4,4,5,4,7,2,3,5,2,5,-0.2224436,0.24790147
-260.14222,1,1.1963001,2,3,0,261.44605,0.26613443,-1.6670028,-1.4464439,-1.5304873,-1.5484478,-1.7149534,-1.3453579,-1.6212142,-1.5440558,-1.3453579,-1.4504638,8,5,8,5,8,4,4,5,5,5,4,1,6,3,7,4,6,8,2,6,0.15857632,0.84652434
-260.08182,1,1.6019025,1,1,0,260.10376,0.24554534,-1.6565931,-1.4488839,-1.527663,-1.5317458,-1.6952371,-1.315254,-1.6332827,-1.5329997,-1.315254,-1.4477738,2,2,6,3,8,6,1,6,4,2,4,5,8,2,3,3,4,6,2,6,0.10572571,0.82763963
-260.08182,6.5335545e-05,2.1418142,1,1,0,261.20745,0.24554534,-1.6565931,-1.4488839,-1.527663,-1.5317458,-1.6952371,-1.315254,-1.6332827,-1.5329997,-1.315254,-1.4477738,7,2,5,3,7,3,3,6,2,5,5,1,6,2,6,1,4,3,2,8,0.10572571,0.63542264
-260.43713,0.92915708,0.68923373,1,3,0,260.88711,0.20349073,-1.6365858,-1.455227,-1.5247405,-1.4987199,-1.6586905,-1.2541814,-1.6590845,-1.5126343,-1.2541814,-1.4436585,6,2,6,6,7,4,4,7,3,4,1,2,6,2,4,2,7,6,2,7,-0.027891853,0.56800789
-260.35271,0.98809779,0.83390939,2,3,0,260.65802,0.2088602,-1.6390469,-1.4543166,-1.5249025,-1.5028543,-1.6630845,-1.2619482,-1.6557042,-1.5150731,-1.2619482,-1.4440795,6,3,6,2,4,2,5,8,1,6,7,5,5,4,7,2,5,4,3,4,-0.0086112529,0.38191832
-260.30596,1,1.095696,2,3,0,260.3909,0.21222604,-1.6406035,-1.4537609,-1.5250354,-1.5054584,-1.665879,-1.2668214,-1.6535981,-1.5166256,-1.2668214,-1.4443591,7,4,8,6,8,4,2,8,6,6,7,4,6,4,8,3,3,6,3,8,0.0031120464,0.9368155
-261.89878,0.53615894,1.4620562,1,1,0,261.92408,0.15317816,-1.6148441,-1.4651606,-1.5261936,-1.4611685,-1.6212577,-1.1818392,-1.691979,-1.4919853,-1.1818392,-1.4412299,6,4,8,5,8,5,3,4,5,8,6,2,2,2,6,5,5,6,1,7,-0.25065904,0.85112853
-260.4942,0.82308797,1.013506,2,7,0,263.42756,0.29731474,-1.6835425,-1.443598,-1.5365337,-1.5743992,-1.7471865,-1.3912066,-1.6036449,-1.5622209,-1.3912066,-1.455366,6,1,7,3,6,4,4,8,4,6,8,2,5,1,8,1,2,8,2,4,0.22594931,0.38250495
-260.52249,0.99066741,1.053373,1,1,0,260.64742,0.29904742,-1.6844891,-1.4434702,-1.5369328,-1.5758643,-1.7490636,-1.3937636,-1.6026936,-1.563282,-1.3937636,-1.4556674,6,2,6,2,3,1,5,7,3,1,8,4,7,2,7,5,5,6,2,7,0.22929131,0.17784179
-260.55068,0.99778108,1.3844386,2,3,0,260.58486,0.19726145,-1.6337647,-1.4563196,-1.5246296,-1.4939538,-1.6536909,-1.2451822,-1.6630376,-1.5098628,-1.2451822,-1.4432087,4,1,3,4,4,2,2,6,2,6,6,4,2,1,6,2,4,3,1,7,-0.051192018,0.35843083
-261.03665,0.74228272,1.83527,1,1,0,261.42034,0.17725423,-1.6249513,-1.4600923,-1.5248306,-1.4788682,-1.6383368,-1.2163599,-1.6759628,-1.5013766,-1.2163599,-1.4420475,6,4,7,3,4,2,1,7,1,6,2,1,3,3,4,1,6,8,3,6,-0.13351881,0.18829244
-261.8441,0.69393599,1.7011094,1,1,0,262.3535,0.15446523,-1.6153707,-1.4648751,-1.5260899,-1.4621021,-1.6221327,-1.1836801,-1.6911101,-1.4924651,-1.1836801,-1.4412575,5,4,5,5,8,5,5,6,1,5,3,3,7,4,7,3,6,7,2,8,-0.24381277,0.42942449
-260.47914,1,1.4746841,1,1,0,261.41169,0.20107512,-1.6354874,-1.455646,-1.5246877,-1.4968678,-1.6567393,-1.2506902,-1.6606134,-1.5115522,-1.2506902,-1.4434791,5,1,6,6,6,3,1,8,1,5,5,3,3,3,2,3,2,8,1,8,-0.036805591,0.85010622
-260.47914,0.58285383,1.9565694,1,1,0,260.53385,0.20107512,-1.6354874,-1.455646,-1.5246877,-1.4968678,-1.6567393,-1.2506902,-1.6606134,-1.5115522,-1.2506902,-1.4434791,4,4,5,2,3,4,7,6,5,7,4,3,3,2,6,2,4,4,3,5,-0.036805591,0.1327804
-261.07127,0.87313917,1.4547534,2,3,0,261.12076,0.17608057,-1.624446,-1.4603261,-1.5248687,-1.4779939,-1.6374691,-1.2146729,-1.6767319,-1.5008981,-1.2146729,-1.4419929,3,4,8,3,5,1,6,5,5,7,2,7,6,3,5,3,6,2,3,7,-0.13873667,0.23522093
-260.92443,0.84229237,1.6176326,1,3,0,261.07507,0.31957035,-1.6959234,-1.4422028,-1.5421698,-1.5934019,-1.772002,-1.424125,-1.591627,-1.5762739,-1.424125,-1.4594668,8,3,8,4,7,4,4,8,2,6,8,2,2,6,7,2,3,7,1,4,0.26595079,0.61488753
-260.08196,1,1.7229819,1,1,0,260.33483,0.24532688,-1.6564849,-1.4489122,-1.527638,-1.5315704,-1.6950345,-1.3149353,-1.6334127,-1.5328863,-1.3149353,-1.4477476,6,3,6,4,8,2,8,8,2,2,6,5,4,3,3,5,1,7,4,5,0.10512515,0.55806139
-260.08196,0.06820994,2.2789439,1,1,0,260.80228,0.24532688,-1.6564849,-1.4489122,-1.527638,-1.5315704,-1.6950345,-1.3149353,-1.6334127,-1.5328863,-1.3149353,-1.4477476,5,2,7,2,4,2,7,8,3,4,4,4,6,2,3,4,8,5,1,2,0.10512515,0.22632692
-260.23244,0.96914759,0.83836684,1,3,0,260.31513,0.21838054,-1.6434776,-1.4527745,-1.5253411,-1.5102444,-1.6710691,-1.2757412,-1.6497726,-1.5195119,-1.2757412,-1.4449016,3,4,6,2,8,4,7,7,4,6,7,6,5,5,8,2,5,7,1,6,0.023856054,0.56184981
-260.50791,0.93659439,1.0634111,1,1,0,260.51125,0.19949963,-1.6347741,-1.4559225,-1.5246599,-1.4956625,-1.6554751,-1.2484142,-1.6616133,-1.5108515,-1.2484142,-1.4433655,5,2,4,2,8,2,6,8,2,6,7,1,3,4,3,3,2,8,5,5,-0.042701721,0.49530714
-262.29567,0.74732543,1.2887715,2,3,0,262.29791,0.14449672,-1.6113328,-1.4671283,-1.526984,-1.4549092,-1.6154669,-1.169435,-1.6978781,-1.4888141,-1.169435,-1.4410925,4,2,8,5,8,2,1,8,1,5,1,3,1,2,5,1,4,8,4,7,-0.29880437,0.59474226
-262.14414,1,1.2057964,1,1,0,262.73691,0.14768437,-1.6126139,-1.4663972,-1.5266754,-1.4571999,-1.6175708,-1.1739869,-1.6957045,-1.4899654,-1.1739869,-1.4411332,5,4,4,4,2,1,3,8,3,5,7,2,7,2,6,5,4,4,4,6,-0.28071681,0.27295921
-260.08424,0.75446935,1.5909436,1,3,0,261.03994,0.25132008,-1.6594719,-1.448155,-1.5283621,-1.5363952,-1.7006437,-1.3236838,-1.6298604,-1.536027,-1.3236838,-1.448484,6,2,7,2,8,4,2,8,3,7,3,2,6,4,5,5,2,6,3,5,0.1212878,0.80919158
-260.08424,0.63388621,1.5027018,1,3,0,260.62177,0.25132008,-1.6594719,-1.448155,-1.5283621,-1.5363952,-1.7006437,-1.3236838,-1.6298604,-1.536027,-1.3236838,-1.448484,6,5,4,3,6,1,3,7,1,6,6,1,6,3,7,2,2,7,2,2,0.1212878,0.21563944
-260.11796,0.97240066,1.2059924,2,3,0,260.19136,0.26185373,-1.6648051,-1.4469147,-1.529824,-1.5449467,-1.7107531,-1.3390878,-1.6236928,-1.5416967,-1.3390878,-1.4498684,2,2,6,5,8,2,2,8,4,7,7,2,8,6,7,4,2,6,1,6,0.14817698,0.29415425
-260.19538,0.97374758,1.5300502,2,3,0,260.19617,0.27321243,-1.6706752,-1.4457075,-1.531672,-1.5542696,-1.7220164,-1.3557382,-1.6171511,-1.548027,-1.3557382,-1.4514895,5,4,7,1,6,3,4,8,2,7,5,3,3,2,8,4,4,7,1,7,0.17513276,0.30803998
-261.68641,0.1961821,1.9425913,1,1,0,261.93743,0.15832119,-1.6169576,-1.4640298,-1.5258,-1.4649075,-1.6247796,-1.1891985,-1.6885153,-1.4939174,-1.1891985,-1.4413509,5,5,4,1,6,1,1,7,2,6,4,2,4,2,4,4,2,6,3,5,-0.22372677,0.61118034
-261.68641,2.2190771e-86,6.4802376,2,3,0,261.72362,0.15832119,-1.6169576,-1.4640298,-1.5258,-1.4649075,-1.6247796,-1.1891985,-1.6885153,-1.4939174,-1.1891985,-1.4413509,7,3,5,7,8,1,3,7,5,2,6,5,5,3,8,1,1,6,1,7,-0.22372677,0.46225871
-261.25269,1,0.71019009,1,1,0,261.67826,0.17028973,-1.6219717,-1.4614994,-1.5250993,-1.473697,-1.6332408,-1.2063558,-1.6805439,-1.4985688,-1.2063558,-1.4417455,5,1,5,2,3,3,5,8,2,5,5,8,8,4,5,3,5,5,1,6,-0.16517326,0.27273676
-260.48929,0.85112689,0.78568614,1,3,0,263.01408,0.29700802,-1.6833752,-1.4436209,-1.5364638,-1.5741401,-1.7468552,-1.390754,-1.6038135,-1.5620337,-1.390754,-1.455313,5,1,7,3,7,3,3,4,5,7,5,5,5,2,6,2,6,6,3,5,0.22535354,0.66739846
-260.49079,0.99967493,0.72123159,1,1,0,260.57454,0.29710156,-1.6834262,-1.4436139,-1.5364851,-1.5742191,-1.7469562,-1.390892,-1.6037621,-1.5620908,-1.390892,-1.4553292,3,5,7,5,8,2,7,8,2,5,3,2,6,5,6,2,5,4,2,5,0.22553535,0.41779751
-260.09352,1,1.1334464,1,1,0,260.3004,0.25563143,-1.6616419,-1.4476334,-1.5289312,-1.5398843,-1.7047426,-1.3299843,-1.6273243,-1.5383244,-1.3299843,-1.4490367,7,2,6,2,8,2,4,8,1,5,7,6,3,1,7,5,6,6,2,6,0.1325219,0.74938415
-260.09352,0.59785492,1.9366825,1,1,0,260.14298,0.25563143,-1.6616419,-1.4476334,-1.5289312,-1.5398843,-1.7047426,-1.3299843,-1.6273243,-1.5383244,-1.3299843,-1.4490367,3,4,5,4,5,4,5,7,3,1,8,1,8,5,7,4,2,8,1,7,0.1325219,0.44856145
-260.20927,0.95829479,0.99354775,1,1,0,260.20945,0.27477354,-1.6714916,-1.4455522,-1.5319481,-1.5555592,-1.7235941,-1.3580298,-1.6162609,-1.5489148,-1.3580298,-1.4517227,3,2,3,3,7,1,4,7,3,6,4,2,6,2,6,5,1,6,1,7,0.17868015,0.5682366
-260.20927,0.065720944,1.5877191,1,1,0,261.1212,0.27477354,-1.6714916,-1.4455522,-1.5319481,-1.5555592,-1.7235941,-1.3580298,-1.6162609,-1.5489148,-1.3580298,-1.4517227,4,4,3,4,6,1,2,7,3,5,4,2,6,2,4,2,7,8,2,7,0.17868015,0.37302687
-260.08324,0.99982661,0.15434141,5,31,0,260.29209,0.25054479,-1.6590835,-1.4482508,-1.528264,-1.5357694,-1.6999123,-1.3225514,-1.6303181,-1.5356173,-1.3225514,-1.4483866,7,2,4,4,8,4,3,8,1,5,8,4,4,4,5,1,8,5,1,7,0.11923318,0.64585731
-260.10717,0.9982452,0.28840433,3,11,0,260.17654,0.23514811,-1.6514903,-1.4502834,-1.5265864,-1.523444,-1.6857421,-1.3001031,-1.639518,-1.5276917,-1.3001031,-1.4465829,6,6,4,6,3,5,3,3,1,7,3,3,4,2,7,5,3,7,2,8,0.076146702,0.44666284
-260.16004,0.99159837,0.54203716,2,3,0,260.22213,0.2262824,-1.6472204,-1.4515647,-1.5258527,-1.5164357,-1.6778862,-1.2872109,-1.6449095,-1.5233087,-1.2872109,-1.445657,5,1,6,5,2,1,4,5,4,8,4,2,6,3,5,2,4,8,1,3,0.049239634,0.095873454
-260.54871,0.88860229,1.0017313,1,1,0,260.54895,0.19736204,-1.6338099,-1.4563016,-1.5246307,-1.4940305,-1.6537708,-1.2453274,-1.6629735,-1.5099071,-1.2453274,-1.4432156,4,1,3,5,6,7,5,7,1,7,6,4,7,3,2,3,2,6,2,7,-0.050807524,0.43973901
-260.77448,0.97461977,1.3399439,1,3,0,260.83102,0.31261194,-1.6920007,-1.4425815,-1.5402884,-1.5874179,-1.7640778,-1.4138154,-1.5953376,-1.5717805,-1.4138154,-1.4581313,1,3,3,1,8,2,7,8,1,6,5,2,5,2,6,2,2,5,4,7,0.25411052,0.40542588
-260.77448,0.097555544,2.3438198,1,3,0,260.99036,0.31261194,-1.6920007,-1.4425815,-1.5402884,-1.5874179,-1.7640778,-1.4138154,-1.5953376,-1.5717805,-1.4138154,-1.4581313,2,1,3,5,6,4,5,7,1,4,3,4,8,2,4,4,3,3,1,2,0.25411052,0.18066897
-261.60929,0.95752954,0.26946216,1,3,0,262.48289,0.34570666,-1.7110801,-1.4412537,-1.5502143,-1.6162226,-1.803142,-1.4629911,-1.5780714,-1.5939827,-1.4629911,-1.4649132,6,3,6,3,4,2,5,7,4,6,3,2,2,4,7,2,4,6,3,7,0.30539531,0.39798515
-261.12548,1,0.45068516,1,1,0,261.56448,0.32803872,-1.7007611,-1.4418131,-1.5446065,-1.6007365,-1.7818518,-1.4366932,-1.5871688,-1.5818667,-1.4366932,-1.4611573,6,2,7,3,8,2,1,8,4,3,2,4,5,4,7,1,2,3,7,7,0.27958128,0.72580868
-260.3129,1,0.85359081,1,1,0,260.8809,0.28448701,-1.6766245,-1.4446438,-1.5337865,-1.5636273,-1.7335734,-1.3723062,-1.6107697,-1.5545364,-1.3723062,-1.4532293,4,1,3,2,6,1,2,8,2,8,7,4,4,4,3,3,1,8,3,8,0.19993626,0.29364307
-260.22628,1,1.6032484,1,1,0,260.23737,0.21896184,-1.6437509,-1.4526833,-1.5253742,-1.5106981,-1.6715647,-1.2765843,-1.649413,-1.5197877,-1.2765843,-1.4449549,6,1,6,2,7,3,4,7,3,4,4,3,4,3,6,1,6,8,2,7,0.025770381,0.44023733
-260.22628,1.3137748e-34,2.9840429,1,1,0,260.57993,0.21896184,-1.6437509,-1.4526833,-1.5253742,-1.5106981,-1.6715647,-1.2765843,-1.649413,-1.5197877,-1.2765843,-1.4449549,2,6,5,5,7,2,5,5,2,8,6,5,5,2,7,3,4,8,3,5,0.025770381,0.38116262
-260.1088,0.99954547,0.2790234,2,5,0,260.27544,0.2347774,-1.6513103,-1.4503354,-1.5265523,-1.5231496,-1.6854092,-1.2995635,-1.6397421,-1.5275058,-1.2995635,-1.4465426,8,2,7,3,8,3,3,5,3,7,3,6,4,3,7,1,4,8,3,6,0.075053518,0.71354997
-260.24654,0.99524552,0.52150679,3,7,0,260.24705,0.21709464,-1.6428742,-1.4529774,-1.5252705,-1.5092418,-1.6699761,-1.2738765,-1.6505692,-1.5189037,-1.2738765,-1.4447849,6,3,6,2,8,2,7,6,4,5,5,3,4,5,4,7,2,7,4,5,0.019594129,0.060097474
-260.15098,0.71869121,0.95304822,2,3,0,262.10882,0.26746571,-1.6676898,-1.4463014,-1.5307018,-1.5495397,-1.7162706,-1.3473091,-1.6204466,-1.544796,-1.3473091,-1.4506528,5,4,5,4,7,3,3,5,2,5,7,3,7,3,5,3,3,7,1,5,0.16175044,0.29525171
-260.36369,0.90506338,0.77200376,1,3,0,260.79184,0.20811516,-1.6387038,-1.4544412,-1.5248763,-1.5022792,-1.6624701,-1.26087,-1.6561717,-1.5147319,-1.26087,-1.4440192,5,3,5,4,6,1,4,6,4,1,7,3,2,5,5,5,3,6,1,6,-0.01124353,0.67912529
-260.08322,0.98916627,1.074155,1,3,0,260.27363,0.25052471,-1.6590735,-1.4482533,-1.5282615,-1.5357532,-1.6998934,-1.3225221,-1.63033,-1.5356066,-1.3225221,-1.4483841,8,3,5,2,8,4,6,7,1,7,5,4,5,2,8,4,4,6,3,7,0.11917981,0.36408782
-260.08322,0.032347953,1.8902949,1,1,0,260.5097,0.25052471,-1.6590735,-1.4482533,-1.5282615,-1.5357532,-1.6998934,-1.3225221,-1.63033,-1.5356066,-1.3225221,-1.4483841,8,1,4,5,7,2,4,8,3,5,6,3,8,5,4,2,6,6,2,3,0.11917981,0.69770056
-263.15476,0.96161433,0.21914903,3,13,0,263.84947,0.12870517,-1.6051261,-1.4708966,-1.5288264,-1.4436921,-1.6054253,-1.1469303,-1.7087768,-1.483332,-1.1469303,-1.441059,5,4,7,4,6,2,4,7,1,8,5,5,4,1,7,1,4,5,3,3,-0.39624637,0.15189459
-260.24236,0.99372122,0.35844273,2,7,0,263.2491,0.21746931,-1.6430498,-1.4529181,-1.5252907,-1.5095338,-1.6702941,-1.2744198,-1.6503369,-1.5190807,-1.2744198,-1.4448188,5,2,4,4,6,5,6,5,4,5,8,4,5,2,6,2,4,7,2,5,0.020839775,0.63822665
-260.1693,0.95334029,0.63588284,1,3,0,260.83653,0.27000613,-1.6690056,-1.4460346,-1.5311218,-1.5516273,-1.7187987,-1.351034,-1.6189862,-1.5462172,-1.351034,-1.4510185,2,4,6,4,7,7,3,7,5,7,8,4,8,5,4,6,5,8,1,7,0.1677297,0.65038934
-260.08829,1,0.99943065,1,1,0,260.13951,0.25357197,-1.6606031,-1.4478801,-1.5286543,-1.5382157,-1.702778,-1.3269739,-1.6285337,-1.537223,-1.3269739,-1.4487703,4,6,7,2,5,5,5,7,3,8,6,1,4,5,4,3,2,8,5,3,0.12719579,0.20434007
-260.08829,0.15011334,1.7715873,1,1,0,260.62141,0.25357197,-1.6606031,-1.4478801,-1.5286543,-1.5382157,-1.702778,-1.3269739,-1.6285337,-1.537223,-1.3269739,-1.4487703,4,2,4,6,3,2,2,8,3,7,5,5,5,4,5,1,5,5,3,2,0.12719579,0.48605813
-261.51639,0.95971468,0.30930842,2,7,0,262.18197,0.16274844,-1.6187967,-1.4630773,-1.5255057,-1.4681444,-1.627866,-1.19554,-1.6855521,-1.4956125,-1.19554,-1.4414785,3,5,3,6,7,3,6,5,2,7,7,3,8,4,4,5,3,8,2,7,-0.20142083,0.36645783
-260.12537,0.98426877,0.4919974,2,5,0,262.05038,0.26328015,-1.6655354,-1.4467557,-1.5300406,-1.5461117,-1.7121468,-1.3411765,-1.6228651,-1.5424793,-1.3411765,-1.4500647,5,5,3,4,5,5,4,7,1,6,3,4,6,3,7,1,5,7,2,7,0.15167529,0.68128605
-260.1048,1,0.82934527,1,1,0,260.12251,0.25891572,-1.6633069,-1.447249,-1.529392,-1.5425524,-1.7079011,-1.3347878,-1.6254033,-1.540096,-1.3347878,-1.4494707,4,1,7,3,6,1,3,7,1,7,6,2,5,2,6,3,5,7,2,5,0.14086587,0.51954256
-260.98909,0.55387831,1.4452672,1,1,0,260.99145,0.17890748,-1.6256653,-1.4597654,-1.5247819,-1.4801019,-1.6395652,-1.2187369,-1.6748816,-1.5020541,-1.2187369,-1.442127,6,5,8,4,6,3,2,8,4,3,6,6,6,2,8,3,4,7,1,7,-0.12624649,0.65155332
-261.02934,0.9951522,0.77244009,2,7,0,261.04516,0.32409503,-1.6984995,-1.4419849,-1.5434516,-1.5973137,-1.7772365,-1.4308373,-1.5892371,-1.5792451,-1.4308373,-1.4603612,8,3,7,5,6,1,6,8,5,6,6,4,7,5,7,2,5,8,4,3,0.27333817,0.32509259
-261.08652,0.52159225,1.3181729,2,3,0,261.79057,0.32646212,-1.6998551,-1.4418797,-1.5441406,-1.5993667,-1.7800008,-1.4343515,-1.587994,-1.5808151,-1.4343515,-1.4608372,8,1,6,2,8,3,1,6,2,2,5,3,5,3,8,7,4,4,2,5,0.27710707,0.89435418
-262.12562,0.81446364,0.65477372,1,1,0,262.14157,0.36184433,-1.7207737,-1.4410454,-1.5559609,-1.630583,-1.8234816,-1.4871019,-1.5700036,-1.6055903,-1.4871019,-1.4686122,6,5,5,6,7,5,3,7,5,8,3,2,6,4,4,5,1,6,1,4,0.32604525,0.43519142
-261.52581,1,0.69750373,1,1,0,262.16179,0.34286964,-1.7094025,-1.4413203,-1.5492659,-1.6137192,-1.7996551,-1.4587614,-1.5795136,-1.5919959,-1.4587614,-1.4642893,4,1,3,2,7,1,5,7,2,5,8,2,6,2,8,4,1,7,2,7,0.30148164,0.15028805
-260.69626,0.92017073,1.1910565,2,3,0,261.44652,0.30869808,-1.689815,-1.4428175,-1.539278,-1.5840691,-1.7596872,-1.4080235,-1.5974434,-1.5692931,-1.4080235,-1.4574014,5,2,7,4,6,2,6,5,2,3,7,1,6,5,6,2,2,6,1,8,0.24718928,0.41636994
-260.99495,0.91417578,1.6484453,1,3,0,261.00042,0.17870109,-1.625576,-1.4598061,-1.5247876,-1.4799477,-1.6394114,-1.2184401,-1.6750164,-1.5019693,-1.2184401,-1.4421169,3,3,2,5,8,1,3,6,2,6,2,2,7,3,7,2,3,5,4,7,-0.12714943,0.18628006
-260.99495,0.014146312,2.2363744,1,1,0,264.46617,0.17870109,-1.625576,-1.4598061,-1.5247876,-1.4799477,-1.6394114,-1.2184401,-1.6750164,-1.5019693,-1.2184401,-1.4421169,5,4,8,5,6,2,3,4,4,7,6,1,4,3,5,4,4,6,2,8,-0.12714943,0.53863516
-261.94452,0.98929275,0.32043205,3,7,0,261.99474,0.15212004,-1.6144124,-1.4653964,-1.5262815,-1.4604021,-1.6205416,-1.1803261,-1.6926945,-1.4915928,-1.1803261,-1.4412087,3,1,6,1,6,2,6,8,2,4,5,3,4,5,8,5,6,8,4,7,-0.25634207,0.30629314
-262.26431,0.98320538,0.52734859,1,1,0,262.29102,0.14514474,-1.6115925,-1.4669789,-1.5269196,-1.4553741,-1.6158925,-1.1703601,-1.6974355,-1.4890469,-1.1703601,-1.4410999,4,1,7,3,6,2,3,7,5,3,2,4,6,7,5,4,6,7,3,7,-0.29508749,0.31766175
-262.06568,1,0.84879477,1,1,0,262.51762,0.14939404,-1.6133049,-1.4660092,-1.5265187,-1.4584321,-1.6187098,-1.1764296,-1.6945423,-1.4905892,-1.1764296,-1.4411597,8,3,4,6,6,2,2,7,3,6,8,5,5,3,7,1,3,8,1,7,-0.27121473,0.18653451
-261.26807,1,1.4135711,1,1,0,262.30815,0.16982365,-1.6217739,-1.4615953,-1.525121,-1.4733524,-1.6329044,-1.2056868,-1.680852,-1.4983836,-1.2056868,-1.4417272,6,3,6,3,8,1,3,8,2,5,3,6,4,4,7,2,4,4,1,3,-0.1673524,0.69333214
-261.26807,6.9882342e-23,2.3371361,1,1,0,261.7243,0.16982365,-1.6217739,-1.4615953,-1.525121,-1.4733524,-1.6329044,-1.2056868,-1.680852,-1.4983836,-1.2056868,-1.4417272,7,3,7,3,7,3,6,8,4,2,7,3,7,4,7,2,5,6,2,5,-0.1673524,0.78985111
-260.79737,0.99702441,0.3461758,1,3,0,261.47717,0.18612882,-1.6288141,-1.4583694,-1.5246367,-1.4855177,-1.6450158,-1.2291293,-1.6701865,-1.5050633,-1.2291293,-1.442509,7,2,6,2,7,1,3,5,2,7,3,7,2,4,5,2,4,7,1,4,-0.095509991,0.4708952
-260.22344,1,0.56975062,2,3,0,260.75631,0.21923421,-1.6438791,-1.4526407,-1.5253899,-1.5109108,-1.6717973,-1.2769794,-1.6492446,-1.5199171,-1.2769794,-1.44498,5,5,3,1,6,2,5,7,3,5,6,4,6,8,8,3,5,8,2,6,0.02666475,0.6025609
-260.2264,0.99973324,0.93789558,2,3,0,260.26605,0.21895063,-1.6437457,-1.4526851,-1.5253735,-1.5106894,-1.6715552,-1.276568,-1.6494199,-1.5197824,-1.276568,-1.4449539,4,1,5,1,7,3,6,4,2,7,4,3,5,2,7,3,6,6,1,7,0.025733535,0.10740156
# Adaptation terminated
# Step size = 0.85908
# Diagonal elements of inverse mass matrix:
# 0.116342
-260.87961,0.82676774,0.85908044,1,3,0,261.412,0.31755657,-1.6947833,-1.442307,-1.5416141,-1.5916661,-1.7696931,-1.4211397,-1.5926964,-1.5749641,-1.4211397,-1.4590753,5,5,5,6,5,2,6,6,2,7,5,2,7,1,8,3,3,6,2,7,0.26258453,0.089152614
-260.13298,0.9661079,0.85908044,1,3,0,261.04305,0.23021268,-1.6491041,-1.4509867,-1.526157,-1.5195345,-1.6813417,-1.2929231,-1.6425109,-1.5252356,-1.2929231,-1.4460573,8,4,3,5,7,5,1,5,4,5,4,3,4,5,5,5,5,7,4,2,0.06136675,0.74466396
-260.19135,0.99542955,0.85908044,2,3,0,260.19458,0.22253524,-1.6454381,-1.4521304,-1.5255934,-1.5134932,-1.6746319,-1.2817694,-1.6472088,-1.5214954,-1.2817694,-1.4452906,6,5,5,4,8,3,6,6,4,4,5,4,4,3,8,3,8,6,1,7,0.037372702,0.28400879
-263.29743,0.5240028,0.85908044,1,3,0,264.1658,0.12638552,-1.6042339,-1.4714705,-1.5291409,-1.4420628,-1.6040033,-1.1436309,-1.7103961,-1.4825576,-1.1436309,-1.4410778,5,3,6,7,7,6,2,8,1,6,6,1,4,3,4,3,5,6,3,4,-0.41177502,0.58661033
-262.34692,1,0.85908044,2,3,0,263.31015,0.14345048,-1.6109144,-1.4673704,-1.5270899,-1.4541593,-1.6147821,-1.1679417,-1.6985934,-1.4884395,-1.1679417,-1.4410816,5,5,6,4,5,4,4,8,4,8,4,2,4,2,4,4,4,8,1,5,-0.30484905,0.54905647
-261.64925,1,0.85908044,2,3,0,262.3556,0.15926341,-1.6173474,-1.4638255,-1.5257339,-1.465595,-1.6254322,-1.1905476,-1.6878832,-1.4942756,-1.1905476,-1.4413762,7,3,7,6,8,3,6,7,2,8,8,2,3,4,5,1,5,6,1,5,-0.21891322,0.51811384
-262.42082,0.96498906,0.85908044,2,3,0,262.51656,0.14196859,-1.6103235,-1.4677152,-1.5272439,-1.4530987,-1.6138168,-1.1658271,-1.6996083,-1.4879117,-1.1658271,-1.4410683,4,1,6,2,7,2,1,8,3,6,6,1,3,1,5,6,6,5,1,6,-0.31350452,0.16827338
-262.61569,0.97514763,0.85908044,1,1,0,262.95206,0.1382028,-1.6088311,-1.468601,-1.5276558,-1.4504123,-1.611389,-1.1604564,-1.7021959,-1.4865851,-1.1604564,-1.4410455,6,2,8,6,7,2,1,8,2,8,3,4,6,4,5,3,1,6,2,8,-0.33600894,0.81543869
-260.09195,1,0.85908044,2,3,0,262.23387,0.23945894,-1.6535935,-1.4496896,-1.5270044,-1.5268752,-1.6896417,-1.3063807,-1.6369213,-1.5298703,-1.3063807,-1.447063,8,5,5,2,4,2,3,7,3,6,6,5,4,1,6,2,2,8,2,6,0.088660978,0.30248684
-260.08403,0.98636034,0.85908044,2,3,0,260.17986,0.25116957,-1.6593964,-1.4481735,-1.5283429,-1.5362737,-1.7005016,-1.3234639,-1.6299492,-1.5359474,-1.3234639,-1.448465,4,3,4,4,6,4,4,5,3,7,4,1,6,3,7,3,3,4,2,6,0.12088976,0.4095194
-261.2092,0.7378414,0.85908044,1,3,0,261.68386,0.17162715,-1.6225404,-1.4612255,-1.5250398,-1.4746868,-1.6342096,-1.2082758,-1.6796609,-1.4991022,-1.2082758,-1.4417994,6,3,4,5,4,4,6,6,3,3,4,3,4,2,7,3,5,6,2,6,-0.15896333,0.57074256
-260.09708,1,0.85908044,2,3,0,260.99423,0.25678928,-1.6622277,-1.4474966,-1.529091,-1.5408239,-1.7058526,-1.3316773,-1.626646,-1.5389469,-1.3316773,-1.4491884,6,2,5,2,5,4,3,7,1,8,4,3,5,3,5,3,3,6,2,4,0.13548435,0.42228627
-261.10881,0.54559423,0.85908044,2,3,0,263.19884,0.17483473,-1.623911,-1.4605757,-1.5249124,-1.477067,-1.636552,-1.2128827,-1.6775495,-1.5003926,-1.2128827,-1.4419366,5,2,5,4,3,1,3,4,4,5,4,3,5,1,4,3,3,5,3,7,-0.14432627,0.097690917
-261.61699,0.91970016,0.85908044,1,1,0,261.69723,0.16009254,-1.6176912,-1.4636464,-1.5256773,-1.4662006,-1.6260084,-1.191735,-1.6873277,-1.494592,-1.191735,-1.4413993,4,3,8,3,6,4,8,8,2,4,3,4,5,3,6,4,2,5,2,7,-0.21470734,0.77358097
-262.28517,0.90720405,0.85908044,1,1,0,262.39677,0.14471291,-1.6114194,-1.4670784,-1.5269624,-1.4550642,-1.6156088,-1.1697436,-1.6977304,-1.4888917,-1.1697436,-1.4410949,2,2,7,2,7,3,1,8,3,6,6,3,3,3,5,1,4,3,4,3,-0.29756204,0.75680886
-261.38171,1,0.85908044,1,1,0,262.19761,0.16648589,-1.6203636,-1.4622883,-1.5252893,-1.4708902,-1.6305112,-1.2008981,-1.6830639,-1.4970668,-1.2008981,-1.441603,6,1,7,2,7,6,7,8,1,3,6,2,3,2,3,3,3,7,1,6,-0.18318992,0.63120811
-260.52257,0.97370008,0.85908044,1,3,0,261.21971,0.1987195,-1.6344217,-1.4560603,-1.5246481,-1.4950664,-1.6548517,-1.2472875,-1.6621093,-1.510506,-1.2472875,-1.4433102,5,3,7,4,6,1,2,7,4,5,4,4,5,2,8,1,4,6,3,8,-0.045645741,0.51996889
-260.22468,0.97586348,0.85908044,2,3,0,260.78471,0.21911521,-1.6438231,-1.4526593,-1.525383,-1.5108179,-1.6716956,-1.2768068,-1.6493182,-1.5198606,-1.2768068,-1.4449691,3,2,2,2,2,3,7,7,4,4,4,3,6,3,7,4,3,8,1,8,0.02627419,0.073550609
-260.08499,1,0.85908044,2,3,0,260.20302,0.2518222,-1.6597237,-1.4480932,-1.5284263,-1.5368008,-1.7011183,-1.3244173,-1.6295642,-1.5362929,-1.3244173,-1.4485473,3,1,6,4,7,4,3,8,4,6,6,1,2,4,4,2,5,6,2,7,0.12261284,0.044296314
-261.9942,0.5182357,0.85908044,2,3,0,264.06904,0.357938,-1.7184036,-1.4410691,-1.5545148,-1.627088,-1.8184787,-1.4812576,-1.5719353,-1.6027323,-1.4812576,-1.4676934,7,3,8,2,6,1,6,7,2,6,3,1,3,4,6,4,3,6,4,3,0.32129357,0.69236884
-261.01341,0.5949543,0.85908044,1,3,0,264.41592,0.17805601,-1.6252973,-1.4599335,-1.5248063,-1.4794662,-1.6389316,-1.2175125,-1.6754381,-1.5017046,-1.2175125,-1.4420857,5,3,4,6,7,2,2,8,3,4,2,4,5,4,5,3,3,8,2,6,-0.12998066,0.57079987
-261.00841,1,0.85908044,1,1,0,261.2005,0.17822988,-1.6253724,-1.4598991,-1.5248011,-1.479596,-1.6390608,-1.2177625,-1.6753244,-1.5017759,-1.2177625,-1.4420941,5,3,8,2,7,3,3,8,1,6,7,3,7,5,4,5,2,6,2,7,-0.1292162,0.65588205
-260.73301,1,0.85908044,1,1,0,261.02798,0.18879509,-1.6299892,-1.4578671,-1.5246111,-1.4875286,-1.6470632,-1.2329705,-1.6684645,-1.506195,-1.2329705,-1.4426644,7,2,8,5,8,3,4,4,4,7,6,2,4,3,7,2,4,7,3,7,-0.084568151,0.85392851
-260.09833,1,0.85908044,1,3,0,260.68747,0.23741403,-1.6525936,-1.4499689,-1.5268011,-1.5252456,-1.6877853,-1.3034021,-1.6381511,-1.5288329,-1.3034021,-1.4468328,6,1,3,3,7,3,4,5,7,5,6,6,7,3,6,2,3,7,4,6,0.082769738,0.67283765
-260.90142,0.87997741,0.85908044,2,3,0,261.08254,0.18208992,-1.627047,-1.4591438,-1.5247043,-1.4824832,-1.6419502,-1.2233148,-1.6728069,-1.5033702,-1.2233148,-1.4422884,7,5,4,7,7,1,5,8,4,7,4,2,2,1,6,3,4,7,2,5,-0.11249806,0.65549219
-260.38028,0.9294583,0.85908044,1,3,0,261.74262,0.28968009,-1.679406,-1.4441993,-1.5348547,-1.5679721,-1.7390244,-1.3799513,-1.6078679,-1.5576113,-1.3799513,-1.4540742,3,2,5,3,8,4,3,7,6,4,7,3,4,4,7,2,7,5,2,7,0.21074154,0.87784583
-260.14059,1,0.85908044,1,1,0,260.31158,0.26587804,-1.6668706,-1.4464715,-1.5304465,-1.5482377,-1.7147003,-1.3449822,-1.6213622,-1.5439136,-1.3449822,-1.4504276,7,1,5,4,5,6,2,7,1,8,7,5,2,5,7,6,6,5,6,6,0.1579618,0.57359577
-260.4622,0.84750014,0.85908044,2,3,0,261.06611,0.29528472,-1.6824371,-1.4437518,-1.5360747,-1.5726857,-1.7449989,-1.388212,-1.6047628,-1.5609849,-1.388212,-1.4550168,6,4,6,5,5,2,3,7,5,8,2,5,6,1,7,2,3,7,3,3,0.22198283,0.22510963
-260.08153,1,0.85908044,1,3,0,260.4193,0.24830218,-1.6579635,-1.4485316,-1.5279877,-1.533962,-1.6978063,-1.319277,-1.6316453,-1.5344378,-1.319277,-1.4481085,2,5,6,5,3,4,2,8,3,3,7,3,3,4,6,3,3,5,2,6,0.11322979,0.39041312
-260.2487,0.97292837,0.85908044,2,3,0,260.27895,0.21690302,-1.6427844,-1.4530078,-1.5252603,-1.5090925,-1.6698136,-1.2735987,-1.650688,-1.5188133,-1.2735987,-1.4447677,7,1,6,3,3,1,7,8,3,7,4,1,3,3,8,2,2,6,1,4,0.018955811,0.64569578
-260.22462,1,0.85908044,1,1,0,260.2713,0.21912089,-1.6438258,-1.4526584,-1.5253833,-1.5108223,-1.6717005,-1.276815,-1.6493147,-1.5198633,-1.276815,-1.4449696,7,1,7,2,7,1,4,5,1,7,6,2,2,2,7,2,6,6,3,6,0.026292844,0.19352763
-260.40051,0.98729775,0.85908044,2,3,0,260.4063,0.20572504,-1.6376066,-1.4548446,-1.5248004,-1.5004373,-1.6605094,-1.2574122,-1.6576749,-1.5136434,-1.2574122,-1.4438299,5,1,5,3,8,3,5,8,4,2,7,3,5,4,6,6,3,4,3,5,-0.019780868,0.79653485
-260.4034,0.99939023,0.85908044,1,1,0,260.47512,0.20554378,-1.6375236,-1.4548755,-1.5247952,-1.5002979,-1.6603613,-1.25715,-1.657789,-1.5135613,-1.25715,-1.4438158,8,2,6,8,7,1,2,8,6,8,6,2,3,4,4,2,7,7,7,6,-0.020434148,0.80053293
-261.32933,0.92952886,0.85908044,2,3,0,261.34316,0.33587146,-1.705298,-1.4415226,-1.5470049,-1.6075714,-1.7911659,-1.4483391,-1.5831016,-1.5871628,-1.4483391,-1.4627843,3,2,5,8,6,3,5,7,1,7,4,4,5,3,6,2,2,8,3,6,0.29145315,0.19341517
-262.39612,0.69090079,0.85908044,1,1,0,262.66444,0.36953136,-1.7254816,-1.4410488,-1.5589098,-1.6374955,-1.8334767,-1.4986175,-1.5662419,-1.6113053,-1.4986175,-1.4704637,6,2,6,5,6,1,4,7,2,6,5,5,6,5,4,4,4,7,2,6,0.33494794,0.66024216
-260.15188,0.98117714,0.85908044,1,3,0,262.49635,0.2273821,-1.647746,-1.4514014,-1.5259345,-1.5173014,-1.6788487,-1.2888087,-1.644237,-1.5238453,-1.2888087,-1.4457674,5,3,8,3,8,2,5,6,2,6,3,3,5,2,6,2,5,8,4,7,0.052665406,0.52567577
-260.12473,0.96619187,0.85908044,2,3,0,260.39974,0.26316234,-1.665475,-1.4467688,-1.5300226,-1.5460154,-1.7120315,-1.341004,-1.6229334,-1.5424145,-1.341004,-1.4500484,4,3,6,2,8,2,2,7,3,6,3,1,5,3,8,1,1,7,3,5,0.15138762,0.38671737
-260.12473,0.91296366,0.85908044,1,3,0,260.53852,0.26316234,-1.665475,-1.4467688,-1.5300226,-1.5460154,-1.7120315,-1.341004,-1.6229334,-1.5424145,-1.341004,-1.4500484,5,6,5,6,8,6,7,8,4,4,5,6,5,4,8,2,4,7,2,8,0.15138762,0.74479094
-260.20297,0.93355782,0.85908044,2,3,0,260.52932,0.22128811,-1.6448479,-1.4523219,-1.5255138,-1.5125165,-1.6735574,-1.2799593,-1.6479768,-1.520897,-1.2799593,-1.4451719,8,1,6,5,6,3,3,8,3,5,6,3,5,5,8,3,3,7,2,6,0.033355545,0.79913204
-260.18727,1,0.85908044,1,1,0,260.22095,0.22298854,-1.645653,-1.4520612,-1.5256231,-1.5138486,-1.6750235,-1.2824274,-1.64693,-1.5217135,-1.2824274,-1.4453341,6,4,7,3,8,1,1,7,3,5,6,1,5,4,6,2,3,7,3,6,0.03882438,0.60950976
-260.21885,0.97569107,0.85908044,2,3,0,260.42982,0.21968052,-1.6440893,-1.4525711,-1.5254161,-1.5112594,-1.6721788,-1.2776268,-1.6489688,-1.5201295,-1.2776268,-1.4450213,7,2,4,5,6,1,1,4,5,6,2,1,2,1,6,3,6,5,2,5,0.028126638,0.33771042
-260.37861,0.93367407,0.85908044,1,3,0,260.73886,0.28955866,-1.6793406,-1.4442094,-1.5348291,-1.5678703,-1.7388961,-1.3797724,-1.6079355,-1.5575388,-1.3797724,-1.4540542,4,4,4,3,6,3,4,7,2,5,4,3,4,5,3,5,4,8,3,7,0.21049321,0.33074343
-260.21094,0.94848248,0.85908044,1,3,0,260.70906,0.22046863,-1.6444609,-1.4524486,-1.5254633,-1.5118754,-1.6728537,-1.2787702,-1.6484822,-1.5205052,-1.2787702,-1.4450948,3,2,7,5,7,3,6,8,6,7,5,1,3,2,5,1,6,8,2,7,0.03069726,0.70955722
-260.08405,0.90245481,0.85908044,2,3,0,261.00891,0.25118352,-1.6594034,-1.4481718,-1.5283447,-1.5362849,-1.7005147,-1.3234843,-1.629941,-1.5359547,-1.3234843,-1.4484668,6,2,6,4,6,3,3,6,4,3,6,3,3,4,7,3,3,8,1,5,0.12092666,0.50439863
-260.77378,0.84702294,0.85908044,1,3,0,260.85043,0.31257807,-1.6919817,-1.4425834,-1.5402795,-1.5873888,-1.7640396,-1.4137652,-1.5953558,-1.5717588,-1.4137652,-1.4581249,5,2,7,3,4,3,1,6,2,5,6,7,7,5,6,4,3,6,3,6,0.25405143,0.52174885
-260.88551,0.98817733,0.85908044,2,3,0,261.07607,0.31782465,-1.6949348,-1.4422929,-1.5416875,-1.591897,-1.7699998,-1.4215371,-1.5925539,-1.575138,-1.4215371,-1.4591272,5,2,3,4,8,3,2,8,5,5,6,4,6,3,7,3,1,8,2,7,0.26303547,0.85091983
-260.76752,1,0.85908044,1,1,0,261.03497,0.31227266,-1.6918106,-1.4426013,-1.5401994,-1.5871271,-1.7636953,-1.4133131,-1.5955196,-1.5715637,-1.4133131,-1.4580674,2,3,8,2,7,2,3,6,1,6,7,4,5,2,5,3,5,8,7,3,0.25351808,0.27605925
-260.438,1,0.85908044,1,1,0,260.72351,0.29369491,-1.6815742,-1.4438753,-1.5357215,-1.571346,-1.7432945,-1.3858677,-1.6056408,-1.5600221,-1.3858677,-1.4547462,4,1,5,4,7,2,2,7,3,7,4,6,4,5,5,1,4,7,3,7,0.2188377,0.51143742
-260.18838,0.87424259,0.85908044,2,3,0,261.15654,0.27239004,-1.670246,-1.4457904,-1.5315287,-1.5535911,-1.7211882,-1.3545313,-1.6176209,-1.5475611,-1.3545313,-1.4513677,8,2,5,3,8,3,5,8,2,6,5,5,7,4,6,1,8,7,2,5,0.17324905,0.66708378
-260.28622,0.99068713,0.85908044,2,3,0,260.30122,0.28223234,-1.6754249,-1.4448458,-1.5333412,-1.5617477,-1.7312319,-1.3689897,-1.6120369,-1.5532164,-1.3689897,-1.452871,5,1,2,2,5,3,6,7,1,6,2,4,6,4,7,4,7,7,4,4,0.19512548,0.16912951
-260.29091,0.99953943,0.85908044,2,3,0,260.34802,0.28263807,-1.6756404,-1.4448091,-1.5334205,-1.5620857,-1.7316521,-1.3695864,-1.6118085,-1.5534533,-1.3695864,-1.4529351,5,3,5,4,7,2,5,7,5,5,4,5,6,2,4,1,2,8,2,7,0.19599659,0.30201064
-260.8377,0.73191097,0.85908044,2,3,0,262.12629,0.18452645,-1.6281112,-1.4586747,-1.5246594,-1.4843122,-1.6437944,-1.2268219,-1.6712244,-1.5043885,-1.2268219,-1.4424194,8,4,7,5,7,1,4,6,2,6,7,6,6,3,7,3,3,6,2,7,-0.10218927,0.36884868
-260.77891,1,0.85908044,1,1,0,260.95692,0.18687961,-1.6291443,-1.4582272,-1.524628,-1.4860834,-1.6455904,-1.2302107,-1.669701,-1.5053808,-1.2302107,-1.442552,6,2,3,3,3,2,6,5,3,4,6,5,5,6,6,6,3,4,3,8,-0.092407312,0.2924939
-260.31873,1,0.85908044,2,3,0,260.68368,0.211272,-1.6401612,-1.4539173,-1.5249953,-1.5047193,-1.6650837,-1.2654397,-1.6541941,-1.5161836,-1.2654397,-1.4442786,4,1,7,4,7,2,2,8,5,5,7,3,4,2,6,1,4,6,3,5,-0.00018316446,0.81326007
-260.30357,1,0.85908044,1,1,0,260.36301,0.21240749,-1.6406878,-1.4537313,-1.5250432,-1.505599,-1.6660305,-1.2670842,-1.6534848,-1.5167098,-1.2670842,-1.4443745,7,1,3,5,6,5,2,7,4,5,3,2,4,5,5,3,6,7,1,7,0.0037363155,0.6648255
-260.08154,0.99904478,0.85908044,1,3,0,260.30094,0.24610744,-1.656872,-1.4488115,-1.5277279,-1.5321971,-1.6957592,-1.3160741,-1.6329483,-1.5332918,-1.3160741,-1.4478414,5,1,5,7,7,2,1,7,4,4,7,2,3,3,5,2,2,8,6,8,0.10726696,0.83794669
-260.08154,0.84230686,0.85908044,1,3,0,260.78985,0.24610744,-1.656872,-1.4488115,-1.5277279,-1.5321971,-1.6957592,-1.3160741,-1.6329483,-1.5332918,-1.3160741,-1.4478414,6,5,1,2,6,3,4,8,1,4,3,4,3,2,5,3,7,8,2,8,0.10726696,0.39601923
-260.23126,0.97461,0.85908044,2,3,0,260.26802,0.21849082,-1.6435295,-1.4527572,-1.5253473,-1.5103305,-1.6711631,-1.2759011,-1.6497044,-1.5195642,-1.2759011,-1.4449117,3,6,6,7,7,2,7,8,6,3,5,2,2,3,6,1,3,7,3,5,0.024219813,0.52369129
-260.73561,0.85590891,0.85908044,1,3,0,261.23808,0.31069486,-1.6909282,-1.442695,-1.5397892,-1.5857761,-1.7619213,-1.4109778,-1.5963674,-1.5705585,-1.4109778,-1.4577719,5,4,6,2,6,2,4,5,2,2,4,2,6,5,2,1,7,6,2,4,0.25074423,0.2547931
-260.73561,0.87035643,0.85908044,1,1,0,261.1605,0.31069486,-1.6909282,-1.442695,-1.5397892,-1.5857761,-1.7619213,-1.4109778,-1.5963674,-1.5705585,-1.4109778,-1.4577719,5,6,4,3,7,2,3,8,4,2,6,2,6,2,7,2,3,8,3,2,0.25074423,0.64151541
-260.17689,1,0.85908044,2,3,0,260.63349,0.2241861,-1.6462217,-1.4518794,-1.5257039,-1.5147881,-1.6760608,-1.2841662,-1.6461943,-1.5222914,-1.2841662,-1.4454502,7,3,8,4,8,4,5,6,2,6,6,2,3,4,6,1,6,7,2,7,0.042638106,0.34261805
-260.19171,0.99885528,0.85908044,2,3,0,260.21115,0.22249565,-1.6454194,-1.4521365,-1.5255908,-1.5134622,-1.6745977,-1.2817119,-1.6472332,-1.5214764,-1.2817119,-1.4452868,3,6,5,3,5,4,5,6,3,3,5,3,4,4,7,2,5,7,3,6,0.037245717,0.54597128
-260.3875,0.95704721,0.85908044,1,1,0,260.38878,0.20655178,-1.6379855,-1.4547044,-1.5248253,-1.5010739,-1.6611858,-1.258608,-1.6571544,-1.5140189,-1.258608,-1.4438947,8,1,6,8,8,3,4,7,3,4,3,6,7,3,7,2,3,7,2,6,-0.016811659,0.92610448
-260.92425,0.89769814,0.85908044,1,1,0,260.92496,0.181243,-1.6266783,-1.4593082,-1.5247229,-1.4818486,-1.6413129,-1.2220962,-1.6733581,-1.5030184,-1.2220962,-1.4422444,7,3,7,5,6,4,1,8,7,4,5,3,5,2,7,1,2,8,1,4,-0.11612508,0.4994688
-261.17387,0.9856786,0.85908044,2,3,0,261.28033,0.17273606,-1.6230131,-1.4609997,-1.5249933,-1.4755087,-1.6350163,-1.2098681,-1.67893,-1.4995465,-1.2098681,-1.4418455,3,6,8,1,6,2,7,7,2,6,5,4,5,5,4,1,3,7,3,5,-0.15386251,0.11232778
-260.23198,0.98918268,0.85908044,1,3,0,261.02855,0.21842361,-1.6434979,-1.4527677,-1.5253435,-1.510278,-1.6711058,-1.2758037,-1.649746,-1.5195323,-1.2758037,-1.4449056,6,3,7,4,5,3,3,6,1,5,6,3,8,4,5,2,2,6,2,8,0.023998142,0.3002622
-261.47443,0.82583868,0.85908044,2,3,0,261.89284,0.16388941,-1.6192736,-1.4628349,-1.5254365,-1.4689814,-1.6286697,-1.1971753,-1.6847912,-1.4960543,-1.1971753,-1.4415148,6,4,7,3,5,2,5,8,2,6,4,5,5,2,4,3,6,6,1,5,-0.19579832,0.65037845
-260.11907,1,0.85908044,2,3,0,261.18129,0.26207643,-1.664919,-1.4468898,-1.5298576,-1.5451285,-1.7109703,-1.3394139,-1.6235635,-1.5418187,-1.3394139,-1.4498989,7,2,7,6,7,5,3,7,4,5,7,1,7,1,7,3,4,8,4,7,0.14872533,0.4599301
-260.25285,0.96311134,0.85908044,1,1,0,260.25295,0.27920121,-1.67382,-1.4451258,-1.5327603,-1.5592274,-1.7281081,-1.3645336,-1.6137476,-1.5514564,-1.3645336,-1.4523975,4,1,7,3,4,4,4,8,1,4,8,4,6,1,4,3,3,8,2,6,0.18854165,0.66594544
-260.58203,0.96860108,0.85908044,2,3,0,260.59457,0.30252948,-1.6864003,-1.4432231,-1.537755,-1.5788161,-1.7528636,-1.3989052,-1.6007898,-1.5654309,-1.3989052,-1.4562822,6,3,4,4,8,2,4,8,5,3,8,4,6,3,3,3,4,8,2,6,0.23588789,0.71780435
-260.58203,0.52905384,0.85908044,1,1,0,261.8854,0.30252948,-1.6864003,-1.4432231,-1.537755,-1.5788161,-1.7528636,-1.3989052,-1.6007898,-1.5654309,-1.3989052,-1.4562822,7,2,5,4,5,1,3,6,4,6,5,2,2,2,8,3,5,7,1,8,0.23588789,0.2670257
-260.57095,1,0.85908044,1,1,0,260.72129,0.301897,-1.6860523,-1.443267,-1.5376036,-1.5782792,-1.7521706,-1.397971,-1.6011348,-1.5650389,-1.397971,-1.4561697,4,3,8,3,6,5,2,8,2,7,3,2,4,1,6,2,3,7,3,7,0.23470147,0.76728585
-262.64944,0.50181243,0.85908044,1,1,0,262.66389,0.37635715,-1.7297112,-1.4411079,-1.5616436,-1.6436724,-1.8425204,-1.5088595,-1.5629458,-1.6164823,-1.5088595,-1.4721559,6,2,6,3,7,5,6,6,2,7,7,4,3,5,6,5,3,7,2,5,0.34236532,0.46842215
-261.58515,1,0.85908044,1,1,0,262.62979,0.34489382,-1.7105986,-1.4412718,-1.5499407,-1.6155047,-1.8021403,-1.461779,-1.5784839,-1.5934118,-1.461779,-1.4647336,4,2,7,5,6,3,1,7,5,7,3,4,5,2,6,1,3,6,3,5,0.30428284,0.48150231
-260.74078,1,0.85908044,1,1,0,261.40897,0.31095266,-1.6910722,-1.4426795,-1.5398558,-1.5859967,-1.7622106,-1.4113593,-1.5962287,-1.5707224,-1.4113593,-1.45782,4,4,8,6,8,3,4,8,4,7,6,1,6,6,7,3,3,8,2,7,0.25119957,0.84677302
-261.61385,0.91640171,0.85908044,2,3,0,261.71467,0.3458595,-1.7111707,-1.4412503,-1.5502659,-1.6163576,-1.8033306,-1.4632191,-1.5779939,-1.5940902,-1.4632191,-1.464947,5,3,6,5,4,4,5,7,1,3,5,3,7,1,5,1,4,6,1,7,0.3056037,0.082014864
-261.61385,0.60312377,0.85908044,1,1,0,262.8726,0.3458595,-1.7111707,-1.4412503,-1.5502659,-1.6163576,-1.8033306,-1.4632191,-1.5779939,-1.5940902,-1.4632191,-1.464947,6,4,8,5,6,3,4,6,5,7,4,4,7,6,6,2,4,5,5,6,0.3056037,0.45049498
-261.27232,1,0.85908044,1,1,0,261.82188,0.33374575,-1.7040608,-1.4415948,-1.5463403,-1.6057117,-1.7886187,-1.4451766,-1.5842,-1.5857137,-1.4451766,-1.4623368,7,1,3,2,8,5,1,8,4,6,4,1,5,3,6,1,3,7,5,8,0.28829974,0.5110552
-261.27232,0.39363628,0.85908044,1,3,0,264.45143,0.33374575,-1.7040608,-1.4415948,-1.5463403,-1.6057117,-1.7886187,-1.4451766,-1.5842,-1.5857137,-1.4451766,-1.4623368,5,4,3,3,8,4,1,8,6,8,6,4,6,2,6,3,4,8,5,4,0.28829974,0.82443281
-260.97127,1,0.85908044,1,1,0,261.40099,0.32162153,-1.6970887,-1.4421012,-1.5427451,-1.5951732,-1.774367,-1.427167,-1.5905413,-1.577616,-1.427167,-1.4598697,3,4,7,3,3,4,2,7,1,8,8,6,2,3,7,3,5,7,2,5,0.26932974,0.23470927
-260.56275,1,0.85908044,1,1,0,260.92807,0.30142456,-1.6857926,-1.4433001,-1.5374912,-1.5778784,-1.7516538,-1.3972733,-1.6013928,-1.5647466,-1.3972733,-1.4560858,7,3,3,4,5,6,4,4,1,3,6,2,7,1,8,3,4,8,1,6,0.23381186,0.5381704
-260.34951,0.89300999,0.85908044,1,3,0,261.22181,0.20908043,-1.6391484,-1.4542799,-1.5249104,-1.5030244,-1.6632664,-1.2622669,-1.6555661,-1.5151741,-1.2622669,-1.4440974,6,2,2,4,6,2,2,8,7,5,5,6,3,2,7,1,3,5,1,6,-0.0078357941,0.57092516
-262.83935,0.65783579,0.85908044,1,3,0,263.21613,0.13411047,-1.6072244,-1.4695794,-1.5281371,-1.447507,-1.6087915,-1.154625,-1.7050218,-1.4851672,-1.154625,-1.4410389,6,1,3,3,6,5,3,8,3,4,5,3,7,6,3,2,5,3,2,6,-0.36132989,0.6606268
-260.0897,0.8707516,0.85908044,1,3,0,263.53505,0.25418653,-1.6609126,-1.447806,-1.528736,-1.5387133,-1.703363,-1.3278721,-1.6281724,-1.5375509,-1.3278721,-1.4488493,6,5,8,5,8,4,1,8,2,6,7,2,6,5,7,2,5,4,3,4,0.12879282,0.84020775
-260.12823,0.91018264,0.85908044,2,3,0,260.6025,0.23100349,-1.6494849,-1.4508723,-1.5262223,-1.5201595,-1.6820421,-1.2940731,-1.6420299,-1.5256264,-1.2940731,-1.4461398,6,3,6,3,8,1,2,6,5,3,4,1,4,2,5,4,6,4,1,8,0.06376817,0.58213594
-260.18512,0.98658369,0.85908044,1,1,0,260.18776,0.22323166,-1.6457684,-1.4520242,-1.5256393,-1.5140392,-1.6752338,-1.2827804,-1.6467806,-1.5218307,-1.2827804,-1.4453575,6,2,6,3,8,2,3,7,3,7,5,6,4,3,3,1,2,6,1,8,0.039601133,0.5989202
-260.12862,1,0.85908044,1,1,0,260.17444,0.23093754,-1.6494531,-1.4508819,-1.5262168,-1.5201074,-1.6819837,-1.2939772,-1.64207,-1.5255938,-1.2939772,-1.4461329,7,1,7,5,7,1,3,7,4,3,4,3,5,1,3,6,3,7,4,3,0.063568372,0.76673252
-260.09303,0.85250153,0.85908044,2,3,0,261.14604,0.23907721,-1.6534065,-1.4497414,-1.5269658,-1.5265707,-1.6892942,-1.3058246,-1.6371506,-1.5296761,-1.3058246,-1.4470197,8,2,8,2,7,6,3,7,4,5,4,3,6,6,4,3,6,8,2,6,0.087567372,0.69998019
-260.8288,0.8446067,0.85908044,1,3,0,260.98103,0.18487583,-1.6282643,-1.4586079,-1.524654,-1.4845748,-1.6440601,-1.2273249,-1.6709979,-1.5045353,-1.2273249,-1.4424387,3,5,4,4,8,3,4,8,3,7,7,4,5,4,6,2,4,7,1,6,-0.10072622,0.46039095
-260.24168,0.97667925,0.85908044,2,3,0,261.08604,0.21753133,-1.6430789,-1.4529083,-1.5252941,-1.5095822,-1.6703468,-1.2745097,-1.6502985,-1.51911,-1.2745097,-1.4448244,6,2,7,5,8,4,3,7,3,3,6,5,2,2,4,1,2,7,2,7,0.021045688,0.4612151
-260.14124,1,0.85908044,1,1,0,260.21953,0.22891962,-1.6484827,-1.4511751,-1.5260532,-1.5185136,-1.6802001,-1.2910433,-1.6432985,-1.5245988,-1.2910433,-1.4459238,7,3,4,4,8,1,5,8,3,6,4,4,2,4,6,1,2,5,1,5,0.057412465,0.14571291
-260.42354,0.91593802,0.85908044,1,3,0,260.66032,0.29272009,-1.6810463,-1.4439524,-1.5355078,-1.5705256,-1.7422532,-1.3844307,-1.6061802,-1.559434,-1.3844307,-1.4545815,7,1,6,2,3,5,3,7,2,7,6,4,4,2,4,2,3,5,3,6,0.21689225,0.23340722
-260.42354,0.78558298,0.85908044,1,1,0,260.97038,0.29272009,-1.6810463,-1.4439524,-1.5355078,-1.5705256,-1.7422532,-1.3844307,-1.6061802,-1.559434,-1.3844307,-1.4545815,5,4,3,1,7,4,3,6,3,4,3,2,7,4,6,2,2,7,2,8,0.21689225,0.37152336
-260.16741,1,0.85908044,2,3,0,260.3595,0.22533962,-1.6467707,-1.4517057,-1.5257846,-1.5156943,-1.6770638,-1.2858414,-1.6454868,-1.5228503,-1.2858414,-1.4455634,6,3,7,7,8,2,6,7,1,6,2,7,6,1,6,4,3,8,3,6,0.046282315,0.55229067
-260.13157,1,0.85908044,1,1,0,260.16445,0.2304421,-1.6492145,-1.4509535,-1.5261758,-1.5197158,-1.6815447,-1.2932567,-1.6423713,-1.5253489,-1.2932567,-1.4460811,7,2,6,2,6,1,4,7,1,3,6,4,5,2,4,4,1,8,1,2,0.06206474,0.32204109
-260.11223,0.99026754,0.85908044,2,3,0,260.20844,0.26065216,-1.6641913,-1.4470504,-1.5296451,-1.5439666,-1.7095837,-1.3373289,-1.6243915,-1.5410403,-1.3373289,-1.4497047,3,4,5,2,6,8,2,7,3,7,3,3,4,3,8,3,5,7,1,3,0.14520422,0.23692551
-260.15796,0.95702024,0.85908044,2,3,0,260.37438,0.22655795,-1.647352,-1.4515236,-1.5258729,-1.5166525,-1.6781271,-1.2876112,-1.6447409,-1.523443,-1.2876112,-1.4456845,3,2,6,3,8,3,2,8,5,6,2,4,3,2,6,3,6,7,3,3,0.050100413,0.80207534
-260.08645,0.85070575,0.85908044,2,3,0,261.20824,0.24182143,-1.6547536,-1.4493723,-1.5272505,-1.5287621,-1.6918011,-1.3098236,-1.6355051,-1.5310776,-1.3098236,-1.4473343,6,3,5,6,6,1,6,8,1,7,6,1,7,3,8,2,3,6,4,5,0.095367418,0.3341874
-260.17773,0.97431267,0.85908044,1,3,0,260.2208,0.27108707,-1.6695674,-1.4459231,-1.5313048,-1.5525172,-1.7198801,-1.3526195,-1.6183666,-1.5468253,-1.3526195,-1.4511761,5,2,2,3,8,3,2,8,2,3,6,5,6,4,5,2,3,7,3,7,0.17024325,0.86202829
-260.23657,0.98324981,0.85908044,1,1,0,260.25332,0.27761906,-1.6729859,-1.4452758,-1.5324652,-1.5579148,-1.7264884,-1.3622089,-1.6146437,-1.5505442,-1.3622089,-1.452154,7,3,3,6,8,2,5,8,5,2,2,4,6,1,8,3,6,5,1,5,0.18505141,0.61680795
-260.10732,1,0.85908044,1,3,0,260.2008,0.25953169,-1.6636203,-1.4471782,-1.529481,-1.5430538,-1.708497,-1.3356891,-1.6250441,-1.5404304,-1.3356891,-1.4495534,4,3,7,2,7,6,8,7,3,5,5,1,6,6,3,3,4,7,3,7,0.14241057,0.38783656
-260.14426,0.92862572,0.85908044,2,3,0,260.51068,0.22846977,-1.6482669,-1.4512411,-1.526018,-1.5181587,-1.679804,-1.2903894,-1.6435729,-1.5243779,-1.2903894,-1.4458778,4,3,4,6,5,3,3,5,1,4,4,5,4,3,7,5,1,5,1,6,0.056028673,0.27025101
-260.54397,0.92997969,0.85908044,1,3,0,260.55968,0.19760513,-1.6339194,-1.4562583,-1.5246335,-1.4942159,-1.653964,-1.2456784,-1.6628186,-1.5100141,-1.2456784,-1.4432324,5,4,5,3,7,2,4,8,2,6,3,6,6,2,6,2,6,5,3,7,-0.049879512,0.58868859
-261.13947,0.89299558,0.85908044,1,1,0,261.14606,0.17383649,-1.6234834,-1.4607768,-1.5249497,-1.4763253,-1.6358201,-1.2114486,-1.6782057,-1.4999893,-1.2114486,-1.4418927,4,4,5,1,7,2,3,8,4,2,3,3,8,2,5,1,5,8,2,6,-0.14884324,0.40521363
-260.52297,1,0.85908044,1,1,0,261.02583,0.19869811,-1.6344121,-1.4560641,-1.5246478,-1.4950501,-1.6548346,-1.2472566,-1.6621229,-1.5104965,-1.2472566,-1.4433087,5,3,5,1,6,1,2,7,1,7,6,4,2,6,7,1,4,6,2,6,-0.045726689,0.27135641
-260.22099,1,0.85908044,2,3,0,260.45694,0.2194719,-1.643991,-1.4526036,-1.5254038,-1.5110964,-1.6720004,-1.2773242,-1.6490977,-1.5200302,-1.2773242,-1.445002,4,2,7,5,8,4,3,7,3,5,6,4,8,2,6,4,1,7,2,4,0.027443856,0.51016751
-260.49464,0.94172753,0.85908044,1,1,0,260.49517,0.20021934,-1.6350997,-1.4557959,-1.5246719,-1.4962128,-1.6560518,-1.2494539,-1.6611563,-1.5111711,-1.2494539,-1.4434171,7,1,6,3,7,2,3,5,2,3,6,5,7,2,2,2,5,2,5,6,-0.040000116,0.52008861
-260.72843,0.9546858,0.85908044,1,1,0,260.76796,0.18899064,-1.6300756,-1.4578306,-1.5246098,-1.4876763,-1.6472142,-1.2332523,-1.6683385,-1.5062784,-1.2332523,-1.4426761,4,1,5,3,7,6,4,7,1,6,4,1,5,3,8,2,2,8,3,4,-0.08377402,0.73003841
-260.30793,1,0.85908044,1,1,0,260.64119,0.21207693,-1.6405343,-1.4537853,-1.525029,-1.5053428,-1.6657545,-1.2666054,-1.6536912,-1.5165564,-1.2666054,-1.4443465,6,2,7,3,7,4,4,6,1,2,6,2,8,7,5,5,5,4,2,6,0.0025984458,0.74360151
-260.42374,0.92775383,0.85908044,1,3,0,260.9468,0.29273372,-1.6810537,-1.4439513,-1.5355108,-1.5705371,-1.7422678,-1.3844508,-1.6061727,-1.5594423,-1.3844508,-1.4545838,8,2,7,2,6,4,1,8,3,5,5,3,6,4,8,1,1,6,3,4,0.21691953,0.93639092
-260.19136,1,0.85908044,1,1,0,260.36158,0.27274353,-1.6704304,-1.4457547,-1.5315902,-1.5538827,-1.7215439,-1.35505,-1.6174189,-1.5477612,-1.35505,-1.45142,6,4,6,3,8,1,5,7,5,8,2,1,4,4,7,4,6,8,1,8,0.17406,0.29469991
-260.20836,0.99513896,0.85908044,1,1,0,260.23546,0.27467349,-1.6714392,-1.4455621,-1.5319303,-1.5554765,-1.7234928,-1.3578829,-1.6163179,-1.5488578,-1.3578829,-1.4517076,7,5,5,2,5,1,2,6,3,5,5,1,6,1,8,2,3,4,2,3,0.17845391,0.28166413
-260.08148,1,0.85908044,1,3,0,260.19567,0.24815247,-1.6578889,-1.4485505,-1.5279697,-1.5338415,-1.6976662,-1.3190585,-1.631734,-1.5343594,-1.3190585,-1.4480901,6,4,4,4,7,2,4,7,6,1,6,1,4,3,6,3,3,3,1,4,0.11282581,0.51486798
-260.27074,0.95441863,0.85908044,1,3,0,260.30129,0.28085874,-1.6746966,-1.4449715,-1.5330755,-1.5606047,-1.7298129,-1.36697,-1.6128111,-1.5524168,-1.36697,-1.4526553,7,1,8,2,7,3,3,7,3,8,8,3,2,7,6,2,4,3,1,2,0.19215856,0.55429034
-260.27074,0.72979061,0.85908044,1,1,0,260.97483,0.28085874,-1.6746966,-1.4449715,-1.5330755,-1.5606047,-1.7298129,-1.36697,-1.6128111,-1.5524168,-1.36697,-1.4526553,4,4,8,7,4,2,3,6,3,6,5,4,4,1,6,1,3,7,4,7,0.19215856,0.63985656
-261.1562,0.76124273,0.85908044,1,1,0,261.1569,0.32926235,-1.7014659,-1.4417633,-1.544972,-1.601801,-1.7832939,-1.4385112,-1.5865298,-1.5826863,-1.4385112,-1.4614075,4,3,6,4,3,1,5,8,6,3,4,1,7,5,5,2,6,8,4,7,0.28148184,0.71662211
-260.75237,1,0.85908044,1,1,0,261.17004,0.31152782,-1.6913937,-1.4426452,-1.5400051,-1.5864891,-1.7628569,-1.4122106,-1.5959196,-1.5710886,-1.4122106,-1.4579276,2,5,5,2,3,3,4,8,2,5,6,6,7,3,7,2,4,8,2,2,0.25221247,0.18041053
-260.45148,1,0.85908044,1,1,0,260.72389,0.29458645,-1.6820578,-1.4438057,-1.5359189,-1.572097,-1.7442494,-1.3871822,-1.6051481,-1.5605614,-1.3871822,-1.4548976,7,3,6,2,6,3,2,8,2,6,3,5,4,6,8,5,4,7,7,7,0.22060564,0.28552123
-260.13174,1,0.85908044,2,3,0,260.3911,0.23041441,-1.6492012,-1.4509575,-1.5261736,-1.5196939,-1.6815202,-1.2932165,-1.6423881,-1.5253352,-1.2932165,-1.4460783,7,3,7,2,8,2,5,8,5,5,6,1,4,1,5,1,6,8,1,6,0.06198057,0.67456342
-261.40447,0.72424302,0.85908044,1,3,0,261.82438,0.33860503,-1.7068956,-1.4414372,-1.5478748,-1.6099682,-1.794463,-1.4524083,-1.5816949,-1.5890392,-1.4524083,-1.4633664,5,1,5,2,8,5,4,7,4,5,5,1,8,5,7,1,4,5,4,7,0.29543443,0.42878646
-260.11171,1,0.85908044,1,3,0,261.09589,0.2605367,-1.6641324,-1.4470635,-1.529628,-1.5438725,-1.7094715,-1.3371599,-1.6244587,-1.5409773,-1.3371599,-1.449689,5,3,6,5,8,3,2,8,4,5,6,5,4,3,8,4,5,8,5,3,0.1449173,0.64459593
-260.11332,0.98581182,0.85908044,2,3,0,260.20382,0.26088831,-1.6643118,-1.4470236,-1.52968,-1.5441592,-1.7098132,-1.3376746,-1.6242541,-1.5411691,-1.3376746,-1.4497367,5,4,8,4,8,4,3,5,5,4,5,4,6,2,6,4,7,6,2,5,0.14579034,0.7425488
-260.08958,0.99670346,0.85908044,1,3,0,260.13705,0.24037581,-1.6540431,-1.4495658,-1.5270985,-1.5276069,-1.6904779,-1.3077167,-1.6363711,-1.5303377,-1.3077167,-1.4471676,8,2,8,5,8,1,4,7,2,6,7,5,6,3,7,4,5,6,3,6,0.091276312,0.57872697
-260.80145,0.89232463,0.85908044,2,3,0,260.94932,0.18596437,-1.6287419,-1.4584006,-1.5246388,-1.4853939,-1.6448901,-1.2288925,-1.6702929,-1.5049939,-1.2288925,-1.4424997,6,4,7,5,7,3,5,8,2,2,7,4,5,1,5,3,6,7,3,6,-0.096191849,0.8653472
-260.25003,0.99020772,0.85908044,1,3,0,260.68932,0.21678528,-1.6427292,-1.4530265,-1.5252541,-1.5090008,-1.6697138,-1.273428,-1.650761,-1.5187578,-1.273428,-1.4447571,6,2,8,6,7,4,5,8,4,7,4,6,6,3,5,1,4,8,2,4,0.018563169,0.67775397
-261.1326,0.78254678,0.85908044,1,3,0,261.77413,0.32832392,-1.7009252,-1.4418014,-1.5446914,-1.6009845,-1.7821875,-1.4371169,-1.5870197,-1.5820575,-1.4371169,-1.4612155,2,2,3,3,7,2,6,7,2,7,3,4,5,4,7,2,4,8,1,5,0.28002579,0.070884026
-260.70109,1,0.85908044,1,1,0,261.11909,0.3089466,-1.6899533,-1.442802,-1.5393411,-1.5842814,-1.7599646,-1.4083911,-1.5973093,-1.5694502,-1.4083911,-1.4574473,7,1,7,5,7,6,6,6,6,4,5,5,3,3,6,4,5,6,2,6,0.24763447,0.35999156
-260.46487,1,0.85908044,1,1,0,260.70391,0.29545692,-1.6825307,-1.4437385,-1.5361132,-1.5728309,-1.745184,-1.388466,-1.6046678,-1.5610894,-1.388466,-1.4550463,7,1,7,1,6,2,1,8,4,2,5,3,8,3,4,2,1,6,3,6,0.22232144,0.64613208
-260.11389,1,0.85908044,2,3,0,260.4193,0.2336823,-1.6507792,-1.4504897,-1.5264534,-1.5222807,-1.684428,-1.2979699,-1.6404047,-1.526958,-1.2979699,-1.4464241,6,5,3,3,4,2,2,6,1,7,6,2,7,3,7,1,4,2,2,8,0.071808256,0.25550619
-260.17358,0.99525502,0.85908044,2,3,0,260.17421,0.22458207,-1.64641,-1.4518196,-1.5257313,-1.515099,-1.6764047,-1.2847412,-1.6459513,-1.522483,-1.2847412,-1.4454889,5,3,5,4,8,1,4,8,2,6,4,5,5,2,7,2,3,6,1,7,0.043892258,0.52767084
-260.10151,0.99957177,0.85908044,1,3,0,260.15624,0.23654361,-1.6521692,-1.4500891,-1.5267173,-1.524553,-1.6869987,-1.3021346,-1.6386756,-1.5283935,-1.3021346,-1.4467362,6,3,7,1,8,3,4,8,1,8,4,3,5,5,7,1,6,2,2,6,0.080237513,0.40155747
-260.08309,0.96859169,0.85908044,2,3,0,260.30872,0.2504155,-1.6590188,-1.4482669,-1.5282478,-1.5356651,-1.6997905,-1.3223626,-1.6303945,-1.535549,-1.3223626,-1.4483704,6,6,6,2,7,5,5,8,3,6,6,4,4,2,5,2,8,7,1,4,0.11888951,0.76145038
-260.08355,0.99995966,0.85908044,2,3,0,260.08392,0.25080788,-1.6592153,-1.4482182,-1.5282972,-1.5359817,-1.7001603,-1.3229357,-1.6301627,-1.5357562,-1.3229357,-1.4484196,3,3,7,5,7,3,2,8,1,6,8,4,2,2,7,2,5,7,1,5,0.1199316,0.41232513
-260.49211,0.90634492,0.85908044,1,3,0,260.53911,0.29718422,-1.6834713,-1.4436077,-1.5365039,-1.5742889,-1.7470455,-1.391014,-1.6037166,-1.5621412,-1.391014,-1.4553435,5,3,5,3,5,4,7,4,7,3,4,1,7,6,5,2,5,8,5,3,0.22569595,0.40814189
-260.19993,0.85045342,0.85908044,2,3,0,261.34223,0.27373342,-1.6709474,-1.4456554,-1.5317636,-1.5546998,-1.7225421,-1.3565029,-1.6168538,-1.5483228,-1.3565029,-1.451567,4,2,5,1,7,3,3,7,2,7,4,4,6,1,4,1,3,8,3,6,0.17632075,0.27297923
-260.08999,0.99448796,0.85908044,1,3,0,260.23231,0.24020849,-1.653961,-1.4495883,-1.5270812,-1.5274733,-1.6903251,-1.3074728,-1.6364715,-1.5302523,-1.3074728,-1.4471484,5,1,6,7,7,5,4,8,1,5,3,2,5,3,5,2,4,6,2,4,0.090800236,0.63917138
-260.0914,0.92629431,0.85908044,2,3,0,260.58804,0.23966202,-1.653693,-1.4496621,-1.5270251,-1.5270372,-1.6898267,-1.3066766,-1.6367994,-1.5299737,-1.3066766,-1.4470861,3,3,7,3,7,3,6,7,5,8,6,4,6,5,7,2,1,7,4,5,0.089241649,0.3689144
-260.18503,0.98130814,0.85908044,1,3,0,260.18921,0.22324165,-1.6457731,-1.4520227,-1.5256399,-1.514047,-1.6752424,-1.2827949,-1.6467744,-1.5218355,-1.2827949,-1.4453585,5,5,4,3,7,4,6,7,2,8,5,4,5,2,7,2,2,8,1,6,0.039633016,0.20436182
-260.11779,1,0.85908044,2,3,0,260.16961,0.23290364,-1.6504022,-1.4506001,-1.5263846,-1.5216635,-1.6837324,-1.2968369,-1.6408764,-1.5265697,-1.2968369,-1.4463407,5,7,4,5,7,2,4,8,3,8,3,5,7,2,6,1,3,8,2,5,0.069486137,0.36780961
-260.10343,0.99187635,0.85908044,2,3,0,260.18281,0.25856474,-1.6631284,-1.4472895,-1.5293416,-1.5422668,-1.7075621,-1.3342743,-1.6256081,-1.5399058,-1.3342743,-1.4494238,6,4,5,6,6,1,5,6,2,4,5,2,3,3,5,4,4,8,2,6,0.13998286,0.59584628
-260.12456,0.99423728,0.85908044,1,1,0,260.12717,0.26313094,-1.6654589,-1.4467722,-1.5300178,-1.5459897,-1.7120007,-1.340958,-1.6229516,-1.5423972,-1.340958,-1.4500441,4,4,7,1,8,2,5,8,4,6,4,3,4,4,8,1,3,5,2,4,0.1513109,0.50418265
-260.90013,0.83829002,0.85908044,1,3,0,260.92239,0.31848478,-1.6953083,-1.4422584,-1.5418691,-1.5924658,-1.7707558,-1.4225155,-1.5922031,-1.5755668,-1.4225155,-1.4592553,4,2,6,3,5,2,7,7,4,7,4,3,3,2,8,2,3,6,2,3,0.26414218,0.35855211
-260.21774,1,0.85908044,1,1,0,260.69432,0.27568566,-1.6719697,-1.4454627,-1.5321119,-1.5563135,-1.7245192,-1.3593691,-1.6157417,-1.5494355,-1.3593691,-1.45186,2,2,7,5,6,3,2,8,5,6,5,4,5,1,6,1,4,7,4,5,0.18073568,0.54191435
-260.37907,0.95363557,0.85908044,1,1,0,260.39529,0.28959233,-1.6793587,-1.4442066,-1.5348362,-1.5678985,-1.7389316,-1.379822,-1.6079168,-1.5575589,-1.379822,-1.4540597,8,5,3,4,8,2,2,8,2,5,6,5,6,2,5,1,2,6,2,8,0.21056207,0.70260431
-261.04588,0.67776255,0.85908044,1,3,0,262.25838,0.17693921,-1.6248156,-1.4601549,-1.5248406,-1.4786334,-1.6381035,-1.2159071,-1.6761691,-1.5012479,-1.2159071,-1.4420327,5,6,3,2,7,6,3,8,8,6,4,6,7,3,7,1,7,5,3,8,-0.13491479,0.69701615
-261.75702,0.88933461,0.85908044,1,1,0,261.79854,0.15656697,-1.6162339,-1.4644126,-1.525928,-1.4636296,-1.6235706,-1.1866874,-1.6896942,-1.4932539,-1.1866874,-1.4413063,5,4,3,6,8,1,3,8,4,6,5,7,4,4,6,8,5,6,2,7,-0.23278675,0.48624585
-260.99951,1,0.85908044,2,3,0,261.66248,0.17854097,-1.6255068,-1.4598377,-1.5247922,-1.4798282,-1.6392922,-1.2182098,-1.6751211,-1.5019035,-1.2182098,-1.4421091,3,3,5,7,8,4,4,8,2,5,5,2,2,5,7,3,1,8,2,5,-0.12785093,0.71977454
-260.09069,0.96149645,0.85908044,1,3,0,261.17419,0.25458933,-1.6611157,-1.4477577,-1.52879,-1.5390395,-1.703747,-1.3284608,-1.6279358,-1.5377662,-1.3284608,-1.4489013,5,7,6,6,8,3,3,7,5,5,7,3,2,4,5,1,1,4,3,8,0.12983599,0.45016973
-260.09069,0.51357733,0.85908044,1,3,0,263.12694,0.25458933,-1.6611157,-1.4477577,-1.52879,-1.5390395,-1.703747,-1.3284608,-1.6279358,-1.5377662,-1.3284608,-1.4489013,6,7,8,3,8,1,6,8,3,7,5,3,5,4,6,7,7,7,5,3,0.12983599,0.48634308
-260.09328,0.98116055,0.85908044,2,3,0,260.20029,0.23898936,-1.6533635,-1.4497534,-1.5269569,-1.5265006,-1.6892143,-1.3056966,-1.6372034,-1.5296315,-1.3056966,-1.4470097,1,3,4,4,5,2,6,3,2,8,4,5,7,5,5,6,7,7,2,7,0.08731529,0.20593873
-260.72805,0.84868853,0.85908044,1,3,0,260.91018,0.31031556,-1.6907164,-1.4427179,-1.5396914,-1.5854516,-1.761496,-1.4104165,-1.5965715,-1.5703176,-1.4104165,-1.4577012,3,2,8,2,4,1,4,5,3,7,5,3,6,2,7,1,2,5,1,3,0.25007279,0.47923586
-261.68302,0.72902759,0.85908044,1,1,0,261.77469,0.34815259,-1.7125328,-1.4412034,-1.5510468,-1.6183859,-1.8061694,-1.4666399,-1.5768338,-1.5957084,-1.4666399,-1.4654574,5,2,7,5,6,3,7,8,1,6,6,2,5,2,7,1,2,7,1,4,0.30870027,0.78801647
-263.24585,0.57458315,0.85908044,1,1,0,263.59094,0.3912781,-1.7391186,-1.4414218,-1.568,-1.6573019,-1.8628507,-1.531303,-1.5558851,-1.6281401,-1.531303,-1.4760122,1,6,5,3,4,3,2,6,3,6,8,4,5,2,4,2,4,8,6,3,0.35702899,0.36193463
-260.42906,1,0.85908044,2,3,0,263.22306,0.20397221,-1.6368053,-1.4551441,-1.5247525,-1.4990896,-1.6590813,-1.2548775,-1.6587804,-1.5128511,-1.2548775,-1.443695,8,1,5,3,6,6,4,8,2,5,3,2,4,1,5,4,3,5,2,2,-0.026133224,0.78143963
-260.11178,0.97479566,0.85908044,1,3,0,260.5718,0.26055329,-1.6641409,-1.4470616,-1.5296305,-1.543886,-1.7094876,-1.3371842,-1.624449,-1.5409864,-1.3371842,-1.4496913,4,3,6,3,8,3,3,8,3,4,7,6,3,7,5,6,3,4,3,5,0.14495853,0.64312346
-260.11766,0.97958667,0.85908044,2,3,0,260.23987,0.23292877,-1.6504144,-1.4505966,-1.5263868,-1.5216835,-1.6837548,-1.2968735,-1.6408612,-1.5265822,-1.2968735,-1.4463434,5,5,5,3,4,1,3,8,4,4,6,4,7,2,3,2,5,7,1,6,0.069561266,0.40141161
-260.08596,0.90512367,0.85908044,2,3,0,260.80565,0.24208936,-1.6548856,-1.4493367,-1.5272792,-1.5289764,-1.692047,-1.3102141,-1.6353448,-1.5312151,-1.3102141,-1.4473654,5,4,6,6,6,4,3,8,5,7,3,3,6,1,7,3,6,8,3,6,0.096121319,0.51303137
-260.27176,0.95113409,0.85908044,1,3,0,260.33642,0.28095027,-1.674745,-1.444963,-1.5330931,-1.5606808,-1.7299073,-1.3671046,-1.6127595,-1.55247,-1.3671046,-1.4526696,6,1,4,6,8,6,4,7,2,6,3,2,5,4,7,3,5,7,2,6,0.19235712,0.39806623
-260.29304,0.8558712,0.85908044,2,3,0,261.08936,0.28282139,-1.6757379,-1.4447925,-1.5334565,-1.5622384,-1.7318422,-1.369856,-1.6117054,-1.5535604,-1.369856,-1.4529641,4,2,1,4,7,2,3,7,5,5,2,1,4,3,7,4,3,7,6,6,0.19638939,0.24847121
-260.11545,0.98235752,0.85908044,1,3,0,260.39908,0.23336655,-1.6506263,-1.4505344,-1.5264254,-1.5220304,-1.6841457,-1.2975104,-1.6405959,-1.5268004,-1.2975104,-1.4463902,7,3,3,7,7,8,6,6,2,7,2,4,4,4,6,6,3,8,1,4,0.07086809,0.56013074
-260.11545,0.7138757,0.85908044,1,3,0,261.51753,0.23336655,-1.6506263,-1.4505344,-1.5264254,-1.5220304,-1.6841457,-1.2975104,-1.6405959,-1.5268004,-1.2975104,-1.4463902,6,6,6,4,4,5,4,7,3,5,7,2,6,2,6,4,5,8,1,1,0.07086809,0.64328287
-260.31263,0.95778023,0.85908044,2,3,0,260.45105,0.21172439,-1.6403708,-1.453843,-1.525014,-1.5050697,-1.6654605,-1.2660948,-1.6539114,-1.516393,-1.2660948,-1.4443167,5,1,7,4,7,4,4,7,5,7,5,2,7,7,3,1,4,7,1,8,0.0013820914,0.83604814
-260.30896,1,0.85908044,1,1,0,260.36369,0.21199976,-1.6404985,-1.4537979,-1.5250257,-1.505283,-1.6656901,-1.2664936,-1.6537394,-1.5165206,-1.2664936,-1.44434,6,4,5,2,5,1,4,6,3,7,3,4,8,2,8,2,7,3,1,7,0.0023324593,0.20343324
-263.19227,0.59450349,0.85908044,1,3,0,263.76037,0.12808815,-1.6048883,-1.4710487,-1.5289089,-1.4432582,-1.6050458,-1.1460525,-1.7092071,-1.4831253,-1.1460525,-1.4410634,4,3,7,5,8,5,6,8,5,6,6,6,3,2,6,1,2,7,2,7,-0.40034408,0.69023946
-262.17172,1,0.85908044,1,1,0,263.16383,0.14709333,-1.6123756,-1.466532,-1.5267311,-1.4567745,-1.6171787,-1.1731427,-1.6961068,-1.4897508,-1.1731427,-1.4411248,3,7,8,1,7,1,7,8,2,6,4,1,2,3,1,1,6,7,3,6,-0.28403369,0.42823604
-263.14555,0.88270236,0.85908044,1,1,0,263.25584,0.12885748,-1.6051848,-1.4708591,-1.5288061,-1.4437992,-1.6055192,-1.147147,-1.7086707,-1.4833832,-1.147147,-1.441058,5,1,7,3,6,2,3,6,5,1,4,7,3,3,2,1,4,4,2,5,-0.39523853,0.57474167
-260.52912,0.9629125,0.85908044,1,3,0,262.95228,0.19837524,-1.6342664,-1.4561213,-1.5246433,-1.4948035,-1.6545771,-1.2467904,-1.6623283,-1.5103538,-1.2467904,-1.4432861,7,2,6,4,7,4,5,8,3,7,6,4,8,5,5,2,4,6,4,5,-0.046950074,0.65093039
-260.52912,0.82322801,0.85908044,1,3,0,261.66375,0.19837524,-1.6342664,-1.4561213,-1.5246433,-1.4948035,-1.6545771,-1.2467904,-1.6623283,-1.5103538,-1.2467904,-1.4432861,3,3,4,7,5,4,1,7,2,5,6,7,3,2,7,3,2,6,4,5,-0.046950074,0.54068204
-260.86666,0.85128441,0.85908044,1,3,0,261.92392,0.31696477,-1.694449,-1.4423384,-1.5414525,-1.5911566,-1.769017,-1.4202627,-1.5930114,-1.5745806,-1.4202627,-1.4589611,7,5,8,5,6,2,3,8,3,4,3,6,4,6,8,3,4,8,1,7,0.26158599,0.67873678
-263.21248,0.74939777,0.85908044,2,3,0,263.27518,0.39048007,-1.7386098,-1.4413985,-1.5676467,-1.6565685,-1.8617436,-1.5301008,-1.5562577,-1.6275046,-1.5301008,-1.4758005,3,5,7,6,4,4,2,7,5,3,7,2,6,3,8,3,2,8,7,7,0.35629749,0.62256294
-260.09266,1,0.85908044,1,3,0,262.86147,0.23920364,-1.6534685,-1.4497242,-1.5269785,-1.5266715,-1.6894093,-1.3060088,-1.6370746,-1.5297404,-1.3060088,-1.447034,7,4,3,3,8,4,4,8,1,5,3,2,8,6,7,3,6,7,5,5,0.08792989,0.47390932
-260.52238,0.8925274,0.85908044,1,3,0,260.66403,0.29904066,-1.6844854,-1.4434707,-1.5369312,-1.5758586,-1.7490562,-1.3937536,-1.6026973,-1.5632778,-1.3937536,-1.4556662,7,1,4,3,8,2,2,7,5,7,5,1,4,4,7,1,3,8,4,4,0.22927834,0.7329787
-260.20952,1,0.85908044,2,3,0,260.43512,0.27480048,-1.6715057,-1.4455496,-1.5319529,-1.5555814,-1.7236214,-1.3580693,-1.6162455,-1.5489302,-1.3580693,-1.4517267,6,2,4,4,6,1,3,8,5,6,4,2,6,7,7,3,4,8,3,6,0.17874104,0.52163604
-260.09926,1,0.85908044,2,3,0,260.18654,0.23715082,-1.6524652,-1.4500052,-1.5267756,-1.5250361,-1.6875472,-1.3030188,-1.6383096,-1.5286999,-1.3030188,-1.4468035,7,2,3,6,8,3,1,5,1,3,4,2,4,5,7,1,4,8,4,2,0.082005563,0.39537533
-260.51801,0.94103512,0.85908044,2,3,0,260.60835,0.29877648,-1.6843409,-1.4434899,-1.5368699,-1.5756351,-1.7487694,-1.3933637,-1.6028422,-1.5631157,-1.3933637,-1.4556201,4,5,4,2,5,7,3,8,5,7,6,4,4,5,4,4,2,7,3,7,0.22877133,0.29063191
-260.38313,1,0.85908044,1,1,0,260.54175,0.28988644,-1.679517,-1.4441822,-1.5348984,-1.5681452,-1.7392427,-1.3802552,-1.6077531,-1.5577345,-1.3802552,-1.4541084,8,2,8,5,6,5,2,8,2,5,7,3,6,6,7,4,3,7,3,5,0.21116308,0.75325611
-260.35566,0.89679537,0.85908044,1,3,0,261.0017,0.20865858,-1.638954,-1.4543503,-1.5248953,-1.5026987,-1.6629181,-1.2616564,-1.6558307,-1.5149806,-1.2616564,-1.4440631,8,5,3,5,7,3,4,8,5,6,4,1,6,1,7,2,4,2,2,5,-0.0093222695,0.61282481
-260.08448,1,0.85908044,1,3,0,260.33744,0.24298629,-1.6553276,-1.449218,-1.5273763,-1.5296942,-1.6928717,-1.3115218,-1.6348086,-1.5316763,-1.3115218,-1.4474702,6,4,4,2,5,3,5,4,2,6,6,1,4,4,3,1,2,7,2,7,0.098635305,0.26587561
-260.08152,0.96367545,0.85908044,2,3,0,260.3001,0.24826617,-1.6579455,-1.4485362,-1.5279834,-1.533933,-1.6977726,-1.3192245,-1.6316666,-1.5344189,-1.3192245,-1.4481041,5,2,8,6,7,2,5,7,4,5,6,1,6,5,5,1,7,8,4,6,0.11313266,0.75314558
-260.4117,0.91740861,0.85908044,1,3,0,260.51605,0.20502834,-1.6372877,-1.4549633,-1.5247806,-1.4999013,-1.6599407,-1.2564046,-1.6581139,-1.5133279,-1.2564046,-1.4437759,6,1,7,2,8,1,1,8,3,4,4,1,3,1,4,2,4,7,1,5,-0.022296403,0.42102096
-260.08847,0.98635444,0.85908044,1,3,0,260.4759,0.25365133,-1.660643,-1.4478705,-1.5286648,-1.5382799,-1.7028534,-1.3270899,-1.628487,-1.5372653,-1.3270899,-1.4487805,5,1,8,3,8,4,3,8,4,6,4,4,6,2,7,2,3,7,3,1,0.12740239,0.57598024
-260.11487,0.99506123,0.85908044,1,3,0,260.11487,0.26121862,-1.6644805,-1.4469862,-1.5297291,-1.5444285,-1.7101344,-1.3381581,-1.6240619,-1.5413494,-1.3381581,-1.4497817,5,4,8,5,6,2,3,7,3,3,4,5,6,5,2,3,5,4,1,7,0.14660865,0.55222503
-260.08847,0.99511264,0.85908044,2,3,0,260.14882,0.25365185,-1.6606433,-1.4478705,-1.5286649,-1.5382804,-1.7028539,-1.3270906,-1.6284867,-1.5372656,-1.3270906,-1.4487805,5,3,5,7,8,4,6,7,6,7,5,4,4,3,6,3,6,3,3,5,0.12740376,0.38387747
-260.09781,0.99916799,0.85908044,2,3,0,260.09837,0.25700824,-1.6623386,-1.4474709,-1.5291215,-1.5410017,-1.7060629,-1.3319976,-1.6265178,-1.5390648,-1.3319976,-1.4492173,4,3,4,5,8,3,3,8,2,8,6,3,4,4,8,1,4,6,4,5,0.13604202,0.22582978
-260.08617,1,0.85908044,1,1,0,260.09479,0.25251173,-1.6600699,-1.4480089,-1.5285154,-1.537358,-1.7017713,-1.3254246,-1.6291578,-1.5366588,-1.3254246,-1.4486348,5,1,4,3,4,3,3,7,1,3,4,3,6,2,6,1,2,7,4,4,0.12442522,0.54941451
-261.13283,0.84410413,0.85908044,2,3,0,261.2164,0.17405114,-1.6235753,-1.4607335,-1.5249415,-1.4764847,-1.6359772,-1.211757,-1.6780645,-1.5000759,-1.211757,-1.441902,4,4,6,4,1,2,4,6,3,7,3,5,4,2,5,5,3,1,2,7,-0.14786906,0.33135188
-261.40883,0.95496833,0.85908044,1,1,0,261.54169,0.1657153,-1.6200394,-1.4624498,-1.5253315,-1.4703231,-1.6299629,-1.199793,-1.6835759,-1.4967652,-1.199793,-1.441576,2,2,5,5,8,2,5,7,1,5,6,4,4,2,4,1,7,8,3,5,-0.18690512,0.41292695
-260.09215,0.98956193,0.85908044,2,3,0,261.44482,0.23938632,-1.6535579,-1.4496995,-1.526997,-1.5268172,-1.6895755,-1.3062749,-1.6369649,-1.5298333,-1.3062749,-1.4470547,3,2,6,2,6,1,2,8,1,4,5,2,4,2,7,1,5,8,6,8,0.088453134,0.090698013
-262.43176,0.57224907,0.85908044,1,3,0,262.82799,0.37051203,-1.7260865,-1.441054,-1.5592959,-1.6383807,-1.8347662,-1.500088,-1.5657658,-1.6120431,-1.500088,-1.470704,4,1,7,3,6,4,3,7,5,5,6,3,3,2,6,5,3,6,2,5,0.33604157,0.79042944
-260.94118,1,0.85908044,1,1,0,262.04307,0.32030989,-1.6963431,-1.4421657,-1.5423761,-1.5940401,-1.7728532,-1.4252216,-1.5912351,-1.5767569,-1.4252216,-1.4596116,8,4,7,2,8,1,2,8,1,3,6,3,6,4,6,2,2,7,6,6,0.26717481,0.58433446
-260.34517,1,0.85908044,1,1,0,260.77386,0.28705373,-1.677996,-1.4444205,-1.534307,-1.565772,-1.7362575,-1.3760838,-1.6093325,-1.5560501,-1.3760838,-1.4536435,7,2,8,3,8,3,2,7,2,6,4,2,6,2,3,6,3,6,4,7,0.20532439,0.66928998
-260.08938,0.99367365,0.85908044,1,3,0,260.37553,0.2404594,-1.6540841,-1.4495545,-1.5271072,-1.5276737,-1.6905542,-1.3078385,-1.636321,-1.5303804,-1.3078385,-1.4471772,5,1,2,4,7,2,6,6,3,8,6,2,2,7,5,2,6,5,3,8,0.091513961,0.31683288
-260.0829,0.98635879,0.85908044,2,3,0,260.17569,0.25023245,-1.6589272,-1.4482896,-1.5282249,-1.5355174,-1.6996181,-1.3220953,-1.6305027,-1.5354525,-1.3220953,-1.4483476,7,3,7,1,7,2,4,8,1,6,8,1,2,2,5,1,5,5,6,5,0.11840243,0.13205044
-260.08755,0.96295691,0.85908044,2,3,0,260.2942,0.24127151,-1.6544831,-1.4494457,-1.5271922,-1.5283225,-1.691297,-1.309022,-1.6358343,-1.5307957,-1.309022,-1.4472706,8,2,8,6,8,2,2,6,2,3,7,1,5,4,7,3,4,7,4,5,0.093815799,0.85619711
-260.26639,0.95220684,0.85908044,1,3,0,260.33538,0.28046314,-1.6744871,-1.445008,-1.5329997,-1.5602757,-1.7294053,-1.3663884,-1.6130344,-1.5521871,-1.3663884,-1.4525935,7,6,8,3,7,2,3,6,2,8,6,3,6,2,6,3,5,6,2,2,0.19129898,0.24012093
-261.90707,0.6925572,0.85908044,1,3,0,261.91151,0.35527851,-1.7167987,-1.441095,-1.5535504,-1.6247155,-1.8151018,-1.4772816,-1.5732582,-1.6008043,-1.4772816,-1.4670764,2,4,8,3,8,3,5,6,4,7,7,3,4,2,7,1,1,8,2,8,0.31796935,0.54267034
-261.73292,1,0.85908044,1,1,0,262.35174,0.34977811,-1.7135015,-1.4411737,-1.5516076,-1.6198262,-1.8081922,-1.469066,-1.5760142,-1.5968619,-1.469066,-1.4658223,8,2,6,2,8,4,1,6,4,6,5,5,7,4,4,1,3,5,4,7,0.31086157,0.66616493
-260.50942,1,0.85908044,1,1,0,261.3614,0.29825325,-1.6840549,-1.4435283,-1.536749,-1.5751925,-1.7482021,-1.3925915,-1.6031293,-1.562795,-1.3925915,-1.4555289,2,1,6,2,8,4,6,8,4,7,6,2,6,4,8,2,5,5,4,5,0.22776446,0.41013899
-260.64343,0.82096622,0.85908044,2,3,0,261.72966,0.19276389,-1.6317506,-1.4571327,-1.5246008,-1.490533,-1.6501462,-1.2386923,-1.6659127,-1.5079003,-1.2386923,-1.4429099,2,2,3,5,5,2,4,7,2,5,7,5,8,4,7,2,8,7,6,7,-0.068668798,0.11928568
-261.44136,0.95483627,0.85908044,2,3,0,261.44405,0.16480343,-1.6196566,-1.4626417,-1.5253831,-1.4696526,-1.629316,-1.1984856,-1.6841825,-1.4964095,-1.1984856,-1.441545,6,5,6,5,7,2,5,8,4,3,3,2,3,3,3,2,6,6,1,6,-0.19133057,0.34054789
-260.30136,0.86940791,0.85908044,1,3,0,262.34393,0.28352819,-1.6761138,-1.4447291,-1.5335958,-1.5628275,-1.7325758,-1.3708956,-1.611308,-1.5539739,-1.3708956,-1.4530763,3,2,3,3,8,1,4,8,1,6,5,4,6,1,8,1,3,6,5,7,0.19789936,0.33565504
-260.08651,0.982352,0.85908044,2,3,0,260.41016,0.25269624,-1.6601626,-1.4479864,-1.5285394,-1.5375072,-1.7019462,-1.3256942,-1.6290491,-1.5367568,-1.3256942,-1.4486583,5,1,5,4,8,3,4,8,5,3,3,4,5,2,5,3,4,7,3,6,0.12490879,0.56545702
-260.79192,0.84494891,0.85908044,1,3,0,260.86004,0.31345575,-1.6924738,-1.4425327,-1.5405107,-1.5881415,-1.7650307,-1.4150647,-1.5948854,-1.5723205,-1.4150647,-1.4582907,3,1,4,8,6,3,5,8,1,3,4,4,7,2,6,5,2,8,1,5,0.25557779,0.3856025
-260.18066,1,0.85908044,2,3,0,260.68556,0.22374388,-1.6460116,-1.4519464,-1.5256737,-1.514441,-1.6756773,-1.2835241,-1.6464658,-1.5220778,-1.2835241,-1.4454071,4,3,7,6,5,1,7,4,2,6,4,4,5,4,6,5,6,8,1,6,0.041233438,0.067322146
-260.10251,1,0.85908044,2,3,0,260.1606,0.25832565,-1.663007,-1.4473172,-1.5293075,-1.5420724,-1.7073313,-1.3339246,-1.6257477,-1.5397764,-1.3339246,-1.4493919,4,1,6,3,6,1,5,5,2,5,7,2,6,2,6,5,3,8,5,7,0.13938018,0.38238259
-260.2636,0.94645305,0.85908044,1,3,0,260.39624,0.21561365,-1.6421811,-1.4532132,-1.5251936,-1.5080888,-1.6687229,-1.2717296,-1.6514884,-1.5182066,-1.2717296,-1.4446527,6,7,3,4,4,3,5,8,4,5,7,5,6,3,8,2,5,4,4,7,0.014638756,0.14278268
-260.18007,1,0.85908044,1,1,0,260.2529,0.22381244,-1.6460441,-1.451936,-1.5256784,-1.5144948,-1.6757367,-1.2836236,-1.6464237,-1.5221109,-1.2836236,-1.4454138,2,4,6,2,5,3,3,6,2,4,5,3,7,1,5,1,4,7,6,6,0.041451498,0.37987529
-260.29058,0.97514293,0.85908044,1,1,0,260.29607,0.21341311,-1.6411551,-1.4535677,-1.525088,-1.506379,-1.6668719,-1.2685409,-1.6528577,-1.5171775,-1.2685409,-1.4444606,2,3,5,6,7,1,6,8,2,4,5,3,3,2,4,1,3,7,2,7,0.0071818844,0.23504719
-260.22518,1,0.85908044,1,1,0,260.29567,0.219067,-1.6438004,-1.4526669,-1.5253802,-1.5107802,-1.6716545,-1.2767368,-1.649348,-1.5198377,-1.2767368,-1.4449646,3,6,4,5,8,5,7,3,2,5,3,2,3,3,6,2,3,5,4,6,0.026115883,0.23067295
-260.35252,0.97211923,0.85908044,1,1,0,260.36321,0.20887302,-1.6390528,-1.4543145,-1.5249029,-1.5028642,-1.6630951,-1.2619667,-1.6556962,-1.5150789,-1.2619667,-1.4440805,5,2,6,5,4,3,3,6,4,4,2,3,4,5,7,3,3,7,2,6,-0.0085660786,0.63626409
-260.16632,1,0.85908044,1,1,0,260.3103,0.22547619,-1.6468358,-1.4516852,-1.5257943,-1.5158016,-1.6771828,-1.2860398,-1.6454031,-1.5229166,-1.2860398,-1.4455769,5,2,7,7,7,6,6,8,6,6,1,1,5,1,6,2,3,6,3,4,0.046711887,0.87162176
-260.27125,0.72967552,0.85908044,2,3,0,262.28442,0.21497335,-1.6418821,-1.4533158,-1.5251618,-1.5075909,-1.6681829,-1.2708016,-1.6518864,-1.5179064,-1.2708016,-1.4445963,6,3,4,4,6,3,3,7,4,4,1,5,2,2,6,4,4,5,5,4,0.012480629,0.33914911
-261.10085,0.8792873,0.85908044,1,3,0,261.1268,0.17509649,-1.6240233,-1.4605231,-1.5249029,-1.4772616,-1.6367443,-1.2132588,-1.6773776,-1.5004987,-1.2132588,-1.4419483,6,4,4,2,7,2,6,8,2,5,2,3,6,5,5,3,7,4,2,8,-0.14314746,0.26263264
-261.13733,0.99373235,0.85908044,1,1,0,261.33141,0.17390552,-1.623513,-1.4607629,-1.524947,-1.4763766,-1.6358706,-1.2115478,-1.6781603,-1.5000172,-1.2115478,-1.4418957,4,1,6,5,7,2,1,6,2,5,4,1,5,3,7,2,5,5,3,8,-0.14852978,0.74725357
-260.58147,1,0.85908044,1,1,0,261.04492,0.19571826,-1.6330715,-1.4565963,-1.5246148,-1.4927781,-1.6524685,-1.2429547,-1.6640221,-1.5091858,-1.2429547,-1.4431037,6,2,7,4,6,4,4,5,1,3,7,2,5,1,5,4,5,4,3,2,-0.05712529,0.3069689
-261.11234,0.96824008,0.85908044,2,3,0,261.12667,0.17471885,-1.6238613,-1.460599,-1.5249166,-1.4769809,-1.6364669,-1.2127162,-1.6776257,-1.5003458,-1.2127162,-1.4419314,3,3,6,7,5,3,2,7,8,6,6,2,8,1,5,3,6,3,1,6,-0.14484887,0.2123815
-261.11234,0.82284922,0.85908044,1,1,0,262.15391,0.17471885,-1.6238613,-1.460599,-1.5249166,-1.4769809,-1.6364669,-1.2127162,-1.6776257,-1.5003458,-1.2127162,-1.4419314,5,1,8,3,8,4,2,8,3,5,6,4,7,2,6,4,4,8,2,4,-0.14484887,0.89083836
-261.6455,0.91613726,0.85908044,1,1,0,261.72171,0.15935942,-1.6173872,-1.4638047,-1.5257273,-1.4656651,-1.6254988,-1.1906851,-1.6878189,-1.4943122,-1.1906851,-1.4413789,3,3,4,7,3,2,4,8,3,5,8,5,6,3,6,1,5,7,2,6,-0.21842473,0.31568829
-260.10453,0.99405784,0.85908044,1,3,0,261.6709,0.23577714,-1.6517961,-1.4501956,-1.5266449,-1.5239437,-1.6863078,-1.3010188,-1.6391381,-1.5280076,-1.3010188,-1.4466518,4,5,6,5,8,3,2,6,2,6,3,1,5,2,6,2,8,6,1,5,0.077995408,0.31877374
-260.08212,0.93549449,0.85908044,2,3,0,260.54532,0.24509186,-1.6563684,-1.4489426,-1.5276112,-1.5313818,-1.6948166,-1.3145925,-1.6335527,-1.5327643,-1.3145925,-1.4477195,5,5,5,8,7,4,2,7,2,5,5,4,5,5,7,2,3,8,7,6,0.10447807,0.32458546
-260.12144,0.99095377,0.85908044,1,3,0,260.12653,0.23221056,-1.6500672,-1.450699,-1.5263245,-1.5211146,-1.6831147,-1.2958287,-1.6412968,-1.5262249,-1.2958287,-1.446267,7,2,5,4,8,5,2,7,2,5,5,6,5,1,5,2,3,5,2,6,0.067408979,0.61674724
-260.08172,0.88970257,0.85908044,2,3,0,260.84842,0.24571997,-1.6566797,-1.4488614,-1.5276831,-1.531886,-1.6953992,-1.3155088,-1.6331788,-1.5330904,-1.3155088,-1.4477948,4,2,5,5,8,3,4,7,5,5,7,3,4,3,4,1,7,8,2,6,0.10620517,0.5914557
-260.15173,0.98186942,0.85908044,1,3,0,260.17071,0.26757557,-1.6677466,-1.4462897,-1.5307196,-1.5496299,-1.7163796,-1.3474701,-1.6203834,-1.5448572,-1.3474701,-1.4506684,6,4,5,5,8,1,2,8,5,6,4,1,8,5,3,4,4,8,2,5,0.16201112,0.77735045
-260.13234,0.9844682,0.85908044,1,3,0,260.26881,0.23031641,-1.649154,-1.4509717,-1.5261655,-1.5196164,-1.6814334,-1.293074,-1.6424478,-1.5252868,-1.293074,-1.4460681,7,4,4,1,5,1,2,4,1,5,4,1,3,5,6,1,3,7,4,7,0.061682471,0.017673234
-260.25792,0.99032442,0.85908044,2,3,0,260.25796,0.21609823,-1.6424076,-1.4531358,-1.5252183,-1.5084659,-1.6691323,-1.272432,-1.6511874,-1.5184343,-1.272432,-1.4446957,7,6,4,5,6,6,6,8,5,4,3,3,4,2,5,3,2,6,1,7,0.016265717,0.59308673
-260.53373,0.94228822,0.85908044,1,1,0,260.53645,0.19813464,-1.6341579,-1.456164,-1.5246401,-1.4946199,-1.6543854,-1.246443,-1.6624814,-1.5102476,-1.246443,-1.4432692,5,6,8,3,6,1,5,6,5,8,6,3,5,1,6,2,6,6,2,3,-0.047863573,0.41772335
-260.88989,0.93330309,0.85908044,1,1,0,260.91733,0.18252227,-1.6272354,-1.4590601,-1.5246954,-1.4828073,-1.6422763,-1.223937,-1.6725257,-1.5035502,-1.223937,-1.4423111,3,3,8,5,6,1,4,7,4,8,4,3,4,3,7,2,4,7,2,6,-0.11065522,0.54485347
-260.95277,0.98868399,0.85908044,1,1,0,261.1019,0.18020356,-1.6262268,-1.459511,-1.5247477,-1.4810706,-1.6405333,-1.2206009,-1.6740355,-1.5025882,-1.2206009,-1.4421914,6,4,4,1,6,3,7,5,4,3,5,6,5,5,6,2,4,8,1,2,-0.12060792,0.25114496
-261.06098,0.98100257,0.85908044,1,1,0,261.20821,0.17642697,-1.624595,-1.460257,-1.5248572,-1.4782518,-1.6377248,-1.2151708,-1.6765048,-1.5010391,-1.2151708,-1.4420089,2,3,6,1,7,5,3,7,1,7,4,2,3,4,6,2,6,5,2,6,-0.13719185,0.15794499
-260.57968,1,0.85908044,1,1,0,260.98861,0.1958063,-1.633111,-1.4565804,-1.5246155,-1.4928451,-1.652538,-1.2430818,-1.6639659,-1.5092244,-1.2430818,-1.4431097,5,2,4,1,5,1,3,6,6,6,3,3,5,4,5,1,2,6,3,6,-0.056785022,0.27273957
-260.41116,1,0.85908044,2,3,0,260.58162,0.20506169,-1.637303,-1.4549576,-1.5247815,-1.499927,-1.6599679,-1.2564528,-1.6580929,-1.513343,-1.2564528,-1.4437785,5,3,5,1,8,1,4,6,2,5,6,4,3,3,6,2,8,5,3,6,-0.022175717,0.59147084
-260.74727,0.87195724,0.85908044,1,3,0,261.567,0.3112753,-1.6912525,-1.4426602,-1.5399395,-1.5862729,-1.762573,-1.4118368,-1.5960553,-1.5709278,-1.4118368,-1.4578803,3,3,4,3,7,2,1,5,2,5,4,5,2,3,8,2,3,6,1,6,0.25176826,0.26120403
-260.08186,1,0.85908044,1,3,0,260.69259,0.24547956,-1.6565605,-1.4488924,-1.5276555,-1.531693,-1.6951761,-1.315158,-1.6333219,-1.5329655,-1.315158,-1.4477659,3,1,4,3,5,3,5,6,2,8,6,2,4,3,5,1,5,6,1,7,0.10554495,0.20787644
-260.0858,0.96821918,0.85908044,2,3,0,260.27659,0.24217782,-1.6549291,-1.449325,-1.5272887,-1.5290471,-1.6921282,-1.3103431,-1.6352919,-1.5312605,-1.3103431,-1.4473757,5,2,8,4,8,6,3,7,1,4,5,2,4,1,7,1,1,4,1,8,0.096369927,0.93912681
-260.58391,0.91428878,0.85908044,2,3,0,260.7693,0.30263629,-1.6864591,-1.4432158,-1.5377806,-1.5789068,-1.7529808,-1.399063,-1.6007316,-1.5654972,-1.399063,-1.4563013,7,5,4,5,6,3,8,7,3,4,1,4,5,4,6,2,4,7,6,3,0.23608774,0.30853719
-260.67375,0.97208516,0.85908044,1,1,0,260.80713,0.30752866,-1.6891648,-1.4428913,-1.5389827,-1.5830709,-1.7583846,-1.406294,-1.5980753,-1.5685555,-1.406294,-1.4571863,5,5,8,7,7,1,4,8,3,7,5,3,3,3,5,2,4,6,2,4,0.24508405,0.73632115
-260.67375,0.72861506,0.85908044,1,1,0,261.39546,0.30752866,-1.6891648,-1.4428913,-1.5389827,-1.5830709,-1.7583846,-1.406294,-1.5980753,-1.5685555,-1.406294,-1.4571863,6,6,2,1,8,2,4,8,3,6,2,4,4,7,6,1,4,6,1,5,0.24508405,0.30810606
-260.36965,1,0.85908044,2,3,0,260.62249,0.28890089,-1.6789869,-1.4442642,-1.5346906,-1.5673188,-1.7382013,-1.3788036,-1.6083018,-1.5571468,-1.3788036,-1.4539457,4,6,8,3,6,5,4,8,5,6,1,3,7,3,8,3,5,8,1,7,0.20914441,0.68322023
-260.36965,0.74900445,0.85908044,1,1,0,261.00851,0.28890089,-1.6789869,-1.4442642,-1.5346906,-1.5673188,-1.7382013,-1.3788036,-1.6083018,-1.5571468,-1.3788036,-1.4539457,3,4,8,3,7,1,4,8,4,6,3,1,3,4,4,2,2,7,2,6,0.20914441,0.62654122
-260.26063,1,0.85908044,2,3,0,260.3703,0.27993137,-1.6742058,-1.4450574,-1.5328984,-1.5598338,-1.728858,-1.3656067,-1.6133348,-1.5518788,-1.3656067,-1.4525107,6,2,5,2,6,3,3,6,7,8,3,2,2,3,4,1,4,8,3,6,0.1901399,0.60241594
-262.09087,0.66172282,0.85908044,1,3,0,262.09903,0.36082317,-1.7201527,-1.4410499,-1.5555794,-1.6296682,-1.8221689,-1.4855737,-1.5705073,-1.6048402,-1.4855737,-1.4683706,8,3,8,8,6,1,3,8,1,7,1,3,2,4,4,1,5,8,2,7,0.32481806,0.48583323
-260.54533,1,0.85908044,2,3,0,261.60622,0.30040837,-1.6852347,-1.4433721,-1.5372509,-1.5770169,-1.7505444,-1.3957727,-1.6019482,-1.5641192,-1.3957727,-1.4559063,6,2,5,1,8,6,4,6,2,5,3,4,6,3,5,4,4,3,4,4,0.23188847,0.40716613
-263.86697,0.32849865,0.85908044,1,1,0,263.86748,0.40547032,-1.7482731,-1.441958,-1.5745345,-1.6704266,-1.8829167,-1.5527205,-1.549354,-1.639672,-1.5527205,-1.4798789,6,3,7,3,6,4,4,7,2,6,5,5,5,1,5,1,2,8,2,7,0.36906723,0.68168225
-262.15714,1,0.85908044,1,1,0,263.74488,0.3627636,-1.7213336,-1.4410423,-1.5563063,-1.6314072,-1.8246664,-1.488478,-1.569551,-1.6062673,-1.488478,-1.4688306,5,3,7,1,7,7,2,6,4,3,8,2,7,3,8,4,5,4,1,6,0.32714099,0.74118914
-260.72814,1,0.85908044,1,1,0,261.74549,0.31031999,-1.6907189,-1.4427177,-1.5396925,-1.5854554,-1.7615009,-1.4104231,-1.5965691,-1.5703204,-1.4104231,-1.457702,3,1,5,3,5,3,5,8,4,5,5,1,8,4,4,3,3,5,4,4,0.25008063,0.37854883
-260.30771,1,0.85908044,1,1,0,260.61838,0.28405853,-1.6763961,-1.4446818,-1.533701,-1.5632698,-1.7331272,-1.3716758,-1.6110102,-1.5542848,-1.3716758,-1.4531608,7,1,3,5,6,1,3,8,2,6,6,4,4,1,3,1,4,7,3,6,0.19902764,0.51928722
-260.11278,1,0.85908044,1,3,0,260.25387,0.26077195,-1.6642525,-1.4470368,-1.5296628,-1.5440643,-1.7097001,-1.3375042,-1.6243218,-1.5411056,-1.3375042,-1.4497209,4,3,7,7,5,4,6,7,4,7,6,5,6,6,6,1,6,4,4,7,0.14550164,0.23719309
-260.67341,0.88071066,0.85908044,1,3,0,260.69155,0.30751075,-1.6891548,-1.4428924,-1.5389782,-1.5830556,-1.7583647,-1.4062675,-1.598085,-1.5685442,-1.4062675,-1.457183,6,7,5,5,8,5,4,4,2,5,6,3,4,3,4,1,5,4,2,5,0.24505167,0.36113345
-263.67424,0.68100761,0.85908044,2,3,0,263.68745,0.40119213,-1.7454922,-1.4417718,-1.5725142,-1.6664537,-1.876792,-1.5462571,-1.5513038,-1.6361495,-1.5462571,-1.478693,4,3,4,3,7,2,5,4,2,7,6,4,6,5,8,2,4,8,2,4,0.36563015,0.38672334
-260.83615,1,0.85908044,1,1,0,262.74263,0.31555241,-1.6936526,-1.442415,-1.5410701,-1.5899419,-1.7674079,-1.41817,-1.5937644,-1.5736681,-1.41817,-1.4586898,3,3,3,1,5,3,3,7,2,6,5,4,6,2,7,1,5,5,1,3,0.25918577,0.36362805
-260.83176,1,0.85908044,1,1,0,261.06174,0.31534696,-1.6935369,-1.4424264,-1.5410149,-1.5897653,-1.7671744,-1.4178657,-1.593874,-1.5735357,-1.4178657,-1.4586505,4,6,6,4,7,4,3,7,1,2,4,4,6,3,7,2,2,8,1,6,0.2588346,0.44814516
-260.80589,1,0.85908044,1,1,0,261.03832,0.3141245,-1.6928493,-1.4424947,-1.5406881,-1.5887153,-1.7657874,-1.416055,-1.5945274,-1.5727494,-1.416055,-1.4584175,7,3,7,5,6,1,5,5,1,7,6,4,6,3,4,4,5,5,5,5,0.25673445,0.16829514
-260.26008,1,0.85908044,1,1,0,260.64519,0.27988094,-1.6741792,-1.4450621,-1.5328888,-1.5597919,-1.7288062,-1.3655326,-1.6133633,-1.5518496,-1.3655326,-1.4525029,1,2,3,7,8,4,7,8,4,5,6,6,6,2,8,3,5,7,2,4,0.19002976,0.40497128
-260.22214,1,0.85908044,1,1,0,260.2813,0.27614816,-1.6722125,-1.4454176,-1.5321957,-1.5566963,-1.7249893,-1.3600483,-1.6154787,-1.5497001,-1.3600483,-1.45193,6,4,8,1,8,1,5,7,5,4,6,2,7,2,6,4,3,8,2,7,0.18177318,0.41745773
-260.10614,1,0.85908044,2,3,0,260.19564,0.23538971,-1.6516077,-1.4502496,-1.5266088,-1.5236358,-1.6859592,-1.3004548,-1.6393721,-1.527813,-1.3004548,-1.4466093,5,3,7,2,8,2,2,8,7,5,4,2,3,2,8,1,5,7,1,6,0.076857659,0.66385432
-262.31606,0.59950956,0.85908044,1,3,0,263.0081,0.14407864,-1.6111655,-1.4672249,-1.5270261,-1.4546094,-1.6151929,-1.1688382,-1.6981638,-1.4886642,-1.1688382,-1.441088,7,3,6,4,8,3,6,8,3,6,4,4,7,3,7,2,3,4,4,8,-0.30121334,0.46697703
-261.39098,1,0.85908044,1,1,0,262.22373,0.16622147,-1.6202523,-1.4623436,-1.5253037,-1.4706955,-1.6303229,-1.2005189,-1.6832395,-1.4969632,-1.2005189,-1.4415937,5,5,4,5,7,2,6,8,2,5,5,8,4,2,6,2,5,5,2,6,-0.18446223,0.422383
-262.33405,0.86774791,0.85908044,1,1,0,262.37875,0.14371176,-1.6110188,-1.4673099,-1.5270633,-1.4543464,-1.6149529,-1.1683146,-1.6984147,-1.4885329,-1.1683146,-1.4410842,6,1,5,3,7,4,2,7,1,5,2,3,3,5,6,2,2,6,2,8,-0.30333444,0.37520788
-262.33405,0.85059779,0.85908044,1,1,0,263.56593,0.14371176,-1.6110188,-1.4673099,-1.5270633,-1.4543464,-1.6149529,-1.1683146,-1.6984147,-1.4885329,-1.1683146,-1.4410842,5,3,1,1,3,2,2,2,4,6,5,6,5,1,4,1,3,7,2,7,-0.30333444,0.30676565
-260.16504,1,0.85908044,1,3,0,262.33755,0.2256385,-1.6469132,-1.4516609,-1.5258059,-1.5159292,-1.6773242,-1.2862756,-1.6453037,-1.5229955,-1.2862756,-1.445593,8,4,7,4,5,4,4,6,2,7,4,3,6,2,4,4,6,7,1,6,0.047221879,0.70070035
-260.40952,0.94409736,0.85908044,2,3,0,260.64482,0.20516295,-1.6373493,-1.4549403,-1.5247843,-1.5000049,-1.6600505,-1.2565993,-1.6580291,-1.5133888,-1.2565993,-1.4437863,5,5,6,3,5,3,2,8,1,7,7,2,5,2,7,2,2,7,2,6,-0.021809416,0.34227425
-261.08337,0.94631641,0.85908044,2,3,0,261.08365,0.32633331,-1.6997812,-1.4418853,-1.5441028,-1.5992548,-1.7798499,-1.4341603,-1.5880615,-1.5807294,-1.4341603,-1.4608111,7,3,6,4,6,2,6,6,2,6,6,4,4,4,8,2,3,5,1,4,0.27690366,0.18119776
-260.86031,1,0.85908044,1,1,0,261.21283,0.31667319,-1.6942844,-1.4423541,-1.5413732,-1.5909057,-1.7686843,-1.4198306,-1.5931667,-1.5743919,-1.4198306,-1.4589049,7,3,5,3,5,1,3,8,2,6,5,2,5,6,4,1,2,6,2,5,0.26109244,0.3013761
-260.94094,0.99135919,0.85908044,2,3,0,261.16449,0.3202994,-1.6963371,-1.4421662,-1.5423732,-1.5940311,-1.7728411,-1.4252061,-1.5912407,-1.57675,-1.4252061,-1.4596095,5,2,6,5,4,1,3,7,1,5,6,2,7,2,8,3,5,8,2,5,0.26715751,0.1729632
-261.14149,0.93595317,0.85908044,1,1,0,261.37361,0.32867868,-1.7011295,-1.4417869,-1.5447973,-1.6012931,-1.7826054,-1.437644,-1.5868344,-1.582295,-1.437644,-1.461288,7,3,7,2,8,5,5,8,5,7,5,1,4,3,5,2,5,8,3,7,0.28057741,0.51203825
-260.30187,1,0.85908044,1,1,0,260.88486,0.28357087,-1.6761365,-1.4447253,-1.5336042,-1.5628631,-1.7326201,-1.3709584,-1.6112841,-1.5539989,-1.3709584,-1.4530831,4,3,8,8,7,2,5,6,4,2,5,3,5,4,5,5,3,5,1,3,0.19799032,0.65232171
-260.49819,0.87197438,0.85908044,2,3,0,261.14418,0.20002546,-1.6350119,-1.4558299,-1.5246686,-1.4960645,-1.6558963,-1.2491738,-1.6612794,-1.5110849,-1.2491738,-1.4434031,6,4,4,1,8,4,2,5,2,6,4,2,6,2,7,1,3,5,2,6,-0.040726527,0.049092814
-260.10958,0.97232629,0.85908044,1,3,0,260.64909,0.26005755,-1.6638881,-1.447118,-1.5295577,-1.5434821,-1.7090065,-1.3364587,-1.6247376,-1.5407163,-1.3364587,-1.4496242,5,2,6,3,8,1,2,7,1,6,5,5,2,3,8,1,5,7,1,4,0.14372427,0.43191226
-260.09128,1,0.85908044,1,1,0,260.10508,0.25481797,-1.6612311,-1.4477303,-1.5288208,-1.5392248,-1.7039652,-1.3287951,-1.6278016,-1.5378885,-1.3287951,-1.4489309,7,2,8,5,6,2,5,8,3,6,3,5,5,4,8,1,3,5,4,6,0.13042689,0.52355975
-260.10585,0.99608629,0.85908044,1,1,0,260.10652,0.25917382,-1.6634381,-1.4472193,-1.5294292,-1.5427624,-1.7081506,-1.3351655,-1.6252527,-1.5402361,-1.3351655,-1.4495053,3,3,6,3,6,2,5,7,5,3,6,2,6,3,3,5,4,5,2,3,0.14151388,0.33555699
-260.12827,0.9788694,0.85908044,2,3,0,260.2401,0.23099753,-1.649482,-1.4508732,-1.5262218,-1.5201548,-1.6820369,-1.2940644,-1.6420335,-1.5256235,-1.2940644,-1.4461392,3,1,7,4,7,3,1,8,1,2,3,1,8,1,7,3,3,7,3,4,0.063750118,0.75149363
-260.23445,0.99093804,0.85908044,2,3,0,260.23446,0.27740747,-1.6728745,-1.445296,-1.5324261,-1.5577394,-1.7262723,-1.361898,-1.6147637,-1.5504225,-1.361898,-1.4521217,4,2,6,3,5,3,2,8,5,6,6,5,8,5,6,2,5,6,2,4,0.18458182,0.60665687
-260.40906,0.94961706,0.85908044,1,1,0,260.42818,0.29172396,-1.6805078,-1.4440322,-1.5352915,-1.5696881,-1.7411922,-1.3829626,-1.6067323,-1.5588349,-1.3829626,-1.4544143,7,2,7,4,6,2,8,8,6,8,7,2,3,3,7,2,3,6,2,5,0.21489082,0.67638873
-260.98091,0.94520633,0.85908044,2,3,0,261.01389,0.3220372,-1.6973254,-1.4420812,-1.5428629,-1.5955326,-1.7748478,-1.4277837,-1.5903218,-1.5778889,-1.4277837,-1.4599519,8,2,6,3,7,5,3,5,3,7,3,2,5,4,4,4,3,7,3,6,0.27000839,0.63571408
-260.41746,1,0.85908044,1,1,0,260.83925,0.29230426,-1.6808214,-1.4439856,-1.5354172,-1.5701759,-1.7418099,-1.3838178,-1.6064106,-1.5591837,-1.3838178,-1.4545116,4,3,3,4,5,2,3,8,3,5,4,2,5,2,7,2,3,7,4,7,0.21605841,0.45835428
-260.88843,0.86282346,0.85908044,1,1,0,260.93007,0.31795704,-1.6950097,-1.4422859,-1.5417239,-1.592011,-1.7701513,-1.4217333,-1.5924835,-1.5752239,-1.4217333,-1.4591529,4,4,4,4,7,3,7,7,1,8,6,4,8,3,7,2,4,8,4,6,0.26325785,0.039417197
-261.40789,0.84154525,0.85908044,1,1,0,261.58438,0.33872774,-1.7069674,-1.4414335,-1.5479143,-1.6100759,-1.7946115,-1.452591,-1.5816319,-1.5891238,-1.452591,-1.4633927,5,4,7,1,8,6,3,5,2,7,7,5,7,2,4,1,5,8,2,4,0.29561121,0.4530448
-261.40789,0.60561932,0.85908044,1,1,0,262.60456,0.33872774,-1.7069674,-1.4414335,-1.5479143,-1.6100759,-1.7946115,-1.452591,-1.5816319,-1.5891238,-1.452591,-1.4633927,6,4,5,5,8,7,3,8,3,7,8,5,6,3,7,4,7,8,3,6,0.29561121,0.7116557
-260.61703,1,0.85908044,1,1,0,261.2224,0.30448452,-1.6874785,-1.4430901,-1.5382285,-1.5804776,-1.7550135,-1.4017938,-1.5997256,-1.5666473,-1.4017938,-1.4566328,5,2,8,2,8,4,4,8,5,1,2,3,3,2,7,2,3,5,2,3,0.23952242,0.83530064
-260.12798,0.97052283,0.85908044,1,3,0,260.76936,0.23104712,-1.6495059,-1.450866,-1.5262259,-1.520194,-1.6820808,-1.2941365,-1.6420034,-1.525648,-1.2941365,-1.4461443,6,1,2,2,8,1,1,5,1,3,6,4,6,4,7,2,3,7,1,1,0.063900265,0.20851672
-260.11191,1,0.85908044,1,1,0,260.12845,0.23409786,-1.6509806,-1.450431,-1.5264906,-1.5226103,-1.6847999,-1.2985746,-1.6401531,-1.5271656,-1.2985746,-1.4464689,7,1,7,4,7,4,4,8,1,5,7,5,3,2,8,2,6,6,2,7,0.073042547,0.62274137
-260.88905,0.84670004,0.85908044,1,3,0,261.00964,0.18255402,-1.6272492,-1.459054,-1.5246948,-1.4828312,-1.6423003,-1.2239827,-1.672505,-1.5035635,-1.2239827,-1.4423128,6,3,7,6,6,2,5,6,1,5,7,5,5,2,7,2,5,5,4,4,-0.11052014,0.30883913
-260.37121,0.93177508,0.85908044,1,3,0,261.7089,0.28901603,-1.6790488,-1.4442545,-1.5347148,-1.5674153,-1.7383229,-1.3789732,-1.6082377,-1.5572154,-1.3789732,-1.4539647,3,1,5,1,8,4,3,8,2,7,4,5,8,4,7,3,4,7,4,6,0.20938095,0.92143072
-260.2478,1,0.85908044,1,1,0,260.36243,0.2787185,-1.6735653,-1.4451713,-1.5326697,-1.5588267,-1.7276131,-1.3638243,-1.6140207,-1.5511776,-1.3638243,-1.4523229,7,1,6,4,7,2,2,8,4,3,2,3,8,3,6,4,5,7,5,8,0.18748072,0.75644005
-260.37485,0.96308462,0.85908044,1,1,0,260.40218,0.28928425,-1.679193,-1.4442322,-1.5347712,-1.5676402,-1.7386061,-1.3793682,-1.6080883,-1.5573752,-1.3793682,-1.4540089,7,2,7,7,7,1,4,8,1,2,6,5,7,6,7,4,5,8,1,4,0.20993123,0.41587799
-260.09713,1,0.85908044,2,3,0,260.35078,0.23776483,-1.6527649,-1.4499207,-1.5268353,-1.5255249,-1.6881029,-1.303913,-1.6379398,-1.5290104,-1.303913,-1.446872,4,1,5,2,8,3,4,3,2,2,5,2,5,3,4,1,5,8,2,8,0.083786131,0.66836968
-260.20301,0.96765222,0.85908044,1,3,0,260.27967,0.27408066,-1.671129,-1.4456208,-1.5318249,-1.5549866,-1.722893,-1.3570126,-1.6166557,-1.5485203,-1.3570126,-1.4516189,5,5,5,2,6,4,4,4,5,7,7,1,5,1,7,1,7,7,2,7,0.17711026,0.059794355
-260.81223,0.79127229,0.85908044,1,3,0,261.49605,0.18553255,-1.6285523,-1.4584827,-1.5246445,-1.4850689,-1.6445605,-1.2282706,-1.6705725,-1.5048117,-1.2282706,-1.4424754,6,1,6,5,7,4,4,8,5,6,7,5,5,6,7,2,3,8,3,5,-0.097986273,0.61046108
-260.31993,1,0.85908044,1,1,0,260.71035,0.21118421,-1.6401206,-1.4539317,-1.5249917,-1.5046513,-1.6650107,-1.2653126,-1.6542489,-1.516143,-1.2653126,-1.4442713,2,3,6,4,6,2,7,7,1,7,4,2,5,2,6,2,4,6,2,7,-0.00048747155,0.11809887
-262.08504,0.78118922,0.85908044,2,3,0,262.60021,0.14896826,-1.6131326,-1.4661055,-1.5265572,-1.458125,-1.6184255,-1.1758212,-1.6948315,-1.4904334,-1.1758212,-1.4411528,4,1,7,2,4,1,2,6,2,2,4,5,5,1,8,3,4,7,1,6,-0.27356839,0.52898754
-260.87736,1,0.85908044,2,3,0,261.88209,0.18299677,-1.6274424,-1.4589685,-1.5246861,-1.4831633,-1.6426347,-1.2246199,-1.6722173,-1.5037481,-1.2246199,-1.4423364,6,3,5,4,7,4,2,7,4,6,3,5,6,4,7,3,3,7,2,6,-0.10863956,0.64242211
-260.37691,1,0.85908044,1,1,0,260.77733,0.2072393,-1.6383011,-1.4545884,-1.5248471,-1.5016037,-1.6617498,-1.2596027,-1.656722,-1.514332,-1.2596027,-1.4439492,4,1,7,4,8,3,3,8,2,5,4,6,7,4,7,2,6,8,5,3,-0.014355503,0.5808013
-260.37691,0.65322542,0.85908044,1,3,0,262.84217,0.2072393,-1.6383011,-1.4545884,-1.5248471,-1.5016037,-1.6617498,-1.2596027,-1.656722,-1.514332,-1.2596027,-1.4439492,4,5,4,3,7,2,1,6,1,5,3,4,5,5,4,4,3,2,1,5,-0.014355503,0.70033905
-260.51756,0.97110594,0.85908044,1,1,0,260.5529,0.1989845,-1.6345413,-1.4560134,-1.524652,-1.4952688,-1.6550633,-1.2476702,-1.6619407,-1.5106232,-1.2476702,-1.4433289,7,3,3,7,5,2,1,6,1,3,2,5,3,3,6,3,6,7,3,7,-0.04464386,0.33722662
-260.67915,0.96843954,0.85908044,1,1,0,260.73591,0.19114218,-1.6310291,-1.4574309,-1.5246009,-1.4893037,-1.6488813,-1.2363537,-1.6669538,-1.5072005,-1.2363537,-1.4428076,7,5,6,7,7,2,2,7,2,4,3,5,5,4,7,3,2,7,1,3,-0.075110388,0.61168058
-260.52329,1,0.85908044,1,1,0,260.70722,0.19868142,-1.6344045,-1.4560671,-1.5246476,-1.4950373,-1.6548213,-1.2472325,-1.6621335,-1.5104891,-1.2472325,-1.4433076,3,3,5,5,6,4,1,8,8,7,4,1,5,2,5,4,8,8,3,4,-0.045789839,0.56017197
-260.53821,0.90292968,0.85908044,1,3,0,261.44761,0.29998762,-1.685004,-1.4434022,-1.5371521,-1.5766604,-1.750086,-1.3951515,-1.6021785,-1.56386,-1.3951515,-1.4558322,7,3,5,3,7,4,4,8,5,6,2,6,7,3,7,3,4,8,3,6,0.23108813,0.46165084
-260.46159,1,0.85908044,1,1,0,260.61196,0.2952454,-1.6824157,-1.4437548,-1.5360658,-1.5726525,-1.7449567,-1.388154,-1.6047844,-1.560961,-1.388154,-1.4550101,3,4,2,1,4,1,7,7,3,8,3,5,5,1,7,1,6,4,2,4,0.22190545,0.35255345
-260.08781,0.96637445,0.85908044,2,3,0,260.66886,0.25334537,-1.660489,-1.4479075,-1.5286244,-1.5380323,-1.7025625,-1.3266428,-1.628667,-1.5371022,-1.3266428,-1.4487412,3,1,7,4,7,3,2,7,6,4,2,5,7,4,3,1,5,7,2,8,0.1266053,0.65529563
-260.21133,0.96485895,0.85908044,2,3,0,260.31732,0.27499789,-1.6716091,-1.4455301,-1.5319882,-1.5557447,-1.7238214,-1.3583592,-1.6161331,-1.5490428,-1.3583592,-1.4517564,6,3,7,6,6,5,7,8,2,6,4,3,7,1,4,3,2,7,4,7,0.17918691,0.52546695
-260.22732,0.99846392,0.85908044,2,3,0,260.26034,0.27668448,-1.6724942,-1.4453656,-1.5322934,-1.5571404,-1.7255351,-1.360836,-1.615174,-1.5500074,-1.360836,-1.4520114,5,3,2,3,8,6,3,7,1,3,4,5,6,1,5,2,4,8,1,7,0.18297223,0.4435814
-260.49766,0.77880752,0.85908044,2,3,0,261.53995,0.2975295,-1.6836597,-1.4435819,-1.5365828,-1.5745807,-1.7474186,-1.3915234,-1.6035268,-1.5623522,-1.3915234,-1.4554032,7,3,7,2,5,4,3,4,1,8,4,1,5,3,7,1,3,8,1,8,0.22636571,0.10437462
-260.20515,0.94380143,0.85908044,1,3,0,260.83562,0.22106163,-1.6447409,-1.4523569,-1.5254997,-1.5123393,-1.6733628,-1.2796307,-1.6481164,-1.5207886,-1.2796307,-1.4451505,4,5,4,2,6,1,3,8,2,4,6,6,7,1,8,5,4,8,2,6,0.03262236,0.60756791
-261.23996,0.84668959,0.85908044,2,3,0,261.61734,0.17067812,-1.6221367,-1.4614197,-1.5250817,-1.4739843,-1.6335217,-1.2069133,-1.6802873,-1.4987234,-1.2069133,-1.4417609,7,5,4,1,6,3,3,8,3,7,6,4,3,3,6,2,6,8,2,8,-0.1633633,0.37800698
-260.98527,0.9391465,0.85908044,2,3,0,262.30866,0.17904212,-1.6257236,-1.4597389,-1.5247782,-1.4802024,-1.6396656,-1.2189305,-1.6747936,-1.5021094,-1.2189305,-1.4421336,5,6,5,3,8,1,4,8,2,7,6,4,5,3,5,3,3,7,2,8,-0.1256582,0.63711962
-261.12066,0.99218165,0.85908044,2,3,0,261.26594,0.17444676,-1.6237447,-1.4606537,-1.5249266,-1.4767786,-1.6362672,-1.2123253,-1.6778044,-1.5002357,-1.2123253,-1.4419194,6,5,6,6,6,3,5,4,4,5,4,1,3,2,8,8,3,8,3,4,-0.14607775,0.57694913
-261.59058,0.97516953,0.85908044,2,3,0,261.67953,0.16077952,-1.6179765,-1.4634985,-1.5256315,-1.4667028,-1.6264871,-1.192719,-1.6868678,-1.494855,-1.192719,-1.4414191,5,1,6,6,7,5,1,8,1,5,5,3,5,1,6,1,4,8,1,4,-0.21124364,0.64429775
-262.09539,0.92789467,0.85908044,1,1,0,262.23833,0.14874166,-1.6130409,-1.4661569,-1.5265778,-1.4579616,-1.6182743,-1.1754974,-1.6949855,-1.4903506,-1.1754974,-1.4411492,4,2,8,6,5,4,5,8,3,7,5,3,3,5,5,2,5,6,3,6,-0.27482447,0.70525234
-261.68161,1,0.85908044,1,1,0,262.21128,0.15844224,-1.6170076,-1.4640035,-1.5257914,-1.4649958,-1.6248633,-1.1893718,-1.6884341,-1.4939633,-1.1893718,-1.4413541,4,2,3,1,8,1,4,4,3,5,3,2,3,4,3,2,3,8,2,7,-0.22310633,0.46552977
-262.74865,0.86078673,0.85908044,1,1,0,262.80183,0.13574209,-1.6078631,-1.4691873,-1.527941,-1.4486636,-1.6098221,-1.1569494,-1.7038934,-1.4857296,-1.1569494,-1.4410393,4,3,8,6,7,1,1,7,4,6,2,3,4,6,7,2,5,4,2,8,-0.35112316,0.37862169
-260.68871,0.94461584,0.85908044,1,3,0,262.48568,0.19071736,-1.6308405,-1.4575094,-1.5246019,-1.4889821,-1.6485512,-1.2357412,-1.6672268,-1.5070178,-1.2357412,-1.4427812,8,4,8,8,6,3,7,8,4,6,4,7,4,5,7,2,3,7,4,3,-0.076810308,0.57829926
-260.58323,1,0.85908044,1,1,0,260.74943,0.19563151,-1.6330326,-1.4566119,-1.5246142,-1.4927121,-1.6523999,-1.2428295,-1.6640775,-1.5091479,-1.2428295,-1.4430979,8,1,6,7,5,1,6,8,3,1,6,2,5,5,7,2,5,7,3,5,-0.057460779,0.92013789
-260.18196,0.89348334,0.85908044,2,3,0,261.55652,0.27161306,-1.6698411,-1.4458693,-1.5313947,-1.5529505,-1.7204075,-1.3533912,-1.6180654,-1.547122,-1.3533912,-1.4512532,6,1,6,2,8,5,6,8,2,7,5,4,6,6,5,4,2,6,3,4,0.1714598,0.42090061
-260.08572,1,0.85908044,1,3,0,260.16169,0.25226186,-1.6599444,-1.4480394,-1.528483,-1.5371561,-1.7015345,-1.3250596,-1.629305,-1.5365261,-1.3250596,-1.4486031,4,4,6,4,7,2,2,5,3,8,5,4,2,1,2,2,5,7,1,3,0.12376942,0.27720667
-260.18256,0.87799566,0.85908044,2,3,0,260.8541,0.22352419,-1.6459072,-1.4519797,-1.5256589,-1.5142687,-1.675487,-1.2832051,-1.6466008,-1.5219717,-1.2832051,-1.4453858,4,6,5,3,4,2,3,7,2,8,3,3,6,2,3,1,4,7,2,5,0.040534034,0.10649253
-260.18256,0.80083323,0.85908044,1,3,0,261.30192,0.22352419,-1.6459072,-1.4519797,-1.5256589,-1.5142687,-1.675487,-1.2832051,-1.6466008,-1.5219717,-1.2832051,-1.4453858,6,3,1,4,8,2,2,7,1,6,6,1,7,3,7,2,2,6,2,6,0.040534034,0.49667228
-260.15196,1,0.85908044,1,1,0,260.18601,0.22737149,-1.6477409,-1.4514029,-1.5259337,-1.5172931,-1.6788394,-1.2887933,-1.6442435,-1.5238401,-1.2887933,-1.4457663,4,1,6,3,6,2,2,8,1,3,5,2,7,5,6,4,3,5,3,4,0.052632472,0.35087325
-260.13918,0.98344125,0.85908044,2,3,0,260.29977,0.26565225,-1.6667543,-1.4464959,-1.5304106,-1.5480527,-1.7144776,-1.3446514,-1.6214926,-1.5437885,-1.3446514,-1.4503958,2,4,3,3,7,5,4,6,4,5,5,4,3,3,7,1,2,6,3,5,0.15741971,0.30242531
-260.08189,0.99758308,0.85908044,2,3,0,260.1542,0.24902718,-1.658325,-1.4484403,-1.5280758,-1.5345458,-1.6984856,-1.3203354,-1.6312157,-1.5348182,-1.3203354,-1.4481978,6,3,4,5,4,1,3,6,2,7,3,5,7,1,7,2,3,4,3,4,0.11518042,0.012045516
-260.18492,0.85729318,0.85908044,2,3,0,261.01325,0.22325391,-1.6457789,-1.4520208,-1.5256408,-1.5140567,-1.675253,-1.2828127,-1.6467669,-1.5218414,-1.2828127,-1.4453597,4,2,7,5,4,5,1,7,2,4,5,4,5,5,4,2,3,3,2,5,0.039672153,0.41277429
-260.1449,1,0.85908044,1,1,0,260.18314,0.22837543,-1.6482217,-1.4512549,-1.5260106,-1.5180843,-1.679721,-1.2902523,-1.6436305,-1.5243317,-1.2902523,-1.4458681,4,2,4,1,5,1,1,6,1,4,2,2,5,5,7,1,3,7,4,5,0.055737938,0.40063762
-260.30172,0.96432212,0.85908044,1,1,0,260.30174,0.21254902,-1.6407535,-1.4537082,-1.5250494,-1.5057087,-1.6661488,-1.2672892,-1.6533965,-1.5167755,-1.2672892,-1.4443866,4,6,4,3,8,1,6,8,4,6,6,3,4,5,6,4,4,6,5,4,0.0042226595,0.44272548
-260.13966,0.94051735,0.85908044,2,3,0,260.81918,0.26572929,-1.666794,-1.4464876,-1.5304228,-1.5481158,-1.7145536,-1.3447642,-1.6214481,-1.5438312,-1.3447642,-1.4504066,8,1,8,3,6,5,4,8,6,5,3,2,2,6,6,1,1,1,1,4,0.15760476,0.74146895
-260.20222,0.95375946,0.85908044,2,3,0,260.43353,0.22136708,-1.6448853,-1.4523097,-1.5255187,-1.5125783,-1.6736253,-1.2800739,-1.6479282,-1.5209349,-1.2800739,-1.4451794,7,2,8,4,7,1,3,7,1,1,4,2,4,3,3,2,7,7,2,6,0.033610947,0.35642585
-261.09836,0.8530351,0.85908044,1,3,0,261.16118,0.1751788,-1.6240586,-1.4605066,-1.5249,-1.4773229,-1.6368048,-1.2133771,-1.6773236,-1.500532,-1.2133771,-1.441952,3,3,8,4,7,4,4,6,4,5,5,1,3,2,5,4,4,7,2,3,-0.14277727,0.3655434
-260.6334,1,0.85908044,2,3,0,261.0382,0.19322927,-1.6319581,-1.4570476,-1.5246018,-1.4908862,-1.6505104,-1.2393635,-1.6656144,-1.5081019,-1.2393635,-1.4429398,4,6,7,3,8,6,4,7,1,3,7,3,4,3,7,2,4,6,1,5,-0.066834136,0.63975183
-260.21356,0.99325915,0.85908044,1,3,0,260.54432,0.22020441,-1.6443363,-1.4524896,-1.5254473,-1.5116688,-1.6726273,-1.2783868,-1.6486453,-1.5203792,-1.2783868,-1.4450701,7,3,6,3,4,4,5,8,1,5,6,4,3,1,8,2,5,7,2,5,0.029836978,0.77411343
-260.09008,0.88721553,0.85908044,2,3,0,261.01329,0.25434279,-1.6609914,-1.4477872,-1.5287569,-1.5388398,-1.7035119,-1.3281005,-1.6280806,-1.5376344,-1.3281005,-1.4488695,4,2,5,4,7,5,5,8,2,3,2,4,3,1,6,2,2,5,1,7,0.12919783,0.6153266
-260.10963,0.99475172,0.85908044,1,1,0,260.10985,0.26007014,-1.6638946,-1.4471166,-1.5295595,-1.5434923,-1.7090187,-1.3364771,-1.6247303,-1.5407232,-1.3364771,-1.4496259,7,4,6,4,6,5,1,6,5,7,5,2,5,2,6,4,4,7,2,7,0.14375568,0.69357624
-260.08273,0.99805006,0.85908044,2,3,0,260.12223,0.25006547,-1.6588437,-1.4483104,-1.5282041,-1.5353827,-1.699461,-1.3218515,-1.6306014,-1.5353644,-1.3218515,-1.4483267,6,6,6,4,4,1,2,7,3,5,1,2,4,3,3,1,4,8,3,7,0.1179576,0.59841998
-260.24016,0.96304892,0.85908044,1,3,0,260.25858,0.27797466,-1.6731731,-1.4452418,-1.532531,-1.5582096,-1.7268518,-1.3627313,-1.6144421,-1.5507488,-1.3627313,-1.4522085,4,5,6,2,6,2,3,7,6,7,6,1,7,3,8,2,4,5,4,8,0.18583911,0.18502791
-260.24016,0.83383166,0.85908044,1,3,0,261.12513,0.27797466,-1.6731731,-1.4452418,-1.532531,-1.5582096,-1.7268518,-1.3627313,-1.6144421,-1.5507488,-1.3627313,-1.4522085,8,7,7,5,4,2,4,7,2,1,2,5,7,2,4,1,6,4,1,4,0.18583911,0.23797477
-260.13213,1,0.85908044,1,1,0,260.21177,0.26447979,-1.6661512,-1.4466236,-1.5302262,-1.5470927,-1.7133235,-1.3429336,-1.6221704,-1.5431401,-1.3429336,-1.4502314,6,4,7,3,8,4,3,4,2,5,2,1,3,3,6,7,5,6,1,5,0.15459176,0.58608782
-260.08585,1,0.85908044,1,3,0,260.12098,0.25233482,-1.659981,-1.4480305,-1.5284924,-1.537215,-1.7016036,-1.3251662,-1.629262,-1.5365649,-1.3251662,-1.4486123,6,2,5,4,7,5,5,7,5,4,7,2,6,1,7,5,2,5,1,4,0.12396104,0.57952271
-260.57878,0.88909676,0.85908044,1,3,0,260.62704,0.30234444,-1.6862985,-1.4432359,-1.5377106,-1.578659,-1.7526607,-1.3986319,-1.6008907,-1.5653162,-1.3986319,-1.4562493,5,3,4,4,6,2,7,8,2,7,5,6,8,3,8,5,1,8,1,4,0.23554132,0.28595994
-260.08993,0.99399678,0.85908044,1,3,0,260.59969,0.24023283,-1.6539729,-1.449585,-1.5270837,-1.5274928,-1.6903473,-1.3075083,-1.6364569,-1.5302647,-1.3075083,-1.4471512,2,2,7,5,8,1,2,6,1,3,6,3,6,4,5,3,3,7,1,6,0.090869508,0.4311072
-260.08993,0.99329304,0.85908044,1,3,0,260.11796,0.24023283,-1.6539729,-1.449585,-1.5270837,-1.5274928,-1.6903473,-1.3075083,-1.6364569,-1.5302647,-1.3075083,-1.4471512,4,3,6,6,8,4,3,8,6,5,2,3,6,3,7,1,4,6,2,6,0.090869508,0.60651325
-260.09057,0.99668993,0.85908044,2,3,0,260.11609,0.25454121,-1.6610915,-1.4477634,-1.5287835,-1.5390005,-1.7037011,-1.3283905,-1.6279641,-1.5377404,-1.3283905,-1.4488951,5,2,6,3,5,4,2,8,2,5,5,2,4,4,7,4,3,6,1,5,0.12971152,0.72616969
-260.10083,0.99443852,0.85908044,1,3,0,260.12711,0.23672163,-1.652256,-1.4500644,-1.5267343,-1.5246946,-1.6871594,-1.3023939,-1.6385683,-1.5284833,-1.3023939,-1.4467559,5,2,5,3,3,1,2,7,2,5,8,3,6,1,7,2,6,6,4,2,0.080756618,0.49172203
-260.09202,1,0.85908044,1,1,0,260.09979,0.23943392,-1.6535812,-1.449693,-1.5270019,-1.5268552,-1.6896189,-1.3063443,-1.6369363,-1.5298576,-1.3063443,-1.4470601,8,3,6,3,7,4,3,8,3,3,7,3,6,4,6,3,7,8,4,5,0.088589372,0.68938527
-260.09202,0.86134858,0.85908044,1,3,0,260.71202,0.23943392,-1.6535812,-1.449693,-1.5270019,-1.5268552,-1.6896189,-1.3063443,-1.6369363,-1.5298576,-1.3063443,-1.4470601,5,1,7,7,8,7,5,7,2,1,2,2,6,4,7,1,4,7,3,5,0.088589372,0.63226363
-260.08244,0.97908372,0.85908044,2,3,0,260.22537,0.24975632,-1.6586892,-1.448349,-1.5281656,-1.5351335,-1.6991702,-1.3214,-1.6307842,-1.5352016,-1.3214,-1.4482882,6,2,7,3,7,3,1,8,3,3,3,3,7,3,4,4,2,6,5,7,0.11713271,0.52485156
-260.08465,0.99942032,0.85908044,1,1,0,260.08468,0.25160133,-1.6596129,-1.4481204,-1.528398,-1.5366223,-1.7009095,-1.3240946,-1.6296944,-1.5361759,-1.3240946,-1.4485194,5,6,4,6,6,2,5,8,4,4,6,5,3,2,5,4,5,7,2,5,0.12203053,0.72242404
-261.11595,0.75547445,0.85908044,1,3,0,261.5535,0.17460046,-1.6238106,-1.4606228,-1.5249209,-1.4768929,-1.63638,-1.2125461,-1.6777034,-1.5002979,-1.2125461,-1.4419262,4,3,7,3,6,3,3,8,3,4,6,4,4,5,5,3,3,8,3,5,-0.14538326,0.59725909
-260.7922,1,0.85908044,2,3,0,261.12763,0.18633791,-1.628906,-1.4583297,-1.5246342,-1.4856752,-1.6451756,-1.2294305,-1.6700513,-1.5051516,-1.2294305,-1.4425209,5,4,4,6,6,6,5,7,2,5,5,5,2,4,6,2,2,5,3,6,-0.094644205,0.054042568
-260.09626,1,0.85908044,1,3,0,260.75327,0.2380256,-1.6528922,-1.4498849,-1.526861,-1.5257326,-1.6883392,-1.3042928,-1.6377829,-1.5291425,-1.3042928,-1.4469012,6,4,4,3,6,1,7,7,2,4,4,3,4,2,2,2,5,7,6,7,0.084540115,0.32390372
-260.08763,0.99790911,0.85908044,2,3,0,260.11371,0.24123789,-1.6544666,-1.4494502,-1.5271886,-1.5282956,-1.6912662,-1.308973,-1.6358545,-1.5307785,-1.308973,-1.4472667,5,1,8,3,8,2,2,8,4,7,3,2,5,6,5,4,6,8,3,8,0.093720762,0.75527161
-260.08763,0.71735135,0.85908044,1,3,0,261.53003,0.24123789,-1.6544666,-1.4494502,-1.5271886,-1.5282956,-1.6912662,-1.308973,-1.6358545,-1.5307785,-1.308973,-1.4472667,7,2,5,1,7,2,5,5,4,8,5,5,6,3,6,1,5,7,2,7,0.093720762,0.16108751
-260.27186,0.95988475,0.85908044,1,3,0,260.29423,0.21492295,-1.6418585,-1.4533239,-1.5251594,-1.5075517,-1.6681405,-1.2707286,-1.6519177,-1.5178828,-1.2707286,-1.4445919,5,2,4,2,8,1,5,8,4,4,5,2,5,3,8,2,5,7,4,6,0.012310382,0.38210599
-260.38224,0.64179399,0.85908044,2,3,0,264.31363,0.20689172,-1.6381415,-1.454647,-1.5248359,-1.5013358,-1.6614645,-1.2590998,-1.6569405,-1.5141736,-1.2590998,-1.4439216,5,3,6,4,8,1,3,7,4,5,7,4,5,3,6,1,7,5,3,4,-0.015595757,0.73215118
-260.7795,0.9224583,0.85908044,1,1,0,260.78566,0.18685545,-1.6291337,-1.4582318,-1.5246282,-1.4860652,-1.6455719,-1.2301759,-1.6697166,-1.5053706,-1.2301759,-1.4425506,4,3,4,2,6,2,4,6,2,4,7,3,6,1,6,2,2,5,2,5,-0.092506878,0.41530559
-261.55357,0.8727715,0.85908044,1,1,0,261.5652,0.16175427,-1.6183821,-1.4632895,-1.5255682,-1.4674161,-1.6271685,-1.1941154,-1.686216,-1.4952293,-1.1941154,-1.4414479,3,4,6,3,8,3,6,8,1,4,4,4,6,5,4,3,5,7,5,8,-0.20636148,0.22928766
-260.09557,1,0.85908044,2,3,0,261.41137,0.23823886,-1.6529964,-1.4498557,-1.526882,-1.5259025,-1.6885326,-1.3046034,-1.6376546,-1.5292505,-1.3046034,-1.4469251,5,3,5,5,5,5,6,8,2,7,4,7,3,4,5,1,3,5,1,6,0.085155725,0.29860886
-260.08164,0.99958231,0.85908044,1,3,0,260.09758,0.24855965,-1.6580918,-1.4484991,-1.5280189,-1.5341693,-1.6980474,-1.3196529,-1.6314927,-1.5345728,-1.3196529,-1.4481402,4,1,7,2,8,2,1,8,3,8,4,5,5,4,5,4,1,5,5,5,0.1139236,0.79527151
-261.30967,0.7247405,0.85908044,1,3,0,261.78584,0.16858069,-1.6212475,-1.4618521,-1.5251809,-1.4724344,-1.6320098,-1.2039032,-1.6816746,-1.4978912,-1.2039032,-1.4416795,5,5,4,3,7,3,4,7,3,5,4,4,4,5,2,5,3,6,1,8,-0.17320231,0.54176173
-260.47382,0.97605505,0.85908044,1,3,0,261.15013,0.20137327,-1.6356227,-1.455594,-1.5246935,-1.4970961,-1.6569792,-1.2511211,-1.6604244,-1.5116852,-1.2511211,-1.4435009,3,3,5,2,6,2,4,5,1,6,8,4,5,2,6,3,3,8,1,4,-0.035697167,0.4046001
-260.12339,0.96863987,0.85908044,1,3,0,260.65678,0.26291206,-1.6653468,-1.4467965,-1.5299843,-1.5458109,-1.7117866,-1.3406375,-1.6230785,-1.542277,-1.3406375,-1.4500138,6,5,1,3,3,2,5,8,3,5,5,2,1,4,7,2,2,7,2,8,0.15077571,0.44595502
-260.84499,0.62048132,0.85908044,2,3,0,262.52499,0.18424195,-1.6279866,-1.4587291,-1.524664,-1.4840983,-1.6435782,-1.2264123,-1.6714089,-1.5042692,-1.2264123,-1.4424037,5,2,6,6,8,4,3,8,1,5,7,5,7,4,6,4,7,6,4,8,-0.10338344,0.83378974
-262.62067,0.78276273,0.85908044,1,3,0,262.65037,0.138109,-1.6087941,-1.4686233,-1.5276664,-1.4503455,-1.611329,-1.1603227,-1.7022605,-1.4865523,-1.1603227,-1.4410452,5,4,6,6,7,5,4,7,4,7,2,3,4,3,3,3,8,5,2,7,-0.33657903,0.37186152
-261.27521,1,0.85908044,1,1,0,262.42169,0.16960846,-1.6216827,-1.4616396,-1.5251311,-1.4731934,-1.6327492,-1.205378,-1.6809943,-1.4982982,-1.205378,-1.4417188,5,3,6,4,8,1,3,8,2,4,6,4,5,8,6,2,6,7,3,7,-0.16836118,0.48469556
-260.3214,0.91936191,0.85908044,2,3,0,262.29001,0.28517876,-1.6769935,-1.444583,-1.5339253,-1.5642048,-1.7342948,-1.3733241,-1.6103818,-1.5549431,-1.3733241,-1.4533403,4,3,4,4,7,2,4,8,3,4,5,4,7,4,6,2,2,8,2,5,0.20139761,0.20458598
-260.31661,1,0.85908044,1,1,0,260.38608,0.28479102,-1.6767866,-1.444617,-1.5338474,-1.5638811,-1.7338903,-1.3727535,-1.6105992,-1.554715,-1.3727535,-1.453278,4,1,6,3,6,4,4,7,5,6,8,3,5,2,6,1,4,7,5,4,0.20057934,0.48390916
-260.56756,0.83108632,0.85908044,1,3,0,261.29168,0.19640856,-1.6333813,-1.4564722,-1.5246208,-1.4933038,-1.6530145,-1.243951,-1.6635814,-1.5094882,-1.243951,-1.4431504,7,2,7,2,8,1,3,6,4,6,4,6,4,4,8,6,6,4,4,7,-0.05446313,0.33372104
-260.9388,0.93134495,0.85908044,1,1,0,260.9688,0.1807101,-1.6264467,-1.4594121,-1.5247353,-1.4814496,-1.6409128,-1.2213296,-1.6737053,-1.5027976,-1.2213296,-1.4422171,3,7,7,4,4,2,4,7,2,8,2,2,8,4,5,2,5,5,3,5,-0.11841899,0.099989747
-260.13675,0.93919794,0.85908044,1,3,0,261.27356,0.26525669,-1.6665507,-1.4465389,-1.5303481,-1.5477287,-1.7140878,-1.3440718,-1.6217211,-1.5435695,-1.3440718,-1.4503401,4,3,7,3,8,3,1,8,3,2,7,3,1,4,4,2,6,6,1,6,0.1564681,0.95162475
-260.10077,1,0.85908044,1,1,0,260.12782,0.25785557,-1.6627683,-1.4473718,-1.5292407,-1.5416902,-1.7068782,-1.3332369,-1.6260223,-1.5395221,-1.3332369,-1.4493294,3,5,5,4,4,2,5,8,4,1,6,5,4,4,5,2,5,7,4,2,0.13819242,0.21087179
-260.62322,0.85335466,0.85908044,1,3,0,260.92249,0.19370705,-1.6321714,-1.4569605,-1.5246033,-1.4912489,-1.650885,-1.2400527,-1.6653083,-1.5083092,-1.2400527,-1.4429708,3,1,6,2,6,1,5,5,3,6,4,5,6,2,7,2,5,7,3,6,-0.064956971,0.18645126
-261.2998,0.8825341,0.85908044,1,1,0,261.30703,0.16887313,-1.6213712,-1.4617915,-1.5251665,-1.4726502,-1.6322199,-1.2043228,-1.6814809,-1.4980069,-1.2043228,-1.4416906,6,3,4,7,8,1,4,6,5,6,2,5,7,4,5,4,5,5,1,7,-0.17182091,0.63456793
-260.98739,0.94004075,0.85908044,2,3,0,262.35899,0.17896741,-1.6256912,-1.4597536,-1.5247802,-1.4801466,-1.6396099,-1.218823,-1.6748424,-1.5020787,-1.218823,-1.4421299,6,1,7,4,2,2,7,6,6,7,4,7,5,1,7,1,4,6,1,6,-0.12598456,0.39878657
-261.03889,0.99093186,0.85908044,1,1,0,261.20866,0.17717761,-1.6249183,-1.4601076,-1.524833,-1.4788111,-1.63828,-1.2162497,-1.676013,-1.5013453,-1.2162497,-1.4420439,3,4,7,4,7,4,4,8,1,4,3,2,2,3,4,3,5,6,2,5,-0.13385803,0.46899923
-260.08584,1,0.85908044,2,3,0,260.8811,0.25233156,-1.6599794,-1.4480309,-1.528492,-1.5372124,-1.7016005,-1.3251614,-1.6292639,-1.5365631,-1.3251614,-1.4486119,1,3,3,5,6,1,4,4,2,6,7,4,5,3,4,3,6,6,2,6,0.12395246,0.2930315
-260.08584,0.87837828,0.85908044,1,3,0,260.5344,0.25233156,-1.6599794,-1.4480309,-1.528492,-1.5372124,-1.7016005,-1.3251614,-1.6292639,-1.5365631,-1.3251614,-1.4486119,8,5,7,4,8,3,5,8,5,6,4,4,4,1,6,1,3,7,4,7,0.12395246,0.48928754
-260.08418,0.99893559,0.85908044,2,3,0,260.09426,0.25128158,-1.6594526,-1.4481597,-1.5283572,-1.5363641,-1.7006073,-1.3236276,-1.6298831,-1.5360066,-1.3236276,-1.4484791,6,3,6,3,5,4,3,7,3,6,4,6,6,5,6,4,5,5,4,6,0.12118603,0.76620653
-260.08418,0.40771265,0.85908044,1,3,0,264.37481,0.25128158,-1.6594526,-1.4481597,-1.5283572,-1.5363641,-1.7006073,-1.3236276,-1.6298831,-1.5360066,-1.3236276,-1.4484791,4,4,6,1,7,3,7,7,2,6,3,5,8,7,5,1,1,5,5,8,0.12118603,0.43654306
-260.17423,0.9741875,0.85908044,1,3,0,260.21697,0.22450327,-1.6463725,-1.4518315,-1.5257258,-1.5150372,-1.6763362,-1.2846268,-1.6459997,-1.5224449,-1.2846268,-1.4454812,6,5,4,5,8,1,5,6,2,8,4,4,3,2,7,2,1,7,2,7,0.04364294,0.5029894
-261.65271,0.74709833,0.85908044,1,3,0,261.88445,0.15917508,-1.6173109,-1.4638446,-1.52574,-1.4655305,-1.6253709,-1.1904211,-1.6879425,-1.494242,-1.1904211,-1.4413738,7,4,6,3,7,3,3,7,4,3,3,4,8,1,6,1,3,5,1,6,-0.21936289,0.66023625
-260.18399,0.99382969,0.85908044,2,3,0,261.67848,0.22335976,-1.6458292,-1.4520047,-1.5256478,-1.5141397,-1.6753446,-1.2829664,-1.6467018,-1.5218924,-1.2829664,-1.4453699,5,1,8,8,7,3,2,8,4,7,5,4,5,2,8,1,6,5,1,5,0.040009894,0.84318411
-260.11176,1,0.85908044,1,1,0,260.16674,0.23413019,-1.6509962,-1.4504264,-1.5264935,-1.522636,-1.6848289,-1.2986216,-1.6401336,-1.5271818,-1.2986216,-1.4464724,6,1,5,5,7,2,5,8,3,8,6,3,4,5,7,4,6,7,1,6,0.073138426,0.4191447
-260.29911,0.96564827,0.85908044,1,3,0,260.30434,0.21274961,-1.6408466,-1.4536755,-1.5250582,-1.5058643,-1.6663165,-1.2675797,-1.6532714,-1.5168687,-1.2675797,-1.4444037,5,2,6,3,8,1,3,8,2,7,4,1,5,3,3,3,4,6,1,1,0.00491119,0.3127086
-260.27375,0.97136597,0.85908044,2,3,0,260.63195,0.2147672,-1.6417859,-1.453349,-1.5251518,-1.5074307,-1.6680093,-1.2705029,-1.6520146,-1.5178098,-1.2705029,-1.4445782,1,5,7,2,6,4,4,6,3,8,6,6,6,1,5,2,4,7,3,7,0.011783797,0.074353524
-260.16145,1,0.85908044,1,1,0,260.25073,0.22609948,-1.6471331,-1.451592,-1.5258393,-1.5162918,-1.6777265,-1.2869452,-1.6450214,-1.5232197,-1.2869452,-1.4456388,4,4,4,6,6,3,5,6,1,6,3,4,5,5,5,5,2,6,2,3,0.048667319,0.27443466
-260.29115,0.97064266,0.85908044,1,1,0,260.29292,0.21336903,-1.6411346,-1.4535748,-1.525086,-1.5063448,-1.666835,-1.268477,-1.6528851,-1.5171569,-1.268477,-1.4444568,8,3,6,3,5,4,2,6,3,6,4,3,2,7,5,3,2,8,1,8,0.0070313585,0.87304048
-260.12536,0.90658959,0.85908044,2,3,0,260.9973,0.26327898,-1.6655348,-1.4467558,-1.5300404,-1.5461107,-1.7121456,-1.3411748,-1.6228658,-1.5424786,-1.3411748,-1.4500645,7,4,7,2,7,2,4,8,4,5,6,2,6,3,4,1,4,7,2,6,0.15167244,0.27326165
-260.47176,0.95222402,0.85908044,2,3,0,260.4778,0.201489,-1.6356752,-1.4555738,-1.5246958,-1.4971848,-1.6570724,-1.2512883,-1.6603511,-1.5117369,-1.2512883,-1.4435094,7,4,5,3,8,2,3,8,4,4,2,2,5,3,6,4,7,7,2,5,-0.035267554,0.65037581
-260.39383,1,0.85908044,1,1,0,260.50672,0.20614763,-1.6378002,-1.4547729,-1.524813,-1.5007626,-1.6608549,-1.2580234,-1.6574087,-1.5138352,-1.2580234,-1.4438629,7,3,6,3,5,3,2,5,3,8,4,6,5,3,7,1,4,6,1,8,-0.018261001,0.36786029
-260.08388,0.99076077,0.85908044,1,3,0,260.43237,0.25106373,-1.6593434,-1.4481866,-1.5283295,-1.5361882,-1.7004017,-1.3233093,-1.6300117,-1.5358914,-1.3233093,-1.4484517,6,3,5,5,5,4,5,8,2,5,5,1,7,2,6,4,7,7,2,5,0.1206096,0.46295212
-260.20109,0.97102934,0.85908044,2,3,0,260.27872,0.27386508,-1.6710162,-1.4456423,-1.5317868,-1.5548085,-1.7226751,-1.3566961,-1.6167787,-1.5483977,-1.3566961,-1.4515867,3,1,6,6,7,5,2,7,6,6,5,6,5,4,8,3,2,6,5,7,0.17662032,0.73259714
-260.20109,0.80650714,0.85908044,1,3,0,260.88623,0.27386508,-1.6710162,-1.4456423,-1.5317868,-1.5548085,-1.7226751,-1.3566961,-1.6167787,-1.5483977,-1.3566961,-1.4515867,3,4,3,5,5,3,1,5,2,8,5,1,7,4,5,1,2,8,1,7,0.17662032,0.15469838
-260.24327,0.98788879,0.85908044,1,1,0,260.26885,0.27827925,-1.6733336,-1.4452129,-1.5325877,-1.5584622,-1.7271633,-1.3631788,-1.6142695,-1.5509243,-1.3631788,-1.4522553,8,3,8,3,8,2,2,8,5,4,5,2,7,4,4,4,4,8,1,4,0.18651231,0.68080804
-260.113,1,0.85908044,2,3,0,260.21252,0.23386784,-1.6508691,-1.4504634,-1.52647,-1.5224279,-1.684594,-1.2982398,-1.6402923,-1.5270506,-1.2982398,-1.4464441,7,2,7,4,8,5,3,8,4,6,3,4,6,3,8,3,4,8,3,7,0.072359762,0.93108347
-260.13984,0.98748824,0.85908044,2,3,0,260.2203,0.22913141,-1.6485844,-1.4511441,-1.52607,-1.5186807,-1.6803867,-1.2913511,-1.6431694,-1.5247029,-1.2913511,-1.4459455,5,3,3,6,6,4,6,8,3,4,8,4,8,3,6,1,3,8,2,6,0.058062512,0.17032427
-261.40363,0.82693335,0.85908044,2,3,0,261.6927,0.16586227,-1.6201012,-1.4624189,-1.5253234,-1.4704312,-1.6300674,-1.2000038,-1.6834782,-1.4968227,-1.2000038,-1.4415811,6,4,3,2,7,3,6,6,4,3,6,1,7,2,5,1,5,5,2,4,-0.1861948,0.26292439
-260.58647,1,0.85908044,1,1,0,261.25258,0.19547236,-1.6329612,-1.4566406,-1.524613,-1.492591,-1.6522743,-1.2425998,-1.6641792,-1.5090783,-1.2425998,-1.4430872,6,4,4,5,7,1,4,6,1,7,6,5,7,6,8,3,5,7,2,4,-0.058076783,0.62789348
-260.90125,0.94152365,0.85908044,1,1,0,260.94201,0.18209622,-1.6270497,-1.4591426,-1.5247042,-1.4824879,-1.641955,-1.2233239,-1.6728028,-1.5033728,-1.2233239,-1.4422887,4,1,7,4,8,2,5,5,3,3,2,3,6,2,6,3,4,7,3,8,-0.11247115,0.8810922
-261.51494,0.89986557,0.85908044,1,1,0,261.55367,0.16278748,-1.618813,-1.463069,-1.5255033,-1.4681731,-1.6278935,-1.1955959,-1.685526,-1.4956276,-1.1955959,-1.4414797,6,5,7,6,4,3,5,5,2,5,4,3,7,3,6,1,4,6,2,6,-0.2012276,0.5122895
-261.70194,0.97149253,0.85908044,1,1,0,261.91671,0.1579315,-1.6167966,-1.4641146,-1.5258279,-1.4646234,-1.6245103,-1.1886406,-1.688777,-1.4937696,-1.1886406,-1.4413407,4,2,8,6,8,2,3,8,5,4,4,4,5,3,5,2,4,4,4,5,-0.22572832,0.94496148
-260.916,1,0.85908044,1,1,0,261.58988,0.18154741,-1.6268108,-1.459249,-1.524716,-1.4820766,-1.6415417,-1.2225342,-1.6731599,-1.5031447,-1.2225342,-1.4422601,4,3,3,7,7,2,1,8,2,5,4,4,5,3,7,4,4,4,3,7,-0.11481879,0.68473161
-260.44163,1,0.85908044,1,1,0,260.82834,0.20322497,-1.6364647,-1.4552728,-1.5247341,-1.4985159,-1.658475,-1.2537972,-1.6592525,-1.5125148,-1.2537972,-1.4436384,6,1,8,5,8,1,4,8,3,7,7,4,8,3,6,3,2,5,1,4,-0.028865135,0.69499306
-260.52364,0.98329392,0.85908044,1,1,0,260.58341,0.19866288,-1.6343962,-1.4560703,-1.5246473,-1.4950232,-1.6548065,-1.2472058,-1.6621453,-1.5104809,-1.2472058,-1.4433063,4,2,6,2,6,2,1,5,2,4,7,4,6,7,5,3,5,4,1,7,-0.045860037,0.52894812
-260.72704,0.96068641,0.85908044,1,1,0,260.77674,0.18904978,-1.6301018,-1.4578195,-1.5246094,-1.487721,-1.6472598,-1.2333375,-1.6683003,-1.5063037,-1.2333375,-1.4426797,6,2,6,7,5,1,3,8,3,3,3,5,5,1,7,6,2,7,2,5,-0.083534038,0.77318488
-260.28104,0.99054482,0.85908044,1,3,0,260.63298,0.21417359,-1.6415091,-1.4534446,-1.5251234,-1.5069695,-1.6675101,-1.2696427,-1.652384,-1.5175322,-1.2696427,-1.4445264,7,3,6,2,6,3,8,4,4,8,3,1,7,1,5,3,5,8,1,7,0.0097716841,0.30003258
-260.18384,1,0.85908044,1,1,0,260.26634,0.22337744,-1.6458376,-1.452002,-1.525649,-1.5141535,-1.6753599,-1.282992,-1.646691,-1.5219009,-1.282992,-1.4453716,5,2,7,1,6,4,6,6,6,6,3,5,4,3,5,2,8,5,7,3,0.04006627,0.33285832
-260.35273,0.98752877,0.85908044,2,3,0,260.35457,0.20885891,-1.6390463,-1.4543169,-1.5249024,-1.5028533,-1.6630834,-1.2619463,-1.655705,-1.5150725,-1.2619463,-1.4440794,6,4,7,3,7,3,4,8,3,6,5,3,2,1,6,2,3,7,3,3,-0.0086158294,0.61067571
-260.35273,0.79312137,0.85908044,1,3,0,261.66596,0.20885891,-1.6390463,-1.4543169,-1.5249024,-1.5028533,-1.6630834,-1.2619463,-1.655705,-1.5150725,-1.2619463,-1.4440794,8,2,5,2,8,1,3,8,6,7,4,7,6,1,4,6,6,6,2,7,-0.0086158294,0.56717276
-260.39429,0.9911745,0.85908044,1,1,0,260.44567,0.20611837,-1.6377867,-1.4547778,-1.5248121,-1.5007401,-1.660831,-1.2579811,-1.6574272,-1.5138219,-1.2579811,-1.4438607,7,2,3,3,8,2,6,8,2,5,3,3,3,2,8,3,4,6,1,7,-0.018366112,0.89812091
-261.12095,0.87213914,0.85908044,2,3,0,261.70691,0.17443728,-1.6237407,-1.4606557,-1.524927,-1.4767716,-1.6362603,-1.2123117,-1.6778107,-1.5002319,-1.2123117,-1.441919,8,2,6,3,8,2,2,8,3,3,7,5,7,4,6,5,6,3,2,6,-0.14612061,0.32234569
-260.73214,1,0.85908044,1,1,0,261.09997,0.18883214,-1.6300055,-1.4578602,-1.5246108,-1.4875566,-1.6470918,-1.2330239,-1.6684406,-1.5062108,-1.2330239,-1.4426666,3,1,2,3,7,4,1,6,6,7,5,3,6,3,8,1,5,8,1,5,-0.084417596,0.492549
-260.35604,1,0.85908044,1,1,0,260.66011,0.20863267,-1.638942,-1.4543546,-1.5248944,-1.5026787,-1.6628967,-1.2616189,-1.6558469,-1.5149688,-1.2616189,-1.444061,3,5,4,3,4,6,6,4,3,6,5,3,8,2,3,3,2,7,5,4,-0.0094136947,0.52971189
-260.97849,0.90762933,0.85908044,1,3,0,260.97909,0.17928255,-1.6258277,-1.4596916,-1.5247716,-1.4803821,-1.6398449,-1.2192762,-1.6746366,-1.5022084,-1.2192762,-1.4421454,5,4,6,5,5,3,7,7,1,2,6,6,6,5,5,4,3,6,1,2,-0.12460914,0.50681332
-260.12166,0.94323893,0.85908044,1,3,0,261.27672,0.26258258,-1.665178,-1.4468332,-1.5299342,-1.5455418,-1.7114645,-1.340155,-1.6232697,-1.5420961,-1.340155,-1.4499684,5,2,8,6,4,3,2,7,1,6,3,1,6,3,8,1,2,7,1,7,0.14996865,0.82309212
-260.09631,1,0.85908044,1,1,0,260.1156,0.25655199,-1.6621075,-1.4475245,-1.529058,-1.5406312,-1.7056248,-1.3313303,-1.6267849,-1.5388191,-1.3313303,-1.4491572,3,1,5,4,4,3,3,8,1,6,6,7,6,4,7,2,4,6,3,5,0.13487908,0.43595392
-260.10723,0.96243512,0.85908044,2,3,0,260.31074,0.23513492,-1.6514839,-1.4502852,-1.5265852,-1.5234335,-1.6857302,-1.3000839,-1.639526,-1.5276851,-1.3000839,-1.4465815,7,4,5,2,8,1,5,8,2,4,5,4,6,1,4,4,8,8,3,6,0.076107834,0.31463604
-260.10723,0.59354111,0.85908044,1,3,0,262.18559,0.23513492,-1.6514839,-1.4502852,-1.5265852,-1.5234335,-1.6857302,-1.3000839,-1.639526,-1.5276851,-1.3000839,-1.4465815,7,2,6,6,6,4,3,8,6,2,8,3,6,3,5,2,3,5,4,3,0.076107834,0.67724149
-261.19051,0.84743031,0.85908044,2,3,0,261.41032,0.1722114,-1.6227893,-1.4611064,-1.525015,-1.4751197,-1.6346342,-1.2091147,-1.6792757,-1.4993361,-1.2091147,-1.4418235,4,5,6,3,5,2,6,7,1,8,6,6,4,3,1,3,4,6,2,6,-0.15627048,0.35249674
-260.28072,0.90909918,0.85908044,2,3,0,262.24959,0.28174999,-1.675169,-1.4448897,-1.5332474,-1.5613462,-1.730733,-1.3682804,-1.6123086,-1.5529353,-1.3682804,-1.452795,6,1,7,6,8,1,2,8,2,4,5,4,5,1,7,2,5,4,1,8,0.19408674,0.63757268
-260.58999,0.91072095,0.85908044,1,1,0,260.60974,0.3029796,-1.6866482,-1.4431921,-1.5378632,-1.5791984,-1.7533576,-1.3995702,-1.6005445,-1.5657104,-1.3995702,-1.4563626,4,3,8,3,7,7,4,7,1,4,6,1,7,5,8,2,5,2,4,7,0.23672907,0.87146572
-260.22442,1,0.85908044,1,1,0,260.48662,0.27638561,-1.6723372,-1.4453946,-1.5322389,-1.5568929,-1.7252308,-1.360397,-1.6153438,-1.5498361,-1.360397,-1.451966,7,4,7,5,8,4,4,8,2,6,7,2,6,5,6,4,6,6,1,6,0.18230458,0.81868273
-260.11497,0.98488278,0.85908044,1,3,0,260.32182,0.23346234,-1.6506726,-1.4505208,-1.5264338,-1.5221063,-1.6842313,-1.2976498,-1.6405379,-1.5268482,-1.2976498,-1.4464005,3,4,8,6,6,2,5,4,2,7,3,4,4,4,6,3,3,6,3,7,0.071153534,0.16007547
-260.44008,0.91074722,0.85908044,1,3,0,260.62496,0.29383329,-1.6816492,-1.4438644,-1.535752,-1.5714626,-1.7434426,-1.3860717,-1.6055643,-1.5601057,-1.3860717,-1.4547696,1,1,6,4,5,5,4,7,3,3,4,2,6,2,7,2,6,5,3,7,0.21911282,0.68981929
-260.0911,1,0.85908044,1,3,0,260.36704,0.2547491,-1.6611963,-1.4477385,-1.5288115,-1.539169,-1.7038994,-1.3286944,-1.627842,-1.5378516,-1.3286944,-1.448922,5,3,4,3,7,2,3,8,1,4,7,2,6,3,5,4,6,8,3,2,0.13024899,0.77717029
-260.34585,0.96228692,0.85908044,2,3,0,260.36459,0.2093337,-1.6392652,-1.4542378,-1.5249197,-1.5032201,-1.6634757,-1.2626335,-1.6554073,-1.5152904,-1.2626335,-1.4441181,6,3,2,3,5,2,7,8,6,6,1,3,7,1,7,3,2,6,1,7,-0.0069454406,0.46297557
-260.74248,0.86784598,0.85908044,1,3,0,261.45089,0.31103745,-1.6911196,-1.4426744,-1.5398778,-1.5860693,-1.7623058,-1.4114848,-1.5961831,-1.5707764,-1.4114848,-1.4578358,7,1,5,5,6,2,3,6,3,6,5,1,7,5,7,2,3,8,1,5,0.25134915,0.26153126
-261.17148,0.86930469,0.85908044,1,1,0,261.31135,0.3298648,-1.7018134,-1.4417394,-1.5451532,-1.6023256,-1.7840056,-1.4394065,-1.5862157,-1.5830908,-1.4394065,-1.4615312,6,2,7,5,7,3,1,5,3,6,5,3,5,3,4,3,5,6,4,7,0.28241127,0.59041472
-260.40336,1,0.85908044,2,3,0,260.97585,0.20554635,-1.6375247,-1.454875,-1.5247952,-1.5002998,-1.6603634,-1.2571537,-1.6577874,-1.5135624,-1.2571537,-1.443816,7,2,5,3,8,3,6,6,2,5,6,2,4,4,4,1,4,6,3,7,-0.020424897,0.49227764
-260.13569,0.91253328,0.85908044,2,3,0,261.22635,0.26508085,-1.6664602,-1.446558,-1.5303204,-1.5475847,-1.7139147,-1.3438142,-1.6218228,-1.5434722,-1.3438142,-1.4503155,5,1,7,3,3,4,7,8,2,6,5,3,6,2,7,3,5,5,3,6,0.15604427,0.39757
-260.09338,1,0.85908044,1,1,0,260.1242,0.25558252,-1.6616172,-1.4476392,-1.5289246,-1.5398446,-1.7046958,-1.3299128,-1.627353,-1.5382982,-1.3299128,-1.4490303,6,2,6,4,7,2,5,8,3,5,5,3,4,2,8,2,8,8,1,7,0.13239626,0.69420397
-260.21608,0.87015138,0.85908044,2,3,0,260.90431,0.21995376,-1.6442181,-1.4525286,-1.5254323,-1.5114729,-1.6724126,-1.2780232,-1.6488,-1.5202596,-1.2780232,-1.4450467,7,4,7,3,8,7,1,8,3,6,4,6,4,1,7,2,3,8,2,3,0.029019451,0.86472998
-260.142,0.97006997,0.85908044,2,3,0,260.455,0.26610033,-1.6669852,-1.4464475,-1.5304819,-1.5484199,-1.7149198,-1.3453079,-1.6212339,-1.5440369,-1.3453079,-1.4504589,6,3,8,7,7,2,6,5,2,4,5,5,7,2,4,2,5,5,4,8,0.15849465,0.50941166
-260.37457,0.91765807,0.85908044,2,3,0,260.65364,0.20739273,-1.6383715,-1.4545625,-1.5248521,-1.501722,-1.6618758,-1.2598246,-1.6566255,-1.5144019,-1.2598246,-1.4439614,7,5,5,2,6,2,2,5,6,3,8,1,4,5,4,3,3,6,1,5,-0.013808993,0.42097002
-260.08141,0.84106188,0.85908044,2,3,0,262.00606,0.2465292,-1.6570814,-1.4487573,-1.527777,-1.532536,-1.6961515,-1.3166895,-1.6326976,-1.5335114,-1.3166895,-1.4478924,6,5,4,3,3,3,6,6,2,6,4,1,7,1,8,3,7,6,1,3,0.10841963,0.11809815
-260.08141,0.48035189,0.85908044,1,3,0,263.49374,0.2465292,-1.6570814,-1.4487573,-1.527777,-1.532536,-1.6961515,-1.3166895,-1.6326976,-1.5335114,-1.3166895,-1.4478924,5,5,3,4,4,2,2,8,1,6,6,4,7,3,2,3,5,6,2,6,0.10841963,0.16786587
-260.23408,0.97438172,0.85908044,2,3,0,260.26946,0.21822787,-1.6434059,-1.4527985,-1.5253325,-1.5101253,-1.6709391,-1.2755198,-1.6498671,-1.5194396,-1.2755198,-1.4448877,6,1,8,4,7,6,4,7,5,6,4,6,4,5,6,1,7,4,2,6,0.023352014,0.82864334
-260.35626,0.97332539,0.85908044,1,1,0,260.36905,0.20861726,-1.6389349,-1.4543572,-1.5248938,-1.5026668,-1.662884,-1.2615966,-1.6558566,-1.5149617,-1.2615966,-1.4440598,8,1,6,2,7,4,6,4,2,4,8,3,8,4,5,2,4,4,2,4,-0.0094680866,0.57092983
-260.17239,1,0.85908044,2,3,0,260.31502,0.22472622,-1.6464786,-1.4517979,-1.5257413,-1.5152123,-1.67653,-1.2849505,-1.6458629,-1.5225528,-1.2849505,-1.445503,7,1,7,5,8,1,4,8,1,2,1,3,3,3,7,3,3,5,6,2,0.044347995,0.81909215
-260.26419,0.99305522,0.85908044,2,3,0,260.27036,0.215564,-1.6421579,-1.4532211,-1.5251911,-1.5080502,-1.668681,-1.2716576,-1.6515192,-1.5181833,-1.2716576,-1.4446484,6,4,3,7,8,2,4,6,2,3,4,2,1,2,7,7,1,6,3,5,0.014471737,0.36770911
-260.08976,1,0.85908044,1,3,0,260.23859,0.24030277,-1.6540073,-1.4495756,-1.5270909,-1.5275486,-1.6904112,-1.3076102,-1.6364149,-1.5303004,-1.3076102,-1.4471592,8,1,8,5,8,4,4,8,6,4,6,4,2,3,5,1,6,3,3,5,0.091068563,0.84410748
-260.36165,0.6999674,0.85908044,2,3,0,262.45559,0.20825241,-1.6387669,-1.4544182,-1.524881,-1.5023851,-1.6625832,-1.2610686,-1.6560856,-1.5147947,-1.2610686,-1.4440303,7,2,4,5,7,3,2,7,2,4,6,3,5,4,5,1,3,6,3,7,-0.01075759,0.55330379
-260.09508,0.98448239,0.85908044,1,3,0,260.44291,0.25615582,-1.661907,-1.4475712,-1.5290032,-1.5403097,-1.7052448,-1.330751,-1.6270169,-1.538606,-1.330751,-1.4491053,7,3,7,3,7,4,4,5,3,6,6,2,4,5,4,3,7,5,2,8,0.13386641,0.67450073
-260.35267,0.94360239,0.85908044,1,3,0,260.36369,0.28762838,-1.6783039,-1.4443715,-1.5344256,-1.5662529,-1.7368611,-1.3769298,-1.6090115,-1.5563906,-1.3769298,-1.4537371,6,2,6,4,8,2,2,8,3,6,5,4,3,2,2,2,3,4,5,6,0.20651793,0.65953648
-260.35267,0.73159397,0.85908044,1,1,0,261.03981,0.28762838,-1.6783039,-1.4443715,-1.5344256,-1.5662529,-1.7368611,-1.3769298,-1.6090115,-1.5563906,-1.3769298,-1.4537371,4,2,3,3,7,1,4,8,3,8,3,4,5,5,5,2,4,5,4,7,0.20651793,0.310419
-260.81132,0.75293589,0.85908044,2,7,0,261.78838,0.18556883,-1.6285682,-1.4584758,-1.524644,-1.4850962,-1.6445881,-1.2283228,-1.670549,-1.504827,-1.2283228,-1.4424774,6,2,3,4,8,4,3,8,2,5,2,3,5,6,5,1,4,5,3,8,-0.097835325,0.60929474
-260.1197,1,0.85908044,1,3,0,260.73657,0.23253723,-1.6502251,-1.4506523,-1.5263527,-1.5213733,-1.6834057,-1.2963039,-1.6410986,-1.5263873,-1.2963039,-1.4463017,7,3,3,4,7,4,5,5,1,7,8,5,7,6,7,5,3,3,2,7,0.068389233,0.48858366
-260.52587,0.64786895,0.85908044,2,3,0,262.76112,0.19854572,-1.6343433,-1.4560911,-1.5246457,-1.4949337,-1.654713,-1.2470366,-1.6622198,-1.5104291,-1.2470366,-1.443298,6,3,6,4,8,3,2,8,2,5,5,5,7,5,6,1,5,5,2,6,-0.046303753,0.29445925
-260.2083,0.94520067,0.85908044,1,3,0,260.90715,0.27466762,-1.6714361,-1.4455627,-1.5319292,-1.5554716,-1.7234868,-1.3578743,-1.6163212,-1.5488545,-1.3578743,-1.4517068,5,3,7,4,7,5,4,7,5,6,8,4,6,8,5,2,5,6,6,7,0.17844062,0.49846387
-260.2083,0.92966532,0.85908044,1,1,0,260.39074,0.27466762,-1.6714361,-1.4455627,-1.5319292,-1.5554716,-1.7234868,-1.3578743,-1.6163212,-1.5488545,-1.3578743,-1.4517068,7,3,7,3,8,5,5,8,1,4,4,7,5,2,4,5,3,8,2,6,0.17844062,0.55351489
-260.37563,0.91137388,0.85908044,1,3,0,260.77715,0.2073231,-1.6383396,-1.4545743,-1.5248498,-1.5016683,-1.6618186,-1.2597239,-1.6566693,-1.5143702,-1.2597239,-1.4439558,5,8,4,1,4,1,4,5,2,5,7,3,6,5,6,2,3,6,3,7,-0.014056947,0.27614087
-261.32804,0.92811334,0.85908044,2,3,0,261.3507,0.335824,-1.7052704,-1.4415242,-1.54699,-1.6075298,-1.7911089,-1.4482685,-1.583126,-1.5871304,-1.4482685,-1.4627743,7,1,7,4,6,3,5,8,3,5,3,5,4,7,8,2,5,6,1,3,0.29138329,0.67425921
-260.13136,1,0.85908044,2,3,0,261.42011,0.23047781,-1.6492317,-1.4509483,-1.5261788,-1.519744,-1.6815763,-1.2933086,-1.6423496,-1.5253665,-1.2933086,-1.4460849,6,5,7,4,5,1,5,8,3,4,4,3,7,3,3,3,5,7,2,4,0.062173296,0.52490092
-260.91208,0.90163762,0.85908044,2,3,0,261.07419,0.31902045,-1.6956117,-1.4422308,-1.5420171,-1.5929276,-1.7713703,-1.4233097,-1.5919187,-1.5759155,-1.4233097,-1.4593595,5,6,3,3,7,3,2,7,2,4,2,6,5,3,6,3,3,7,5,6,0.2650364,0.4264018
-260.43731,1,0.85908044,2,3,0,260.80931,0.29364841,-1.681549,-1.443879,-1.5357113,-1.5713069,-1.7432448,-1.3857991,-1.6056665,-1.559994,-1.3857991,-1.4547383,1,1,5,4,8,3,5,8,3,3,5,5,6,2,7,5,4,7,4,7,0.21874519,0.70033959
-260.33319,1,0.85908044,1,1,0,260.46036,0.28611941,-1.677496,-1.444501,-1.5341159,-1.5649907,-1.7352781,-1.3747084,-1.609855,-1.5554977,-1.3747084,-1.4534919,5,4,5,6,7,6,5,5,6,6,3,5,5,4,6,7,7,8,2,7,0.20337386,0.39198845
-260.76603,0.61071165,0.85908044,2,3,0,262.89954,0.31219966,-1.6917697,-1.4426055,-1.5401803,-1.5870646,-1.7636131,-1.413205,-1.5955588,-1.5715171,-1.413205,-1.4580537,5,2,6,1,7,3,3,8,4,7,5,2,7,5,5,3,4,7,3,3,0.25339043,0.22329906
-260.76603,0.62354714,0.85908044,2,3,0,263.24683,0.31219966,-1.6917697,-1.4426055,-1.5401803,-1.5870646,-1.7636131,-1.413205,-1.5955588,-1.5715171,-1.413205,-1.4580537,7,2,6,3,7,1,7,3,3,4,6,5,5,3,5,3,3,8,1,3,0.25339043,0.15060131
-261.81683,0.70484198,0.85908044,1,1,0,261.9129,0.35246044,-1.7151057,-1.4411311,-1.5525464,-1.6222076,-1.8115492,-1.4730712,-1.5746669,-1.5987769,-1.4730712,-1.4664302,3,1,6,8,8,1,3,6,3,7,6,5,7,3,5,2,2,6,6,5,0.31436719,0.61048226
-260.3173,1,0.85908044,1,3,0,261.34347,0.2848467,-1.6768163,-1.4446121,-1.5338586,-1.5639275,-1.7339483,-1.3728355,-1.6105679,-1.5547478,-1.3728355,-1.4532869,7,4,5,4,6,1,3,8,3,4,5,4,5,4,7,1,5,6,1,7,0.20069697,0.56281519
-260.48386,0.98363512,0.85908044,2,3,0,260.52581,0.29666706,-1.6831894,-1.4436466,-1.5363863,-1.5738521,-1.7464872,-1.390251,-1.6040011,-1.5618258,-1.390251,-1.4552542,4,1,7,2,6,2,3,6,3,6,8,6,7,2,7,2,4,6,2,6,0.22468979,0.49028631
-260.1655,0.95795255,0.85908044,1,3,0,260.72856,0.22558046,-1.6468855,-1.4516696,-1.5258018,-1.5158836,-1.6772736,-1.2861912,-1.6453393,-1.5229673,-1.2861912,-1.4455872,6,6,6,4,8,3,3,7,6,4,5,3,4,4,7,2,3,7,2,4,0.047039579,0.72816681
-260.93318,0.86628253,0.85908044,1,3,0,260.99472,0.18091536,-1.6265359,-1.459372,-1.5247304,-1.4816033,-1.6410668,-1.2216249,-1.6735715,-1.5028826,-1.2216249,-1.4422275,4,1,4,3,5,1,7,7,2,6,3,3,7,4,6,2,6,8,4,4,-0.11753435,0.30314259
-260.86698,1,0.85908044,1,1,0,261.06519,0.18339293,-1.6276154,-1.4588922,-1.5246787,-1.4834606,-1.6429345,-1.2251901,-1.6719599,-1.5039136,-1.2251901,-1.4423576,5,1,7,6,7,7,4,8,3,6,2,1,8,5,7,3,6,8,1,3,-0.10696204,0.31176832
-260.67455,1,0.85908044,1,1,0,260.90847,0.19134766,-1.6311203,-1.457393,-1.5246006,-1.4894594,-1.6490412,-1.2366499,-1.6668217,-1.5072889,-1.2366499,-1.4428204,7,2,4,4,5,2,5,6,1,5,5,4,8,3,8,3,2,7,4,5,-0.07429004,0.079423406
-260.78996,0.97825134,0.85908044,1,1,0,260.8858,0.18642888,-1.628946,-1.4583125,-1.5246331,-1.4857437,-1.6452452,-1.2295615,-1.6699924,-1.5051901,-1.2295615,-1.4425261,4,3,7,4,7,1,4,8,5,7,5,3,6,1,4,3,5,2,3,6,-0.094267904,0.60528796
-261.45324,0.88958286,0.85908044,1,1,0,261.475,0.16447343,-1.6195182,-1.4627114,-1.5254022,-1.4694102,-1.6290824,-1.1980125,-1.6844022,-1.4962811,-1.1980125,-1.441534,3,2,5,3,7,3,6,8,2,1,6,1,6,4,7,3,5,5,1,7,-0.19293988,0.47973707
-262.78613,0.82351013,0.85908044,1,1,0,262.7988,0.1350633,-1.6075971,-1.4693501,-1.5280219,-1.4481821,-1.6093925,-1.1559823,-1.7043626,-1.4854951,-1.1559823,-1.4410387,5,2,5,4,7,3,5,7,5,3,6,3,2,2,7,4,4,5,1,6,-0.3553512,0.65798339
-261.76506,1,0.85908044,1,1,0,262.71122,0.15637008,-1.6161529,-1.4644557,-1.5259428,-1.4634864,-1.6234354,-1.1864057,-1.6898266,-1.4931797,-1.1864057,-1.4413016,6,3,7,4,7,1,2,7,5,2,7,2,6,4,7,3,3,8,2,6,-0.23381165,0.82996713
-260.08153,1,0.85908044,2,3,0,261.48801,0.24830937,-1.657967,-1.4485307,-1.5279886,-1.5339678,-1.697813,-1.3192875,-1.631641,-1.5344416,-1.3192875,-1.4481094,5,2,6,4,7,1,6,7,2,6,7,5,5,5,6,2,1,7,1,7,0.11324919,0.24499188
-260.1063,0.99333563,0.85908044,1,3,0,260.11467,0.23535231,-1.6515895,-1.4502548,-1.5266053,-1.5236061,-1.6859256,-1.3004003,-1.6393946,-1.5277942,-1.3004003,-1.4466052,4,3,6,1,1,3,4,8,1,7,2,1,4,6,6,4,1,6,1,8,0.076747676,0.081621544
-260.08142,0.94127092,0.85908044,2,3,0,260.50601,0.24649093,-1.6570623,-1.4487622,-1.5277725,-1.5325052,-1.6961159,-1.3166336,-1.6327203,-1.5334915,-1.3166336,-1.4478877,5,1,5,3,7,1,4,8,4,2,6,3,5,2,6,1,4,7,2,7,0.10831516,0.41094091
-261.67408,0.64047454,0.85908044,2,3,0,262.98246,0.34785876,-1.712358,-1.4412091,-1.5509461,-1.6181258,-1.8058047,-1.4662015,-1.5769822,-1.5955005,-1.4662015,-1.4653917,2,6,6,3,7,3,3,6,2,2,4,2,3,5,7,3,5,7,1,7,0.30830661,0.15271457
-260.37993,1,0.85908044,1,1,0,261.26634,0.28965445,-1.6793922,-1.4442014,-1.5348493,-1.5679506,-1.7389973,-1.3799135,-1.6078822,-1.557596,-1.3799135,-1.45407,4,3,4,4,8,7,2,8,5,3,6,2,2,2,7,3,3,6,3,7,0.21068912,0.48762237
-260.08135,0.98867461,0.85908044,2,3,0,260.45166,0.24757001,-1.6575988,-1.4486244,-1.5278999,-1.5333728,-1.6971218,-1.3182083,-1.6320795,-1.5340546,-1.3182083,-1.4480188,7,5,5,2,8,3,7,7,1,1,3,1,4,1,8,3,3,7,3,5,0.11125028,0.61104815
-260.1309,0.99034578,0.85908044,2,3,0,260.15018,0.26426744,-1.6660421,-1.4466469,-1.5301931,-1.546919,-1.7131149,-1.3426226,-1.6222933,-1.543023,-1.3426226,-1.4502018,2,1,7,2,8,2,2,8,2,4,5,2,3,2,3,2,4,5,4,3,0.15407722,0.74636169
-260.08438,1,0.85908044,1,3,0,260.1206,0.25142221,-1.6595231,-1.4481424,-1.5283751,-1.5364777,-1.7007402,-1.323833,-1.6298001,-1.5360811,-1.323833,-1.4484968,4,2,8,1,7,4,2,7,4,7,1,4,5,4,6,1,4,8,3,7,0.12155768,0.59794951
-260.09676,0.94433501,0.85908044,2,3,0,260.40206,0.2378748,-1.6528186,-1.4499056,-1.5268461,-1.5256125,-1.6882025,-1.3040731,-1.6378737,-1.5290661,-1.3040731,-1.4468843,5,1,7,3,8,5,2,7,5,5,4,3,4,1,5,4,1,6,2,6,0.084104233,0.90381909
-260.12961,0.99195306,0.85908044,1,1,0,260.1298,0.23076927,-1.649372,-1.4509061,-1.5262028,-1.5199744,-1.6818345,-1.2937325,-1.6421723,-1.5255105,-1.2937325,-1.4461153,8,4,6,2,7,3,4,7,1,5,4,3,4,5,5,3,4,6,1,6,0.063058248,0.38587671
-260.08864,0.99991252,0.85908044,1,3,0,260.12003,0.24077535,-1.6542393,-1.4495121,-1.5271401,-1.527926,-1.690843,-1.3082989,-1.6361316,-1.5305418,-1.3082989,-1.4472134,6,3,7,4,7,2,5,7,8,2,6,2,2,5,5,3,4,6,1,6,0.092410957,0.87380233
-260.24727,0.96606097,0.85908044,1,3,0,260.26336,0.21702968,-1.6428437,-1.4529877,-1.5252671,-1.5091912,-1.669921,-1.2737823,-1.6506094,-1.5188731,-1.2737823,-1.4447791,5,1,2,3,7,2,4,7,3,6,5,4,8,2,5,1,5,7,2,4,0.019377805,0.49722641
-260.58517,0.97657555,0.85908044,2,3,0,260.5854,0.19553636,-1.6329899,-1.456629,-1.5246134,-1.4926397,-1.6523248,-1.2426922,-1.6641383,-1.5091063,-1.2426922,-1.4430915,6,2,6,2,4,3,3,6,3,8,7,1,6,5,4,3,5,6,3,7,-0.057828971,0.27380848
-261.2958,0.87588442,0.85908044,1,1,0,261.29919,0.16899234,-1.6214217,-1.4617669,-1.5251607,-1.4727383,-1.6323056,-1.2044938,-1.681402,-1.498054,-1.2044938,-1.4416951,8,2,5,4,8,2,3,5,3,3,8,3,3,2,4,2,5,4,2,5,-0.17125868,0.52896681
-260.90782,1,0.85908044,2,3,0,261.30319,0.1818511,-1.6269429,-1.4591901,-1.5247094,-1.4823042,-1.6417703,-1.2229712,-1.6729622,-1.5032709,-1.2229712,-1.4422759,5,7,3,4,7,1,7,5,3,7,5,6,6,6,7,1,4,8,4,2,-0.11351854,0.091341109
-260.34958,0.9863187,0.85908044,1,3,0,260.79406,0.20907563,-1.6391462,-1.4542807,-1.5249103,-1.5030207,-1.6632624,-1.26226,-1.6555691,-1.5151719,-1.26226,-1.444097,3,4,6,2,6,4,3,6,2,5,1,2,4,3,7,3,5,7,3,7,-0.0078526715,0.19929599
-260.12067,0.99848078,0.85908044,1,3,0,260.30185,0.23235395,-1.6501365,-1.4506785,-1.5263369,-1.5212281,-1.6832424,-1.2960373,-1.6412098,-1.5262962,-1.2960373,-1.4462822,4,2,8,5,8,2,3,4,5,5,7,4,7,4,8,1,5,8,2,4,0.067839519,0.73007473
-260.12067,0.64769215,0.85908044,1,3,0,261.92186,0.23235395,-1.6501365,-1.4506785,-1.5263369,-1.5212281,-1.6832424,-1.2960373,-1.6412098,-1.5262962,-1.2960373,-1.4462822,6,3,4,2,5,2,3,8,2,2,5,5,6,3,6,2,2,7,5,8,0.067839519,0.55988323
-261.71735,0.75902677,0.85908044,2,3,0,262.41632,0.34927343,-1.7132005,-1.4411826,-1.5514329,-1.6193788,-1.8075632,-1.4683126,-1.5762684,-1.5965032,-1.4683126,-1.4657087,5,3,5,3,3,3,5,7,1,2,6,1,2,6,7,3,2,7,5,8,0.31019353,0.44567307
-260.26814,1,0.85908044,2,3,0,261.58282,0.21523195,-1.6420028,-1.4532743,-1.5251746,-1.507792,-1.6684009,-1.2711764,-1.6517256,-1.5180276,-1.2711764,-1.4446191,6,1,5,1,8,3,6,3,4,6,7,7,7,4,7,1,2,4,1,7,0.013353392,0.32330074
-260.13427,0.92028516,0.85908044,2,3,0,260.87022,0.26484367,-1.6663382,-1.4465838,-1.5302831,-1.5473906,-1.7136813,-1.3434667,-1.6219599,-1.5433411,-1.3434667,-1.4502823,8,1,7,4,5,2,6,5,2,3,4,7,4,3,8,2,5,6,1,5,0.15547182,0.471245
-260.4053,0.96513492,0.85908044,2,3,0,260.40694,0.20542524,-1.6374693,-1.4548956,-1.5247918,-1.5002066,-1.6602645,-1.2569786,-1.6578637,-1.5135076,-1.2569786,-1.4438066,5,3,4,2,5,3,5,7,5,4,3,2,2,4,7,3,5,7,6,2,-0.020861849,0.34679924
-260.59766,0.93348718,0.85908044,2,3,0,261.1447,0.19492766,-1.6327172,-1.456739,-1.5246093,-1.4921766,-1.6518447,-1.2418138,-1.6645273,-1.5088405,-1.2418138,-1.443051,6,2,6,2,4,2,3,8,3,7,4,3,4,1,7,3,3,7,3,4,-0.060190442,0.51738089
-260.15415,1,0.85908044,2,3,0,260.48604,0.26792664,-1.6679281,-1.4462524,-1.5307769,-1.5499181,-1.7167279,-1.3479848,-1.6201813,-1.545053,-1.3479848,-1.4507186,6,1,5,4,7,3,4,6,4,7,4,4,3,1,7,3,3,7,3,7,0.16284284,0.99325114
-261.57369,0.72210648,0.85908044,1,3,0,261.60737,0.3445061,-1.7103692,-1.4412808,-1.5498107,-1.6151624,-1.8016632,-1.4612009,-1.5786808,-1.59314,-1.4612009,-1.4646482,6,4,6,3,5,5,7,7,2,6,5,4,3,6,8,6,2,3,1,5,0.30374971,0.37393721
-260.71937,1,0.85908044,1,1,0,261.38795,0.30987805,-1.6904724,-1.4427446,-1.539579,-1.5850774,-1.7610059,-1.4097691,-1.5968071,-1.57004,-1.4097691,-1.4576198,4,6,4,4,3,2,5,7,1,8,6,5,7,3,8,1,5,8,7,4,0.24929606,0.38861581
-261.05832,0.89582404,0.85908044,1,1,0,261.20097,0.32530308,-1.6991906,-1.4419304,-1.5438016,-1.5983609,-1.778645,-1.4326306,-1.588602,-1.580045,-1.4326306,-1.4606034,3,5,5,2,1,1,7,8,2,7,6,2,4,3,7,3,1,8,1,6,0.27526979,0.10586049
-260.09397,0.99689253,0.85908044,1,3,0,261.05652,0.23875665,-1.6532497,-1.449785,-1.5269336,-1.5263151,-1.6890028,-1.3053576,-1.6373432,-1.5295133,-1.3053576,-1.4469834,3,3,7,2,7,2,2,5,3,3,4,5,3,1,8,2,7,7,2,8,0.086646817,0.43648318
-260.09773,0.99968815,0.85908044,2,3,0,260.1001,0.23758847,-1.6526787,-1.4499449,-1.5268181,-1.5253845,-1.6879432,-1.3036561,-1.638046,-1.5289212,-1.3036561,-1.4468523,6,2,6,3,6,3,6,7,6,5,3,5,4,6,5,1,1,5,3,4,0.083275448,0.77909853
-260.127,0.99283001,0.85908044,1,1,0,260.12742,0.2312155,-1.649587,-1.4508418,-1.52624,-1.5203272,-1.6822302,-1.2943814,-1.6419011,-1.5257313,-1.2943814,-1.446162,6,7,5,5,7,5,3,6,5,5,4,2,5,3,5,3,3,7,1,7,0.064409773,0.25147676
-260.127,0.84819822,0.85908044,1,3,0,260.84636,0.2312155,-1.649587,-1.4508418,-1.52624,-1.5203272,-1.6822302,-1.2943814,-1.6419011,-1.5257313,-1.2943814,-1.446162,7,1,6,2,7,3,5,8,6,5,3,4,7,7,7,3,4,8,1,6,0.064409773,0.8494757
-260.32339,0.95612255,0.85908044,2,3,0,260.48339,0.21093145,-1.6400035,-1.4539733,-1.5249814,-1.5044557,-1.6648005,-1.2649466,-1.654407,-1.5160263,-1.2649466,-1.4442501,6,2,6,5,6,3,4,8,2,4,3,3,6,2,7,1,7,7,1,4,-0.0013646809,0.2650206
-260.30334,1,0.85908044,2,3,0,260.36528,0.2124249,-1.6406958,-1.4537284,-1.525044,-1.5056125,-1.666045,-1.2671094,-1.653474,-1.5167178,-1.2671094,-1.444376,6,3,6,5,7,4,3,8,2,5,4,4,6,3,6,3,3,6,1,7,0.003796146,0.73185452
-260.21641,1,0.85908044,2,3,0,260.29837,0.21992122,-1.6442027,-1.4525336,-1.5254303,-1.5114475,-1.6723847,-1.277976,-1.6488201,-1.5202441,-1.277976,-1.4450437,6,1,6,6,7,2,5,7,3,4,6,3,5,4,6,6,3,8,1,3,0.028913221,0.41229914
-261.18986,0.8524616,0.85908044,2,3,0,261.57952,0.17223154,-1.6227979,-1.4611023,-1.5250141,-1.4751346,-1.6346489,-1.2091436,-1.6792624,-1.4993441,-1.2091436,-1.4418244,7,3,6,6,8,1,3,8,5,4,4,4,4,2,4,4,3,8,5,7,-0.15617786,0.79040194
-261.22858,0.99348769,0.85908044,1,1,0,261.43705,0.17102741,-1.6222852,-1.4613481,-1.525066,-1.4742428,-1.6337746,-1.2074147,-1.6800567,-1.4988627,-1.2074147,-1.441775,5,2,8,4,6,1,3,8,6,5,6,2,8,3,6,2,3,6,2,6,-0.16174016,0.7051534
# 
#  Elapsed Time: 0.055 seconds (Warm-up)
#                0.047 seconds (Sampling)
#                0.102 seconds (Total)
# 
