# stan_version_major = 2
# stan_version_minor = 38
# stan_version_patch = 0
# model = WeightedAgent_model
# start_datetime = 2026-05-08 07:52:55 UTC
# method = sample (Default)
#   sample
#     num_samples = 500
#     num_warmup = 300
#     save_warmup = true
#     thin = 1 (Default)
#     adapt
#       engaged = true (Default)
#       gamma = 0.05 (Default)
#       delta = 0.8 (Default)
#       kappa = 0.75 (Default)
#       t0 = 10 (Default)
#       init_buffer = 75 (Default)
#       term_buffer = 50 (Default)
#       window = 25 (Default)
#       save_metric = false (Default)
#     algorithm = hmc (Default)
#       hmc
#         engine = nuts (Default)
#           nuts
#             max_depth = 10 (Default)
#         metric = diag_e (Default)
#         metric_file =  (Default)
#         stepsize = 1 (Default)
#         stepsize_jitter = 0 (Default)
#     num_chains = 1 (Default)
# id = 1 (Default)
# data
#   file = /var/folders/7_/txf_yc3n3ws8m_z7jz1j51nr0000gn/T/RtmpCZXZ45/standata-16d8c1f8a35ed.json
# init = 2 (Default)
# random
#   seed = 998705940
# output
#   file = /Users/magnusseverin/Documents/GitHub/Advanced_Cognitive_Modeling/Assignment03/src/simmodels/temp/WeightedAgent-202605080952-1-34d68b.csv
#   diagnostic_file =  (Default)
#   refresh = 0
#   sig_figs = 8 (Default)
#   profile_file = /Users/magnusseverin/Documents/GitHub/Advanced_Cognitive_Modeling/Assignment03/src/simmodels/temp/WeightedAgent-profile-202605080952-1-5ed499.csv
#   save_cmdstan_config = false (Default)
# num_threads = 1 (Default)
# stanc_version = stanc3 v2.38.0
# stancflags = --name=WeightedAgent_model
lp__,accept_stat__,stepsize__,treedepth__,n_leapfrog__,divergent__,energy__,rho,kappa,weight_direct,weight_social,log_lik.1,log_lik.2,log_lik.3,log_lik.4,log_lik.5,log_lik.6,log_lik.7,log_lik.8,log_lik.9,log_lik.10,prior_pred.1,prior_pred.2,prior_pred.3,prior_pred.4,prior_pred.5,prior_pred.6,prior_pred.7,prior_pred.8,prior_pred.9,prior_pred.10,posterior_pred.1,posterior_pred.2,posterior_pred.3,posterior_pred.4,posterior_pred.5,posterior_pred.6,posterior_pred.7,posterior_pred.8,posterior_pred.9,posterior_pred.10,lprior,rho_prior,kappa_prior,wd_prior,ws_prior
-16.68095,0.98550122,0.5,2,3,0,20.416845,0.44658215,1.4319604,0.63948794,0.79247242,-35.390562,-28.462678,-31.103862,-25.543314,-26.370832,-31.166067,-31.103862,-25.791873,-31.166067,-37.598598,8,2,6,7,3,6,8,8,3,8,5,2,6,4,2,4,7,5,4,7,-0.41409949,0.39770197,1.3607642,0.54117859,0.8195856
-16.68095,0,14.011242,0,1,1,17.204236,0.44658215,1.4319604,0.63948794,0.79247242,-35.390562,-28.462678,-31.103862,-25.543314,-26.370832,-31.166067,-31.103862,-25.791873,-31.166067,-37.598598,6,2,6,5,3,4,7,5,2,4,8,4,8,4,3,3,8,7,1,7,-0.41409949,0.57478087,3.21373,1.8471905,1.3665395
-16.68095,6.7605685e-99,2.3494883,1,2,1,16.729637,0.44658215,1.4319604,0.63948794,0.79247242,-35.390562,-28.462678,-31.103862,-25.543314,-26.370832,-31.166067,-31.103862,-25.791873,-31.166067,-37.598598,8,5,7,3,6,1,8,2,2,7,7,5,4,5,5,6,7,4,2,7,-0.41409949,0.905053,1.750307,1.5841206,0.16618639
-16.28832,0.92250108,0.23070379,3,11,0,21.023613,0.8704066,1.1020308,0.95921489,0.14281592,-43.370492,-34.340379,-41.256422,-25.435482,-24.746799,-35.407228,-41.256422,-28.431081,-35.407228,-29.206008,8,4,8,6,3,2,8,2,1,8,6,2,7,7,5,3,7,2,3,8,-1.4237489,0.77785493,2.1310885,1.6576777,0.47341081
-15.611548,0.99059195,0.24936517,2,3,0,16.942469,0.89307786,1.6458281,1.4698526,0.17597546,-50.810435,-38.256635,-48.238644,-26.852627,-25.957517,-39.398712,-48.238644,-30.666721,-39.398712,-31.075451,8,4,7,4,4,3,4,2,2,7,7,3,7,6,7,3,8,2,1,6,-1.3569862,0.16960061,1.3549533,0.22980091,1.1251524
-14.309213,0.99790057,0.37487133,2,7,0,15.627425,0.79096444,2.1691856,1.7157487,0.45343692,-50.013143,-37.266284,-45.685431,-27.012146,-26.478119,-39.411342,-45.685431,-30.26317,-39.411342,-34.000516,7,2,7,4,3,2,5,5,2,8,8,2,8,6,4,6,8,4,3,8,-1.0213252,0.29361671,2.4174767,0.70981158,1.7076652
-14.583727,0.62528564,0.62887469,2,3,0,15.430407,0.62561775,2.2457516,1.4049821,0.84076954,-43.941146,-33.384813,-38.721885,-26.571879,-26.749718,-36.359012,-38.721885,-28.368492,-36.359012,-37.287723,8,4,7,8,6,2,6,7,5,7,8,1,6,6,7,4,5,3,1,7,-0.7214282,0.65725597,2.5065497,1.6474447,0.85910495
-14.232857,0.96916963,0.34870344,2,3,0,15.096277,0.72263842,2.1165946,1.5295326,0.58706202,-46.770333,-35.288841,-42.061184,-26.648883,-26.410371,-37.806031,-42.061184,-29.251571,-37.806031,-35.016628,7,5,8,3,5,2,8,6,1,7,8,7,5,4,4,2,4,6,1,7,-0.79754095,0.8439319,0.72910611,0.61531591,0.11379021
-14.262934,0.97865779,0.57448392,2,3,0,14.403575,0.78289189,2.2961713,1.7976539,0.49851742,-50.40888,-37.40259,-45.872882,-27.119388,-26.612189,-39.654689,-45.872882,-30.357948,-39.654689,-34.449687,5,3,6,7,4,4,7,4,7,4,5,2,7,3,4,3,7,5,1,8,-1.0755364,0.071119861,0.79192321,0.056321468,0.73560174
-14.262934,0.014754583,0.99609131,1,3,0,16.480614,0.78289189,2.2961713,1.7976539,0.49851742,-50.40888,-37.40259,-45.872882,-27.119388,-26.612189,-39.654689,-45.872882,-30.357948,-39.654689,-34.449687,7,4,8,5,2,3,8,6,3,8,7,7,8,2,4,1,7,6,2,7,-1.0755364,0.30763498,3.5777072,1.1006279,2.4770793
-14.34131,0.99960074,0.082886619,4,31,0,14.458353,0.68123918,2.6650348,1.8155261,0.84950868,-47.768343,-35.51378,-42.274405,-27.086061,-27.020071,-38.475799,-42.274405,-29.497249,-38.475799,-37.224974,5,3,3,4,1,3,7,4,3,7,8,2,5,5,3,4,7,3,3,5,-1.1062233,0.16647813,1.5297487,0.25466971,1.275079
-14.377516,0.99930472,0.15655192,4,15,0,14.469797,0.79121021,2.8987897,2.293552,0.60523767,-53.98978,-39.105956,-48.913952,-27.741309,-27.165043,-41.515325,-48.913952,-31.313984,-41.515325,-35.549435,8,1,6,6,5,2,8,5,2,6,8,4,7,5,6,3,8,3,3,6,-1.574443,0.67100662,1.422092,0.95423316,0.46785886
-14.929028,0.96342785,0.29694483,3,7,0,15.282376,0.67842234,1.395855,0.94697923,0.44887579,-40.460447,-31.884233,-36.592559,-25.396558,-25.352935,-34.125427,-36.592559,-27.280237,-34.125427,-33.061609,6,4,6,5,6,3,7,5,2,8,6,4,7,1,4,3,7,1,4,7,-0.54872242,0.26778781,1.0335347,0.27676798,0.75676667
-15.284226,0.83661092,0.50344872,2,3,0,16.375261,0.88969998,2.2679323,2.0177794,0.25015298,-56.152405,-40.75177,-52.860729,-27.783326,-26.809787,-42.118683,-52.860729,-32.068085,-42.118683,-32.736277,8,6,7,7,5,2,7,3,5,7,7,2,7,5,7,3,6,1,3,8,-1.6059343,0.37094629,4.5611867,1.6919553,2.8692314
-15.920802,0.90293181,0.57366568,3,7,0,15.953111,0.50393266,1.5402188,0.77616654,0.76405222,-37.154569,-29.520027,-32.705605,-25.621463,-26.248805,-32.274585,-32.705605,-26.292711,-32.274585,-36.985407,8,1,8,4,4,3,7,3,3,6,8,7,4,6,6,1,8,5,1,6,-0.38878719,0.94443364,2.8580329,2.6992224,0.1588105
-15.290877,0.79595672,0.80351235,2,3,0,16.151007,0.62558956,4.051026,2.5342796,1.5167464,-49.574463,-35.960927,-42.843701,-27.848167,-28.051157,-39.589097,-42.843701,-29.952309,-39.589097,-41.031974,7,3,4,7,6,2,8,5,4,8,6,3,6,2,3,1,5,2,1,7,-2.2808377,0.56323387,1.693804,0.95400777,0.73979622
-14.687709,0.78472497,0.80756047,2,3,0,15.3583,0.76095004,3.7751109,2.8726708,0.9024401,-55.634362,-39.587817,-49.620728,-28.151495,-27.691065,-42.454038,-49.620728,-31.650669,-42.454038,-37.455358,8,3,5,7,2,2,7,7,2,8,8,2,8,5,5,4,8,3,1,8,-2.2738999,0.33391367,2.1634468,0.72240448,1.4410423
-14.483662,0.95708671,0.78523868,2,3,0,14.779038,0.66990638,1.8314359,1.2268906,0.60454531,-43.226469,-33.257697,-38.659437,-26.1225,-26.10929,-35.841725,-38.659437,-28.155321,-35.841725,-35.034552,8,3,8,6,5,4,7,4,4,7,8,2,7,5,3,5,8,4,2,5,-0.56363297,0.69408243,1.6819962,1.167444,0.5145522
-14.483662,1.9109231e-12,1.2891932,1,1,0,18.56393,0.66990638,1.8314359,1.2268906,0.60454531,-43.226469,-33.257697,-38.659437,-26.1225,-26.10929,-35.841725,-38.659437,-28.155321,-35.841725,-35.034552,8,1,8,7,4,4,7,4,3,7,8,1,8,4,3,3,7,3,4,6,-0.56363297,0.54015912,1.7155052,0.92664577,0.78885942
-14.422053,0.99996048,0.11830932,3,7,0,14.515681,0.66710383,1.9803009,1.3210663,0.6592346,-43.994913,-33.624806,-39.219689,-26.321479,-26.319653,-36.309509,-39.219689,-28.389586,-36.309509,-35.60758,7,4,6,7,6,3,4,4,5,5,7,2,8,3,4,1,7,2,1,6,-0.62221086,0.41452648,1.7378062,0.72036671,1.0174395
-14.303302,0.99961168,0.22272684,3,7,0,14.496357,0.72176115,1.9243698,1.3889353,0.53543444,-45.586773,-34.704625,-41.116002,-26.396157,-26.167939,-37.123853,-41.116002,-28.903695,-37.123853,-34.44517,7,1,7,1,5,2,6,2,2,8,8,6,8,6,7,2,7,4,1,7,-0.69693877,0.60516315,1.9687408,1.1914094,0.77733141
-14.608165,0.87354734,0.41484349,1,3,0,15.274478,0.73470386,3.6421824,2.6759254,0.96625694,-53.746278,-38.569066,-47.668694,-27.952896,-27.623054,-41.573331,-47.668694,-31.137843,-41.573331,-37.835142,6,2,8,3,5,2,6,6,1,6,7,2,7,4,6,5,7,3,2,7,-2.080458,0.20749336,0.99607777,0.20667952,0.78939824
-14.771929,0.92528364,0.52869224,2,3,0,15.228354,0.85440499,2.2044588,1.8835006,0.32095821,-53.526777,-39.326216,-49.797463,-27.441831,-26.629988,-41.001354,-49.797463,-31.32597,-41.001354,-33.10515,7,5,6,6,4,2,5,8,2,8,8,3,6,4,4,3,8,1,2,7,-1.3277384,0.037619653,3.0778178,0.11578644,2.9620314
-15.113971,0.82050918,0.78021416,2,3,0,15.768406,0.58300513,1.6504392,0.96221454,0.68822468,-39.650595,-31.066671,-35.119842,-25.749519,-26.079382,-33.779867,-35.119842,-27.033923,-33.779867,-35.923931,6,2,8,7,5,5,8,4,1,3,8,2,5,5,4,2,6,2,4,6,-0.42312321,0.49428542,1.1602986,0.57351868,0.58677992
-15.113971,0.1320963,0.84593753,1,3,0,18.673117,0.58300513,1.6504392,0.96221454,0.68822468,-39.650595,-31.066671,-35.119842,-25.749519,-26.079382,-33.779867,-35.119842,-27.033923,-33.779867,-35.923931,6,2,5,4,4,3,8,4,3,5,7,2,7,7,6,2,6,4,4,8,-0.42312321,0.68819832,3.0139306,2.074182,0.9397486
-15.548621,0.99467832,0.12815517,3,7,0,16.235718,0.5469203,1.5072076,0.82432242,0.68288516,-37.920908,-30.050134,-33.55989,-25.512528,-25.970142,-32.718941,-33.55989,-26.489633,-32.718941,-35.924445,8,4,6,7,4,1,7,1,4,8,8,5,4,2,4,2,8,2,2,7,-0.3994818,0.6647349,2.1170724,1.4072919,0.70978049
-15.371986,0.9553966,0.23087217,3,7,0,17.425533,0.65771484,4.5061237,2.9637444,1.5423793,-51.999653,-37.225121,-45.066543,-28.094577,-28.139604,-40.834237,-45.066543,-30.589609,-40.834237,-40.76028,8,1,8,4,6,1,8,3,5,7,8,4,7,4,2,2,7,5,2,7,-2.7501945,0.74969572,1.2337837,0.9249624,0.30882135
-14.354049,1,0.36882984,2,3,0,15.301176,0.67147025,2.1737431,1.4596038,0.71413929,-45.167988,-34.221434,-40.168918,-26.568906,-26.548286,-36.996177,-40.168918,-28.743068,-36.996177,-36.136777,6,7,5,8,4,2,6,4,8,7,8,6,6,5,6,3,8,4,1,6,-0.73577486,0.10498627,0.44081061,0.046279063,0.39453155
-14.867704,0.85579382,0.66196711,2,3,0,14.883618,0.81463078,1.5239437,1.2414514,0.28249225,-46.060012,-35.45374,-42.772853,-26.138602,-25.570567,-37.126537,-42.772853,-29.163844,-37.126537,-31.655844,8,6,7,4,3,2,7,5,3,7,8,1,8,5,5,2,8,2,4,8,-0.89355949,0.37520063,0.81256977,0.30487669,0.50769308
-15.283504,0.9043852,0.79004444,2,3,0,15.308569,0.59890302,1.4117874,0.84552375,0.56626366,-38.523888,-30.548233,-34.403967,-25.326664,-25.579278,-33.033094,-34.403967,-26.646673,-33.033094,-34.451951,4,3,6,4,2,1,6,5,5,7,8,5,8,5,5,5,8,2,3,7,-0.44770879,0.41247012,3.2834903,1.3543417,1.9291487
-15.009428,0.91888097,1.0739609,1,1,0,16.109633,0.7770489,1.3386401,1.0401888,0.29845128,-42.93032,-33.642392,-39.652893,-25.581669,-25.178229,-35.4137,-39.652893,-28.151361,-35.4137,-31.392104,8,2,7,6,6,4,8,5,4,5,8,5,8,2,5,2,7,3,1,7,-0.80113409,0.52660806,5.2508807,2.7651561,2.4857246
-15.009428,1.5915933e-08,1.5108459,1,1,0,20.468589,0.7770489,1.3386401,1.0401888,0.29845128,-42.93032,-33.642392,-39.652893,-25.581669,-25.178229,-35.4137,-39.652893,-28.151361,-35.4137,-31.392104,7,6,8,8,5,2,8,3,2,8,8,2,5,6,2,5,7,3,1,8,-0.80113409,0.056859598,1.7611233,0.10013677,1.6609866
-14.28625,1,0.17784464,3,7,0,15.148786,0.68991903,2.192458,1.5126185,0.6798395,-45.934184,-34.695245,-40.983562,-26.636555,-26.536499,-37.403267,-40.983562,-28.979367,-37.403267,-35.836869,8,4,8,5,6,4,5,6,4,7,6,1,7,5,3,2,7,5,2,7,-0.77804046,0.24583353,1.5296307,0.3760345,1.1535962
-14.43492,0.98048834,0.31355456,2,7,0,14.624892,0.78659548,1.8260004,1.4363237,0.38967673,-47.453212,-35.996254,-43.517752,-26.520046,-26.030863,-38.007889,-43.517752,-29.531938,-38.007889,-33.091103,6,6,7,8,3,5,6,6,3,8,8,2,8,3,5,1,7,4,1,6,-0.83733581,0.060443261,3.0399405,0.18374392,2.8561966
-14.847805,0.94624405,0.52016732,2,3,0,14.943046,0.74280541,4.0744869,3.0265509,1.047936,-55.470707,-39.36807,-49.138466,-28.210262,-27.83343,-42.425864,-49.138466,-31.57063,-42.425864,-38.211331,8,3,8,3,4,2,8,1,3,6,7,3,7,3,7,1,8,3,3,7,-2.5067626,0.80324195,4.3906243,3.5267336,0.86389069
-14.847805,0.022652301,0.78224963,1,1,0,18.322317,0.74280541,4.0744869,3.0265509,1.047936,-55.470707,-39.36807,-49.138466,-28.210262,-27.83343,-42.425864,-49.138466,-31.57063,-42.425864,-38.211331,8,4,7,2,4,4,6,3,4,7,8,3,6,5,5,3,6,3,1,6,-2.5067626,0.62218032,2.8705469,1.7859978,1.0845491
-14.443793,0.99990517,0.1050404,4,15,0,15.002556,0.71716059,3.2603734,2.3382113,0.9221621,-51.595537,-37.495506,-45.722713,-27.65082,-27.41145,-40.492901,-45.722713,-30.565784,-40.492901,-37.629267,8,3,8,4,4,4,7,4,4,5,8,1,7,5,5,1,8,2,3,6,-1.6888498,0.66696314,2.0422317,1.3620933,0.68013845
-14.353316,0.98033297,0.18258401,2,7,0,15.505196,0.73498593,1.8232926,1.3400944,0.4831982,-45.414128,-34.692162,-41.148668,-26.297353,-26.019052,-36.989121,-41.148668,-28.865584,-36.989121,-33.89089,8,3,7,5,4,1,6,4,3,8,7,5,7,4,6,3,7,4,1,8,-0.68766584,0.6649728,7.3978978,4.9194008,2.478497
-14.895683,0.95957824,0.29921998,2,3,0,15.133901,0.70860499,1.3766193,0.97547933,0.40114001,-41.158954,-32.385826,-37.445977,-25.429946,-25.275122,-34.49863,-37.445977,-27.521777,-34.49863,-32.515035,7,2,7,3,4,4,5,3,4,8,8,3,7,4,2,2,7,1,1,8,-0.61022423,0.47605044,1.6987225,0.80867761,0.89004491
-16.253799,0.71345754,0.46156319,1,1,0,16.264927,0.70298882,0.92759159,0.65208652,0.27550507,-36.54682,-29.884168,-33.68897,-24.283831,-24.170578,-31.596314,-33.68897,-25.976372,-31.596314,-30.038297,8,5,5,5,3,2,8,3,1,7,6,4,6,1,4,4,6,5,1,8,-1.1058713,0.43442348,1.197974,0.52042803,0.67754596
-15.358758,0.94884415,0.37947825,2,3,0,17.242813,0.62015341,1.2977823,0.80482411,0.49295817,-38.192135,-30.454936,-34.320982,-25.106146,-25.273981,-32.786093,-34.320982,-26.525187,-32.786093,-33.473574,6,1,7,3,3,4,5,6,1,7,8,6,6,7,4,2,6,3,5,8,-0.5145607,0.39154969,2.693054,1.0544645,1.6385896
-14.825257,1,0.56501497,2,3,0,15.270192,0.82464572,3.5099873,2.894496,0.61549131,-58.705539,-41.409968,-53.441987,-28.388936,-27.626657,-43.708605,-53.441987,-32.530688,-43.708605,-35.863287,8,3,7,6,4,3,6,7,1,8,8,3,8,3,6,1,8,2,2,5,-2.2561269,0.73258266,2.7255637,1.9967007,0.72886297
-14.825257,0.025806692,0.95000623,2,3,0,16.279799,0.82464572,3.5099873,2.894496,0.61549131,-58.705539,-41.409968,-53.441987,-28.388936,-27.626657,-43.708605,-53.441987,-32.530688,-43.708605,-35.863287,5,3,7,6,4,5,8,3,4,8,7,2,8,6,5,2,6,1,2,7,-2.2561269,0.26934145,2.9659866,0.79886313,2.1671235
-15.242162,0.99785584,0.14228102,3,7,0,15.394368,0.863764,3.5109503,3.0326325,0.47831782,-61.577735,-42.917521,-56.814704,-28.687287,-27.734586,-44.835583,-56.814704,-33.283446,-44.835583,-35.165478,6,2,6,5,7,2,7,3,3,6,8,3,7,6,6,1,8,2,1,6,-2.4630926,0.74011999,2.3230612,1.7193441,0.60371717
-15.295059,0.96119021,0.23850385,3,7,0,17.375273,0.57028033,1.5625472,0.89108992,0.67145725,-38.809077,-30.58879,-34.391896,-25.601539,-25.974504,-33.260552,-34.391896,-26.764795,-33.260552,-35.751895,8,2,8,3,2,2,8,2,4,6,5,4,7,4,3,2,7,7,4,8,-0.40844861,0.88818865,1.7966017,1.5957212,0.20088046
-14.366908,1,0.36287658,2,3,0,15.2934,0.69771191,1.8827292,1.3136026,0.5691266,-44.46744,-34.019447,-39.939525,-26.26388,-26.136173,-36.523811,-39.939525,-28.548654,-36.523811,-34.722118,6,2,4,4,2,2,7,3,5,8,8,4,7,5,6,2,7,5,2,5,-0.63038037,0.37436402,5.0012166,1.8722756,3.128941
-14.441514,0.97809698,0.60289525,2,3,0,14.675959,0.6637846,2.7702807,1.8388697,0.93141101,-47.482983,-35.273528,-41.826573,-27.132592,-27.145765,-38.351791,-41.826573,-29.405536,-38.351791,-37.836381,7,6,6,4,1,4,1,3,3,7,7,4,7,5,3,1,7,2,2,6,-1.1650745,0.23467014,0.64854809,0.15219487,0.49635322
-14.441514,7.0161267e-05,0.94350034,2,3,0,17.33987,0.6637846,2.7702807,1.8388697,0.93141101,-47.482983,-35.273528,-41.826573,-27.132592,-27.145765,-38.351791,-41.826573,-29.405536,-38.351791,-37.836381,8,2,8,3,5,2,8,6,2,6,8,3,8,6,4,3,7,5,2,7,-1.1650745,0.64984652,4.6996824,3.0540723,1.6456101
-14.373773,0.9998113,0.1418382,3,7,0,14.493172,0.67599701,2.7168806,1.8366032,0.88027746,-47.765069,-35.479698,-42.201285,-27.117012,-27.074564,-38.485597,-42.201285,-29.492347,-38.485597,-37.45331,8,3,8,5,2,1,7,5,2,6,6,1,7,6,5,3,8,4,1,8,-1.1397704,0.62921088,4.9907522,3.1402356,1.8505166
-14.491297,0.97586511,0.23453186,3,7,0,15.382319,0.82546576,2.2699494,1.8737655,0.3961839,-52.384974,-38.607861,-48.257814,-27.331214,-26.639589,-40.543565,-48.257814,-30.967943,-40.543565,-33.69753,8,4,8,3,2,1,6,5,1,8,8,2,8,4,4,1,8,2,2,5,-1.2232916,0.71536796,1.5423231,1.1033286,0.43899457
-14.935356,0.95286523,0.36401328,2,7,0,15.744215,0.58438914,1.9345353,1.1305214,0.80401387,-41.215534,-31.858022,-36.291833,-26.169586,-26.51107,-34.763898,-36.291833,-27.541445,-34.763898,-37.092555,7,2,8,2,3,3,8,2,1,8,6,1,7,7,5,1,7,5,5,6,-0.51130821,0.58537788,1.1324444,0.66290788,0.46953648
-15.592519,0.95778786,0.53219173,2,7,0,15.597771,0.89559099,3.0953385,2.7721573,0.32318124,-62.040531,-43.34285,-58.132162,-28.660794,-27.581281,-44.831432,-58.132162,-33.467041,-44.831432,-34.0905,7,1,8,4,6,3,8,5,4,8,8,1,8,7,5,6,7,2,1,5,-2.3151412,0.83019708,1.2768634,1.0600483,0.21681514
-15.592519,0.05957218,0.7830518,1,1,0,17.714752,0.89559099,3.0953385,2.7721573,0.32318124,-62.040531,-43.34285,-58.132162,-28.660794,-27.581281,-44.831432,-58.132162,-33.467041,-44.831432,-34.0905,8,6,7,2,3,2,4,5,2,8,8,2,7,5,5,2,8,2,1,8,-2.3151412,0.50758353,1.306208,0.66300966,0.64319831
-17.217064,0.99696587,0.1437973,4,15,0,17.579788,0.94847934,2.9733964,2.8202051,0.15319135,-66.168384,-45.321363,-63.657107,-29.066998,-27.745846,-46.120773,-63.657107,-34.449093,-46.120773,-33.123449,6,2,6,7,1,4,5,6,5,8,8,3,8,4,4,5,8,6,1,5,-2.8569204,0.089091282,2.4611204,0.21926437,2.241856
-14.287308,0.99684888,0.23224382,3,15,0,17.943327,0.74531963,2.9103872,2.1691687,0.74121849,-51.640794,-37.717976,-46.224437,-27.51641,-27.152529,-40.439035,-46.224437,-30.622938,-40.439035,-36.435944,7,4,7,3,1,4,8,4,1,5,8,1,8,3,3,1,7,2,1,4,-1.4454646,0.6749649,0.65195213,0.44004481,0.21190732
-14.287308,0.76468655,0.37267956,1,3,0,16.720828,0.74531963,2.9103872,2.1691687,0.74121849,-51.640794,-37.717976,-46.224437,-27.51641,-27.152529,-40.439035,-46.224437,-30.622938,-40.439035,-36.435944,6,5,8,6,4,4,8,2,1,6,7,2,8,6,7,1,8,2,2,4,-1.4454646,0.78223417,3.6947196,2.8901359,0.8045837
-15.970807,0.86330363,0.35113212,2,3,0,16.33763,0.86967507,1.2094731,1.0518486,0.15762449,-44.761195,-35.071052,-42.474576,-25.727927,-25.01409,-36.202985,-42.474576,-28.860584,-36.202985,-29.713464,5,3,6,4,2,5,6,7,3,6,8,3,8,4,5,2,8,4,4,3,-1.3075191,0.59022611,1.1221176,0.66230309,0.45981447
-14.495613,1,0.41343066,2,3,0,15.758898,0.81849663,2.7933516,2.2863488,0.50700272,-55.035675,-39.771918,-50.310006,-27.818638,-27.121562,-41.937164,-50.310006,-31.63603,-41.937164,-34.879694,6,2,4,4,1,2,8,5,7,8,8,4,7,6,7,1,7,2,2,6,-1.59128,0.33447209,1.6328097,0.54612927,1.0866804
-14.782858,0.9539634,0.65978356,1,1,0,14.819596,0.85339832,2.6578665,2.2682188,0.38964769,-56.430645,-40.640915,-52.233509,-27.934233,-27.086025,-42.463944,-52.233509,-32.060187,-42.463944,-34.056312,5,2,6,4,2,5,5,7,2,7,7,2,7,4,3,1,8,4,3,6,-1.6518606,0.29218272,1.4728917,0.43035351,1.0425382
-14.570602,0.92577067,0.94491976,2,3,0,14.788125,0.6350783,2.0023003,1.2716174,0.73068281,-43.071396,-33.008068,-38.169678,-26.294938,-26.427345,-35.816752,-38.169678,-28.102397,-35.816752,-36.301096,6,1,6,4,3,1,6,7,6,5,7,2,8,5,3,2,8,3,2,8,-0.59041062,0.29233102,1.1888489,0.3475374,0.84131148
-14.570602,0.0030708009,1.2658835,1,1,0,14.891244,0.6350783,2.0023003,1.2716174,0.73068281,-43.071396,-33.008068,-38.169678,-26.294938,-26.427345,-35.816752,-38.169678,-28.102397,-35.816752,-36.301096,8,2,5,5,5,1,6,5,1,8,8,4,6,4,6,3,7,2,5,7,-0.59041062,0.62798903,3.3297346,2.0910368,1.2386978
-15.030253,0.9944,0.2219439,4,15,0,15.156713,0.87088903,2.7342183,2.3812007,0.35301758,-58.053743,-41.476883,-54.030264,-28.139889,-27.205119,-43.152303,-54.030264,-32.493149,-43.152303,-33.915258,7,4,8,6,3,1,5,4,1,5,8,2,8,4,5,5,7,5,1,6,-1.8207617,0.75701657,1.313418,0.99427918,0.3191388
-15.354683,0.9155327,0.34718403,2,7,0,16.502371,0.68400898,1.1900522,0.81400638,0.3760458,-38.836919,-31.0509,-35.362553,-24.95596,-24.895548,-33.093435,-35.362553,-26.745991,-33.093435,-31.907544,6,3,8,5,4,3,7,2,5,8,8,2,8,5,5,1,4,4,4,8,-0.67888825,0.51682209,3.5104152,1.8142601,1.6961551
-16.791077,0.69666776,0.45509345,1,1,0,16.873151,0.70441785,0.82569318,0.58163302,0.24406017,-35.33027,-29.215446,-32.714497,-23.957896,-23.846704,-30.804581,-32.714497,-25.554271,-30.804581,-29.29261,7,1,4,6,3,4,3,4,4,8,7,2,8,7,4,1,8,7,1,6,-1.3770065,0.16738864,1.5235567,0.25502609,1.2685306
-14.477892,0.9954292,0.37045812,3,7,0,16.803155,0.73591683,1.6694367,1.2285666,0.44087013,-44.354417,-34.165102,-40.311914,-26.058187,-25.784134,-36.364575,-40.311914,-28.546631,-36.364575,-33.330128,6,5,7,6,4,3,7,5,2,6,8,2,7,5,4,1,6,3,3,4,-0.64992424,0.65553205,2.0011027,1.311787,0.68931576
-14.462686,1,0.57452107,2,3,0,14.493891,0.76936515,3.2970153,2.5366086,0.76040661,-54.449554,-39.144779,-48.859322,-27.912264,-27.423821,-41.828521,-48.859322,-31.382118,-41.828521,-36.617095,7,7,5,4,2,3,5,2,5,8,7,3,8,5,3,4,8,4,2,6,-1.8558995,0.31562964,1.348692,0.42568716,0.9230048
-16.436908,0.15668741,0.89525068,1,1,0,16.643534,0.73772056,0.88835002,0.65535408,0.23299594,-36.832916,-30.178491,-34.208455,-24.244867,-24.027833,-31.728285,-34.208455,-26.101598,-31.728285,-29.378709,6,5,6,3,6,2,7,5,5,8,8,1,5,3,6,1,8,6,2,5,-1.2753608,0.17970408,7.0076944,1.2593113,5.7483832
-17.11719,0.98352564,0.23107512,3,7,0,17.700315,0.67817157,7.2325335,4.9048986,2.3276349,-57.123273,-39.444519,-49.086463,-28.852962,-28.791352,-43.364383,-49.086463,-31.800523,-43.364383,-42.337072,6,4,7,4,4,3,8,5,2,8,7,2,8,5,6,2,6,3,3,7,-5.2394363,0.72963051,2.8731928,2.0963692,0.77682368
-15.299517,1,0.34773521,2,3,0,17.577433,0.6244735,4.0519801,2.5303542,1.5216259,-49.528362,-35.933426,-42.79513,-27.847229,-28.055745,-39.565696,-42.79513,-29.939916,-39.565696,-41.063233,5,2,6,4,5,1,6,6,4,7,8,2,7,4,3,1,6,4,2,8,-2.2805474,0.30341171,2.5754712,0.78142813,1.7940431
-17.923791,0.77220703,0.53928889,2,3,0,17.998428,0.52374355,6.4128082,3.3586669,3.0541413,-48.66413,-34.909481,-40.875146,-28.619494,-29.376776,-39.211826,-40.875146,-29.766015,-39.211826,-46.819986,8,1,7,4,6,2,8,3,1,7,7,2,8,3,4,4,6,5,5,6,-4.3960305,0.74919983,1.7417719,1.3049352,0.43683669
-19.98714,0.87002583,0.5168739,2,3,0,20.637959,0.43345521,7.4413711,3.2255011,4.21587,-46.01646,-33.349908,-38.159923,-29.145858,-30.408875,-37.811929,-38.159923,-29.292585,-37.811929,-51.415228,8,2,6,3,7,1,8,2,2,8,6,2,7,6,2,3,6,6,5,8,-5.2979611,0.9115077,2.9324588,2.6729588,0.25950004
-18.775323,1,0.60743112,2,3,0,20.431475,0.93629101,0.82914867,0.77632445,0.052824226,-41.188807,-33.483384,-40.212454,-24.884994,-24.086497,-33.96772,-40.212454,-27.866072,-33.96772,-27.165617,6,5,8,6,5,1,7,4,3,7,8,4,6,1,6,1,8,1,1,8,-2.6165056,0.50105271,1.9142744,0.95915238,0.95512204
-16.888352,0.33333334,0.9325263,2,3,0,20.94577,0.60984666,0.85844387,0.52351912,0.33492474,-33.947185,-28.129177,-30.977665,-23.939832,-24.110484,-29.9991,-30.977665,-25.041787,-29.9991,-30.659404,5,4,5,6,5,2,5,2,4,5,7,2,7,3,3,3,8,5,4,4,-1.1478526,0.49177032,0.66573885,0.32739061,0.33834825
-17.229785,0.99112233,0.36122059,2,3,0,17.499955,0.57970538,0.82520715,0.47837702,0.34683013,-33.078964,-27.562166,-30.133547,-23.821221,-24.077353,-29.44227,-30.133547,-24.737805,-29.44227,-30.765469,7,6,8,6,3,3,6,2,4,7,7,1,4,5,5,1,8,5,5,7,-1.2213446,0.59808338,10.712689,6.4070813,4.3056078
-14.315977,0.94449823,0.54352515,2,3,0,17.757775,0.79366411,2.5885659,2.0544518,0.53411405,-52.581288,-38.485596,-47.82313,-27.481413,-26.909457,-40.774608,-47.82313,-30.95736,-40.774608,-34.915958,6,3,6,5,3,6,6,7,8,8,8,2,8,6,5,3,8,3,3,7,-1.3275642,0.2639952,2.388589,0.63057601,1.7580129
-14.322258,0.92175639,0.74055673,2,3,0,14.815472,0.79569114,2.5704125,2.0452545,0.52515806,-52.590981,-38.504027,-47.868356,-27.475346,-26.895251,-40.772032,-47.868356,-30.963858,-40.772032,-34.843665,7,7,5,3,1,1,7,7,2,1,7,3,8,5,4,1,8,2,1,7,-1.3206858,0.36692993,0.84740391,0.31093786,0.53646605
-15.461753,0.42148501,0.96047014,1,3,0,15.491591,0.52347511,2.3501711,1.2302561,1.119915,-41.266654,-31.630639,-35.795568,-26.699249,-27.328507,-34.888464,-35.795568,-27.634096,-34.888464,-40.01041,8,3,8,4,4,2,8,3,3,7,8,1,6,7,5,4,4,6,3,6,-0.72908296,0.58729644,1.6622444,0.97623023,0.6860142
-14.289624,1,0.45287357,2,5,0,15.412263,0.78528763,2.1612591,1.69721,0.46404905,-49.698822,-37.080476,-45.335398,-26.973028,-26.463988,-39.25963,-45.335398,-30.16678,-39.25963,-34.072242,5,2,6,5,6,4,8,5,2,7,7,1,8,6,6,2,8,3,3,8,-0.99691008,0.47204592,3.3903127,1.6003833,1.7899294
-16.531228,0.50493743,0.68705947,2,3,0,16.581453,0.84280962,0.96009252,0.80917521,0.15091731,-40.493019,-32.65429,-38.366994,-24.861134,-24.302039,-33.794183,-38.366994,-27.464006,-33.794183,-28.738041,6,3,6,6,2,4,5,7,2,8,8,2,8,4,8,4,8,7,4,6,-1.4917566,0.10710208,6.2293328,0.66717449,5.5621583
-15.663455,1,0.38615864,2,3,0,16.458833,0.82407495,1.1613042,0.95700174,0.20430251,-42.55456,-33.676632,-39.921007,-25.36153,-24.817934,-35.066144,-39.921007,-28.097824,-35.066144,-29.992586,7,2,8,3,2,1,8,4,3,5,7,3,8,6,7,4,6,2,2,6,-1.1057761,0.78251161,1.8301732,1.4321318,0.39804144
-14.464577,1,0.58383909,2,3,0,15.494667,0.6991577,3.2108063,2.2448599,0.96594636,-50.573417,-36.911709,-44.659577,-27.554479,-27.400975,-39.988031,-44.659577,-30.274955,-39.988031,-37.933377,6,7,6,4,4,2,6,5,3,7,8,2,8,4,2,1,6,3,2,4,-1.6077696,0.50136482,2.0511419,1.0283704,1.0227715
-14.464577,0.054282107,0.87913777,1,1,0,15.097672,0.6991577,3.2108063,2.2448599,0.96594636,-50.573417,-36.911709,-44.659577,-27.554479,-27.400975,-39.988031,-44.659577,-30.274955,-39.988031,-37.933377,6,2,8,3,2,2,8,5,2,7,7,1,7,3,6,2,6,8,3,6,-1.6077696,0.33731523,1.2586178,0.42455097,0.83406686
-14.382899,0.99448611,0.20491147,3,15,0,14.91562,0.80059067,2.7659561,2.2143987,0.55155746,-53.870146,-39.120222,-48.999274,-27.683984,-27.070898,-41.41763,-48.999274,-31.303489,-41.41763,-35.140923,7,2,6,3,2,2,5,6,5,5,8,3,8,5,5,2,7,5,4,6,-1.4964815,0.089730031,1.673553,0.15016796,1.523385
-15.512203,0.87383505,0.30552928,3,7,0,17.200718,0.60956174,4.2099434,2.5662204,1.643723,-49.221112,-35.700324,-42.371243,-27.90213,-28.186265,-39.420376,-42.371243,-29.856502,-39.420376,-41.690695,8,5,6,6,4,3,6,3,4,7,8,2,6,3,3,4,7,5,5,7,-2.4149525,0.42542268,1.7745032,0.75491392,1.0195893
-14.559656,0.99729104,0.35867183,2,3,0,15.616062,0.64126848,2.7649583,1.7730806,0.99187768,-46.591716,-34.725222,-40.874613,-27.085343,-27.201382,-37.887092,-40.874613,-29.145117,-37.887092,-38.325372,7,1,8,2,3,5,7,2,3,8,6,3,7,7,4,3,6,3,1,6,-1.1303399,0.51535992,0.95503848,0.49218855,0.46284993
-14.650163,0.98537589,0.53423161,1,1,0,14.71804,0.62088551,2.6138383,1.6228943,0.99094397,-45.290281,-34.002182,-39.669735,-26.929677,-27.136049,-37.168275,-39.669735,-28.769315,-37.168275,-38.421982,8,2,8,4,4,2,8,1,1,7,8,2,8,5,7,1,5,6,4,4,-0.98467444,0.54958623,1.4118289,0.77592175,0.63590719
-15.022123,0.54926495,0.77471025,2,3,0,15.545843,0.78904028,4.2284906,3.3364494,0.89204118,-58.784422,-41.13911,-52.674825,-28.53444,-27.924168,-43.892692,-52.674825,-32.449986,-43.892692,-37.393589,8,3,7,7,7,3,6,6,1,8,8,2,6,3,5,2,8,3,1,7,-2.7900001,0.58550435,2.7130105,1.5884795,1.1245311
-14.215308,1,0.48394775,2,3,0,14.927863,0.73781012,2.1535091,1.5888808,0.56462828,-47.589355,-35.774963,-42.917872,-26.749794,-26.445072,-38.232047,-42.917872,-29.504424,-38.232047,-34.853366,6,1,8,4,6,2,7,4,1,6,7,5,6,5,4,2,8,6,4,7,-0.85482325,0.91966826,2.4138217,2.2199152,0.19390651
-15.129897,0.58243183,0.71952561,2,3,0,15.617909,0.7970998,4.3481754,3.4659297,0.88224564,-59.687501,-41.577855,-53.571399,-28.638749,-27.985049,-44.287638,-53.571399,-32.673512,-44.287638,-37.348483,7,3,6,6,5,3,7,2,2,6,8,3,7,2,5,3,7,4,3,4,-2.9318481,0.59829644,5.9143485,3.5385336,2.3758149
-14.610651,1,0.48094929,1,1,0,15.03781,0.77599474,3.5734684,2.7729927,0.80047572,-55.84596,-39.800759,-50.088147,-28.120305,-27.591757,-42.510137,-50.088147,-31.736336,-42.510137,-36.882563,8,4,7,6,3,4,7,5,6,7,8,4,7,5,5,2,8,4,3,8,-2.1309677,0.44286384,5.2684123,2.3331893,2.935223
-14.610651,0.3817638,0.71247895,1,1,0,15.850492,0.77599474,3.5734684,2.7729927,0.80047572,-55.84596,-39.800759,-50.088147,-28.120305,-27.591757,-42.510137,-50.088147,-31.736336,-42.510137,-36.882563,2,2,8,5,5,3,6,5,6,8,6,1,7,5,5,2,8,3,3,6,-2.1309677,0.60594339,1.097364,0.66494046,0.43242353
-14.646781,0.99903836,0.32713447,2,3,0,14.689037,0.78452913,3.5936385,2.8193141,0.77432441,-56.43172,-40.120047,-50.725628,-28.181,-27.610434,-42.770592,-50.725628,-31.896342,-42.770592,-36.739553,7,5,7,4,2,2,6,6,3,8,8,4,8,3,7,2,6,3,2,6,-2.1776324,0.32406959,2.6548836,0.86036704,1.7945165
-14.523196,0.96061148,0.48283718,2,7,0,15.089004,0.63953185,2.5680216,1.6423316,0.92569002,-45.780991,-34.336458,-40.250972,-26.912545,-27.03431,-37.420618,-40.250972,-28.912364,-37.420618,-37.886338,8,5,6,8,3,4,4,5,2,8,5,5,8,6,3,3,7,1,3,6,-0.96952684,0.10886354,2.3809329,0.25919678,2.1217362
-14.523196,0.531624,0.66089171,1,3,0,16.370643,0.63953185,2.5680216,1.6423316,0.92569002,-45.780991,-34.336458,-40.250972,-26.912545,-27.03431,-37.420618,-40.250972,-28.912364,-37.420618,-37.886338,6,1,8,4,4,1,7,3,5,8,8,1,8,4,4,4,5,6,2,7,-0.96952684,0.62558034,0.77320575,0.48370232,0.28950343
-16.239227,0.85182606,0.40541068,3,7,0,16.706469,0.85495876,1.0636317,0.90936125,0.15427046,-42.320249,-33.702632,-40.118619,-25.240788,-24.614397,-34.843674,-40.118619,-28.073072,-34.843674,-29.173026,6,2,8,3,7,3,7,4,2,7,7,5,8,5,4,2,7,4,4,4,-1.3806387,0.67180618,1.3523062,0.90848766,0.44381854
-15.705639,0.9721096,0.45250652,2,7,0,17.828892,0.50046324,2.2244666,1.1132638,1.1112028,-40.185281,-31.02185,-34.843821,-26.603348,-27.323347,-34.241045,-34.843821,-27.32927,-34.241045,-40.161142,7,5,8,7,6,1,8,5,5,7,8,4,5,5,5,1,7,3,3,7,-0.6424734,0.52347972,1.3557943,0.70973084,0.6460635
-16.318617,0.88576031,0.63022891,1,1,0,16.594681,0.48067753,1.4075161,0.67656134,0.73095472,-35.911366,-28.814438,-31.666579,-25.411732,-26.105821,-31.476084,-31.666579,-25.898067,-31.476084,-36.700914,6,2,5,3,2,2,8,2,2,8,7,3,6,6,6,3,4,4,3,8,-0.41049974,0.90012017,2.356715,2.1213267,0.2353883
-16.074224,1,0.74662903,1,1,0,16.874196,0.49610138,1.4725226,0.73052052,0.74200213,-36.60422,-29.214387,-32.258527,-25.509525,-26.156579,-31.919899,-32.258527,-26.113855,-31.919899,-36.767697,7,2,4,4,2,2,7,2,3,8,6,3,5,5,4,2,8,6,6,7,-0.3948444,0.49087805,3.4932404,1.714755,1.7784854
-15.566231,0.92178951,1.0890105,1,1,0,16.86704,0.55992127,3.5566413,1.9914391,1.5652022,-45.886456,-33.940673,-39.40965,-27.580514,-28.096065,-37.613097,-39.40965,-28.972595,-37.613097,-42.047395,6,2,7,5,5,4,7,3,2,6,7,4,8,6,6,2,8,4,1,8,-1.7663999,0.34434681,3.615097,1.2448471,2.3702499
-15.566231,8.814512e-23,1.3726979,1,1,0,17.017053,0.55992127,3.5566413,1.9914391,1.5652022,-45.886456,-33.940673,-39.40965,-27.580514,-28.096065,-37.613097,-39.40965,-28.972595,-37.613097,-42.047395,7,2,8,6,7,1,7,6,4,6,7,1,7,4,4,4,5,2,2,8,-1.7663999,0.97218967,1.982047,1.9269257,0.055121383
-15.956036,0.22763198,2.5852282,1,3,0,16.362616,0.7887049,1.018939,0.8036422,0.21529682,-39.745977,-31.996851,-37.121002,-24.81319,-24.415422,-33.461057,-37.121002,-27.139087,-33.461057,-29.635627,8,6,8,4,4,5,7,3,4,8,7,1,8,5,5,5,8,4,4,5,-1.1542474,0.31842013,3.429753,1.0921024,2.3376506
-15.956036,0,9.131498,0,1,1,15.977482,0.7887049,1.018939,0.8036422,0.21529682,-39.745977,-31.996851,-37.121002,-24.81319,-24.415422,-33.461057,-37.121002,-27.139087,-33.461057,-29.635627,2,1,7,7,7,7,6,4,2,8,7,2,7,4,3,1,6,6,4,7,-1.1542474,0.38035631,0.94629819,0.35993048,0.5863677
-17.272138,0.8840903,1.0178539,2,3,0,18.141737,0.85999428,6.7153095,5.7751277,0.94018175,-70.86068,-46.363266,-64.284062,-29.861924,-28.829416,-48.728053,-64.284062,-35.085502,-48.728053,-37.63824,8,5,8,7,1,5,7,5,3,6,8,2,7,3,4,2,8,2,2,7,-5.3895412,0.59553873,1.2625843,0.75191787,0.51066647
-16.167817,1,0.83488069,2,3,0,17.211183,0.82347161,5.6779699,4.675647,1.0023229,-65.128099,-43.936347,-58.543616,-29.293817,-28.475168,-46.601404,-58.543616,-33.886843,-46.601404,-37.846522,6,7,7,2,5,1,6,3,3,6,8,2,8,5,5,2,8,3,2,7,-4.2766869,0.4701935,1.4141402,0.66491954,0.74922067
-15.936076,0.90708814,1.153769,2,3,0,18.400758,0.69800319,1.0027772,0.69994168,0.30283551,-37.286226,-30.270144,-34.244402,-24.495622,-24.394304,-32.080127,-34.244402,-26.22763,-32.080127,-30.597345,8,2,5,3,4,5,6,5,1,8,6,2,8,4,6,2,7,4,1,7,-0.94690772,0.40948789,1.4924614,0.61114486,0.8813165
-14.936041,1,1.3868802,1,1,0,15.730982,0.68404618,1.3825994,0.94576185,0.43683757,-40.509828,-31.93499,-36.685713,-25.381817,-25.317558,-34.145454,-36.685713,-27.298441,-34.145454,-32.911073,5,2,8,4,5,3,6,7,4,8,8,4,7,5,8,3,7,5,2,5,-0.56247674,0.52702997,1.622933,0.85533434,0.76759867
-14.936041,0.21934536,2.3643522,1,1,0,16.126114,0.68404618,1.3825994,0.94576185,0.43683757,-40.509828,-31.93499,-36.685713,-25.381817,-25.317558,-34.145454,-36.685713,-27.298441,-34.145454,-32.911073,7,5,5,4,6,1,6,4,3,6,7,1,6,2,4,1,5,3,2,7,-0.56247674,0.58223497,1.1620465,0.6765841,0.48546239
-14.586096,0.99914418,0.37286322,3,7,0,15.070593,0.71109629,1.5857215,1.1276007,0.45812083,-42.900222,-33.298266,-38.859161,-25.835058,-25.662349,-35.555359,-38.859161,-28.076254,-35.555359,-33.393179,6,4,7,8,4,4,6,5,7,4,7,4,8,1,1,5,7,4,1,7,-0.5854286,0.43911365,0.87149043,0.38268334,0.48880708
-14.280375,0.98789948,0.66923847,2,7,0,14.953604,0.69666934,2.1206008,1.4773576,0.64324322,-45.804115,-34.670467,-40.967825,-26.570917,-26.443024,-37.311834,-40.967825,-28.94622,-37.311834,-35.499588,6,4,6,5,3,2,6,2,4,6,8,2,8,3,3,3,7,4,3,5,-0.74696422,0.40267447,4.0878282,1.646064,2.4417641
-14.948162,0.89758866,1.1901523,2,7,0,14.966223,0.86860132,2.4587797,2.1356993,0.32308041,-56.150794,-40.617975,-52.350589,-27.842693,-26.942754,-42.243014,-52.350589,-32.024295,-42.243014,-33.439994,8,5,8,8,4,4,6,4,2,7,7,4,8,6,5,1,6,4,2,8,-1.5893866,0.58808862,2.439066,1.4343869,1.004679
-16.507325,0.65486238,1.613509,2,3,0,16.698742,0.61783527,0.92867006,0.57376511,0.35490495,-34.835355,-28.642349,-31.716391,-24.163318,-24.315668,-30.58523,-31.716391,-25.358052,-30.58523,-31.10706,4,5,6,6,3,1,7,4,4,8,8,3,6,5,3,2,7,3,4,7,-0.98050205,0.23443295,6.950928,1.6295266,5.3214015
-17.124109,0.90708684,1.0233826,1,1,0,17.361745,0.58898139,0.83477878,0.49166916,0.34310961,-33.334549,-27.729408,-30.38173,-23.854373,-24.084498,-29.606852,-30.38173,-24.826771,-29.606852,-30.728607,7,1,8,8,6,2,8,2,3,7,5,4,7,5,5,7,7,3,5,8,-1.198749,0.65682501,1.4784012,0.97105086,0.5073503
-15.257734,1,1.4478344,1,1,0,16.65701,0.62002143,1.3512507,0.83780436,0.5134463,-38.597957,-30.667599,-34.630553,-25.218897,-25.38988,-33.047601,-34.630553,-26.662303,-33.047601,-33.769004,8,3,7,6,2,4,5,4,4,7,7,2,8,3,4,6,7,3,4,6,-0.48821498,0.20331254,2.4559874,0.49933303,1.9566544
-15.257734,0.13301471,2.7452249,1,3,0,15.361775,0.62002143,1.3512507,0.83780436,0.5134463,-38.597957,-30.667599,-34.630553,-25.218897,-25.38988,-33.047601,-34.630553,-26.662303,-33.047601,-33.769004,7,2,8,4,6,2,8,6,1,7,8,2,6,8,6,3,6,3,1,8,-0.48821498,0.64472487,3.292916,2.1230248,1.1698912
-15.574844,0.98440956,0.34731733,3,15,0,16.986034,0.54649063,1.4881376,0.81325323,0.67488432,-37.794763,-29.983697,-33.463952,-25.477717,-25.934862,-32.637196,-33.463952,-26.446876,-32.637196,-35.830915,8,6,3,5,4,5,3,7,3,8,7,1,6,5,3,1,8,3,2,8,-0.40131923,0.19610381,1.2067598,0.23665019,0.97010958
-17.180288,0.87724136,0.63193566,2,3,0,18.391962,0.73177623,0.76411356,0.55916015,0.20495342,-35.045104,-29.157193,-32.686154,-23.802506,-23.618189,-30.584704,-32.686154,-25.476107,-30.584704,-28.540953,7,3,8,5,5,2,8,5,2,7,8,4,8,2,6,3,7,2,3,6,-1.6448112,0.83048493,2.1067046,1.7495864,0.35711819
-14.209293,1,0.82234763,2,5,0,16.837888,0.7510721,2.2112126,1.6607801,0.55043251,-48.477343,-36.282633,-43.816899,-26.872276,-26.507974,-38.693551,-43.816899,-29.773523,-38.693551,-34.778235,5,3,7,4,5,1,7,5,5,5,7,5,8,2,5,6,4,2,2,7,-0.92457638,0.69974387,0.59031326,0.41306809,0.17724517
-14.690648,0.39217119,1.5538803,2,3,0,16.810216,0.76336702,3.7741553,2.8810657,0.89308961,-55.773123,-39.666564,-49.776622,-28.163691,-27.691453,-42.515656,-49.776622,-31.689295,-42.515656,-37.403719,6,4,6,4,3,1,6,3,2,7,8,3,7,3,3,2,8,5,2,7,-2.2799945,0.35111741,1.2682763,0.4453139,0.82296242
-14.253025,0.9974846,0.46146945,2,7,0,14.926944,0.76366188,2.0836757,1.5912237,0.49245201,-48.251038,-36.250779,-43.823851,-26.77228,-26.360581,-38.528833,-43.823851,-29.727349,-38.528833,-34.218975,7,5,8,6,4,3,6,2,5,6,8,2,5,4,5,3,8,5,1,5,-0.88364708,0.48039537,1.2056716,0.57919904,0.62647254
-14.23904,0.99995115,0.8629783,3,7,0,14.260788,0.76932423,2.1915299,1.6859971,0.50553286,-49.160711,-36.723172,-44.644005,-26.931182,-26.489063,-39.016899,-44.644005,-29.991692,-39.016899,-34.415075,6,2,7,3,2,4,5,5,3,5,8,5,8,5,7,3,7,1,2,8,-0.96434388,0.46838584,1.5084417,0.70653272,0.80190895
-14.221572,0.9156874,1.6107866,2,3,0,14.431292,0.7556485,2.614046,1.9752999,0.63874605,-50.807498,-37.408569,-45.740518,-27.310758,-26.909387,-39.960205,-45.740518,-30.419917,-39.960205,-35.64925,8,8,5,6,3,1,8,5,1,8,8,2,8,4,4,5,8,2,1,6,-1.2276399,0.16297724,1.2737299,0.20758899,1.0661409
-14.221572,0.059451743,2.3209023,1,1,0,14.918473,0.7556485,2.614046,1.9752999,0.63874605,-50.807498,-37.408569,-45.740518,-27.310758,-26.909387,-39.960205,-45.740518,-30.419917,-39.960205,-35.64925,6,6,4,7,3,2,6,2,2,8,6,2,7,5,3,1,6,1,3,8,-1.2276399,0.23428282,1.4697906,0.34434668,1.1254439
-16.188321,0.98217574,0.27019981,3,11,0,16.816101,0.86644489,1.1181223,0.96879135,0.14933094,-43.449027,-34.362423,-41.269388,-25.459866,-24.780381,-35.464572,-41.269388,-28.44874,-35.464572,-29.324702,8,3,7,5,5,3,7,3,4,8,8,4,6,4,3,3,8,6,1,3,-1.3785567,0.84531218,3.7961438,3.2089266,0.58721722
-18.038408,0.93062629,0.47698183,3,7,0,20.417415,0.74756551,0.6585823,0.49233342,0.16624889,-33.764695,-28.489819,-31.737618,-23.432822,-23.221478,-29.733101,-31.737618,-25.041452,-29.733101,-27.544748,8,4,8,5,4,5,5,2,3,8,7,1,8,3,4,6,8,2,4,7,-2.1517138,0.42446405,2.7965154,1.1870203,1.6094952
-14.980528,0.94935935,0.71909578,2,3,0,19.561981,0.84926923,1.6693904,1.4177619,0.2516285,-48.893858,-37.069383,-45.738741,-26.60538,-25.881034,-38.576688,-45.738741,-30.049458,-38.576688,-31.706128,8,3,6,3,2,5,4,6,3,8,7,2,8,3,5,1,8,4,2,7,-1.0674263,0.26765382,2.1729968,0.58161089,1.5913859
-14.876287,1,1.136066,1,1,0,15.054566,0.84718965,1.7663999,1.4964757,0.26992418,-49.670873,-37.440456,-46.367972,-26.760252,-26.0306,-39.006571,-46.367972,-30.266028,-39.006571,-32.039636,6,1,6,6,6,2,6,4,1,8,8,2,7,5,4,1,8,5,4,4,-1.0782169,0.29138201,2.3324284,0.67962767,1.6528007
-16.393974,0.61959749,2.0560058,2,3,0,16.591055,0.58337336,5.1819997,3.0230406,2.1589591,-49.747024,-35.744084,-42.382118,-28.243282,-28.671621,-39.740713,-42.382118,-29.99358,-39.740713,-43.630355,6,3,7,4,5,2,4,4,5,8,7,2,6,5,4,3,7,2,1,7,-3.3064905,0.36401477,0.62967812,0.22921213,0.40046598
-14.638678,0.97502403,1.2656212,2,3,0,16.470329,0.62838822,1.9231163,1.2084636,0.71465268,-42.446719,-32.667093,-37.629946,-26.182452,-26.340959,-35.448529,-37.629946,-27.909438,-35.448529,-36.151713,8,2,8,4,3,2,8,3,5,7,8,3,5,5,4,1,8,5,1,6,-0.54555484,0.41616655,2.3014669,0.95779354,1.3436734
-14.638678,0.084094631,2.1138122,1,1,0,15.960564,0.62838822,1.9231163,1.2084636,0.71465268,-42.446719,-32.667093,-37.629946,-26.182452,-26.340959,-35.448529,-37.629946,-27.909438,-35.448529,-36.151713,7,1,6,5,6,1,7,3,4,6,8,1,8,3,3,4,4,4,1,6,-0.54555484,0.40539943,1.3279711,0.53835871,0.78961237
-14.93427,0.99734319,0.29892909,3,7,0,15.000752,0.60614828,1.6706405,1.0126559,0.65798463,-40.380387,-31.531185,-35.864208,-25.790645,-26.030178,-34.204456,-35.864208,-27.258187,-34.204456,-35.568868,6,3,8,7,6,2,7,2,4,8,8,3,8,4,6,3,8,7,1,4,-0.44440727,0.37082203,3.0932535,1.1470465,1.9462069
-19.663903,0.88035756,0.53262298,3,7,0,20.281895,0.95133565,6.2834816,5.9777,0.30578155,-82.317839,-50.868417,-78.31072,-30.739646,-29.221493,-51.845831,-78.31072,-37.22648,-51.845831,-35.699761,7,5,5,4,4,3,6,7,2,7,6,1,8,5,4,3,8,4,1,6,-5.9656819,0.28828839,1.4272994,0.41147385,1.0158256
-19.220786,1,0.68412783,1,1,0,19.774761,0.94727903,5.9871197,5.671473,0.31564676,-80.621154,-50.338282,-76.554794,-30.605949,-29.119064,-51.374171,-76.554794,-36.973648,-51.374171,-35.632068,8,4,6,3,4,4,8,4,2,7,8,2,8,2,6,1,7,4,4,6,-5.6250093,0.48559484,1.2557074,0.60976505,0.64594238
-18.155156,1,1.2078982,2,3,0,20.048309,0.93205592,0.92629745,0.86336102,0.062936432,-42.819424,-34.349681,-41.675055,-25.228317,-24.398381,-34.90229,-41.675055,-28.374782,-34.90229,-27.738807,7,3,5,8,5,2,7,3,1,5,8,3,8,4,4,2,6,3,3,7,-2.3018026,0.3110169,4.5248996,1.4073203,3.1175794
-15.253982,0.76448751,2.1130021,2,3,0,18.618179,0.82505954,1.3333033,1.1000546,0.2332487,-44.543539,-34.72843,-41.635766,-25.789581,-25.211034,-36.2238,-41.635766,-28.720176,-36.2238,-30.763522,6,5,2,7,4,3,6,6,3,8,8,2,8,4,7,2,6,1,2,8,-0.98614118,0.070891608,3.1131753,0.22069801,2.8924773
-15.355749,0.44064096,1.9622607,2,3,0,16.078255,0.69819795,1.1784443,0.82278742,0.35565692,-39.087937,-31.244431,-35.69052,-24.959232,-24.849836,-33.227115,-35.69052,-26.836469,-33.227115,-31.646402,7,5,5,8,3,3,7,5,4,8,8,4,8,7,6,1,4,3,4,6,-0.71504401,0.27480918,2.9435747,0.80892137,2.1346534
-14.568776,1,0.77856752,3,7,0,15.449559,0.63920221,1.9445582,1.2429659,0.70159232,-42.896159,-32.941716,-38.080154,-26.225185,-26.339292,-35.7025,-38.080154,-28.048129,-35.7025,-36.01747,8,5,5,5,4,4,5,5,4,6,8,1,8,8,6,4,8,2,3,8,-0.56761936,0.34053853,2.056178,0.70020786,1.3559702
-14.796179,0.92630933,1.3484815,1,1,0,14.885875,0.60270113,1.9441284,1.1717284,0.77240002,-41.789216,-32.222647,-36.886522,-26.188518,-26.454338,-35.089565,-36.886522,-27.711771,-35.089565,-36.746654,6,5,6,8,4,3,7,6,2,6,8,3,7,3,7,2,7,4,5,7,-0.5298515,0.56799145,3.6559966,2.0765748,1.5794218
-15.198265,0.81567276,1.9134085,1,1,0,15.5686,0.60777379,1.4311254,0.86980051,0.56132489,-38.87554,-30.764941,-34.741737,-25.36916,-25.589805,-33.245279,-34.741737,-26.760284,-33.245279,-34.397935,7,2,6,6,7,2,4,3,2,7,7,3,7,3,3,2,8,1,3,8,-0.45039158,0.62396214,1.28718,0.80315159,0.48402841
-14.283926,1,2.0322868,1,1,0,14.718821,0.6872045,2.3451213,1.6115779,0.73354338,-46.590172,-34.994511,-41.453864,-26.796571,-26.706553,-37.789267,-41.453864,-29.167684,-37.789267,-36.313032,7,2,8,4,2,4,7,1,3,7,8,2,7,6,4,1,6,4,1,7,-0.8743809,0.55856921,1.8294641,1.0218823,0.80758177
-14.283926,5.2401119e-10,3.4497176,1,1,0,15.816331,0.6872045,2.3451213,1.6115779,0.73354338,-46.590172,-34.994511,-41.453864,-26.796571,-26.706553,-37.789267,-41.453864,-29.167684,-37.789267,-36.313032,5,2,7,5,3,3,8,3,4,8,8,3,5,3,4,1,7,3,1,7,-0.8743809,0.43930587,2.5245233,1.1090379,1.4154854
-14.269633,0.99946993,0.46281473,4,15,0,14.369109,0.78281167,2.5462945,1.993269,0.55302546,-51.798794,-38.05108,-46.995124,-27.381224,-26.860447,-40.401032,-46.995124,-30.731123,-40.401032,-35.017025,7,1,8,3,8,1,7,2,1,8,8,4,8,5,5,4,8,4,3,8,-1.2571614,0.82598528,0.99091604,0.81848206,0.17243398
-14.835781,0.89082849,0.78688771,1,3,0,15.734811,0.7133153,3.9947327,2.8495039,1.1452287,-53.627135,-38.348579,-47.19639,-28.045742,-27.815774,-41.566827,-47.19639,-31.068851,-41.566827,-38.778709,7,2,8,4,4,1,8,5,3,7,6,3,8,3,5,1,8,3,2,6,-2.3634686,0.76072659,1.9603257,1.4912719,0.46905379
-15.325427,0.87175048,1.012445,2,3,0,16.321397,0.54854395,2.8239104,1.549039,1.2748714,-43.576612,-32.831351,-37.66269,-27.100128,-27.643289,-36.266746,-37.66269,-28.311478,-36.266746,-40.75015,7,1,5,6,4,3,8,4,4,8,7,1,8,5,4,2,7,4,2,8,-1.1059357,0.36962702,1.8647025,0.68924442,1.1754581
-14.404952,0.92693047,1.2379124,1,3,0,15.843103,0.81093428,2.1840933,1.7711561,0.41293716,-51.074392,-37.897484,-46.901778,-27.140583,-26.519232,-39.909505,-46.901778,-30.588777,-39.909505,-33.719434,5,4,5,7,5,2,8,5,3,7,8,2,7,6,2,2,7,6,2,7,-1.1059684,0.58210371,0.7389525,0.43014699,0.30880551
-14.402145,0.85144284,1.7281615,2,3,0,14.739689,0.65923629,2.4536345,1.6175249,0.83610961,-46.030343,-34.56619,-40.675987,-26.839825,-26.872781,-37.526367,-40.675987,-28.990114,-37.526367,-37.167471,5,3,5,3,6,3,4,7,4,8,7,6,6,6,4,3,7,2,3,8,-0.90841924,0.46411533,2.7122749,1.2588084,1.4534665
-14.759351,0.58247377,1.9971458,2,3,0,14.990393,0.60147675,2.1235646,1.2772747,0.84628984,-42.619163,-32.624962,-37.490564,-26.412716,-26.690801,-35.601874,-37.490564,-27.972104,-35.601874,-37.410837,8,3,6,6,4,4,7,5,4,7,8,4,7,6,4,4,6,1,3,8,-0.62267254,0.58602645,5.3946095,3.1613838,2.2332257
-14.504564,1,1.2005141,1,1,0,14.75671,0.63923925,2.4148105,1.5436416,0.87116884,-45.143285,-34.033027,-39.771717,-26.766342,-26.887497,-37.047478,-39.771717,-28.726286,-37.047478,-37.487275,7,4,8,6,5,3,8,4,2,7,8,2,8,3,4,4,6,4,1,8,-0.85371405,0.47882426,3.4391677,1.6467569,1.7924108
-15.696409,0.37039649,1.9839658,1,1,0,16.239627,0.51524112,2.8509141,1.4689082,1.3820059,-42.627642,-32.240021,-36.681266,-27.167066,-27.865607,-35.738752,-36.681266,-28.075817,-35.738752,-41.73808,7,1,8,4,6,3,8,5,3,7,8,2,7,4,4,3,5,1,4,8,-1.1202254,0.65108459,3.6654524,2.3865195,1.2789328
-15.941707,0.97920893,0.7234846,1,1,0,16.05177,0.48961918,2.691544,1.3178316,1.3737124,-41.429153,-31.576239,-35.626787,-27.090288,-27.896677,-35.035529,-35.626787,-27.755848,-35.035529,-42.019955,7,2,3,5,5,2,8,3,3,7,6,3,7,4,5,5,8,5,5,8,-0.98725214,0.42367581,3.8897796,1.6480055,2.2417741
-14.540548,1,1.1339944,2,3,0,15.695668,0.8231163,1.990919,1.6387579,0.35216113,-50.322273,-37.614098,-46.491726,-26.95784,-26.301754,-39.457314,-46.491726,-30.404789,-39.457314,-33.030065,8,2,7,6,5,4,8,4,4,8,6,1,8,3,4,2,8,3,1,6,-1.0495902,0.56771866,2.0105626,1.1414339,0.86912871
-15.104386,0.85430201,0.92765081,2,3,0,15.665509,0.60656782,1.5050203,0.91289691,0.59212343,-39.348285,-31.004872,-35.08969,-25.507158,-25.736517,-33.549574,-35.08969,-26.91858,-33.549574,-34.791211,8,5,8,5,5,5,5,4,3,8,8,2,5,6,3,6,8,4,4,7,-0.43732295,0.65948041,1.2063368,0.79555547,0.41078129
-15.104386,0,10.239124,0,1,1,15.323032,0.60656782,1.5050203,0.91289691,0.59212343,-39.348285,-31.004872,-35.08969,-25.507158,-25.736517,-33.549574,-35.08969,-26.91858,-33.549574,-34.791211,5,2,8,7,4,4,8,2,2,7,5,6,6,3,1,2,5,4,2,5,-0.43732295,0.4430769,0.83379326,0.36943453,0.46435873
-15.104386,0.083875538,1.5997673,1,3,0,15.901573,0.60656782,1.5050203,0.91289691,0.59212343,-39.348285,-31.004872,-35.08969,-25.507158,-25.736517,-33.549574,-35.08969,-26.91858,-33.549574,-34.791211,8,3,8,4,4,3,7,3,1,7,8,1,5,3,5,2,5,4,3,7,-0.43732295,0.65533615,2.3774543,1.5580317,0.81942253
-14.395528,0.99926773,0.1886572,3,15,0,15.473433,0.77079376,3.1299072,2.412513,0.71739425,-53.869691,-38.900889,-48.429253,-27.804985,-27.315152,-41.526527,-48.429253,-31.240962,-41.526527,-36.324995,5,3,7,2,4,4,7,2,4,8,8,4,6,6,6,2,5,2,6,8,-1.7096531,0.61987,2.1261246,1.3179209,0.80820377
-14.962729,0.98462612,0.25162535,3,7,0,15.569699,0.70685371,4.1810239,2.9553723,1.2256516,-53.763442,-38.354301,-47.184297,-28.106686,-27.907006,-41.651872,-47.184297,-31.090449,-41.651872,-39.157438,5,2,7,6,5,5,6,8,4,8,8,4,7,5,4,2,7,6,1,7,-2.5261471,0.10600216,2.3364021,0.24766368,2.0887384
-14.621415,0.99774962,0.37296265,3,7,0,15.543491,0.83636874,2.7245984,2.2787689,0.44582948,-55.744495,-40.216098,-51.276542,-27.876137,-27.101133,-42.210523,-51.276542,-31.85246,-42.210523,-34.454574,7,3,7,7,7,2,7,5,2,7,8,3,8,6,4,2,8,3,2,6,-1.6163554,0.4134066,1.4562898,0.60203982,0.85425
-14.682085,0.98948971,0.62656576,3,7,0,15.019056,0.77018538,3.7355707,2.877082,0.85848877,-56.052129,-39.841061,-50.131482,-28.179636,-27.674986,-42.632329,-50.131482,-31.771625,-42.632329,-37.213544,7,4,8,6,3,4,7,3,6,6,7,1,7,7,8,1,7,3,1,7,-2.2641726,0.4906138,1.5449674,0.75798234,0.78698509
-14.796528,0.98407868,1.0807035,2,3,0,14.849176,0.74500754,1.4247487,1.0614485,0.36330018,-42.686277,-33.356092,-39.073062,-25.641453,-25.348374,-35.347377,-39.073062,-28.038571,-35.347377,-32.20865,7,4,7,4,6,3,7,2,4,8,8,3,8,4,4,4,6,3,1,7,-0.67895737,0.37185744,1.9538025,0.72653598,1.2272665
-14.796528,2.6559016e-07,1.8877048,1,1,0,16.869793,0.74500754,1.4247487,1.0614485,0.36330018,-42.686277,-33.356092,-39.073062,-25.641453,-25.348374,-35.347377,-39.073062,-28.038571,-35.347377,-32.20865,5,4,8,7,4,5,7,6,6,7,7,2,6,3,4,3,8,5,4,7,-0.67895737,0.43931489,1.3176247,0.57885216,0.73877257
-15.040097,0.99854456,0.14977027,2,5,0,15.115788,0.7486237,1.2982357,0.97189005,0.3263457,-41.641019,-32.826767,-38.261955,-25.384705,-25.088843,-34.706722,-38.261955,-27.710083,-34.706722,-31.581597,7,7,4,7,6,2,4,7,4,8,5,4,6,6,1,6,8,5,2,8,-0.7388528,0.23223625,1.8250706,0.42384756,1.4012231
-14.755153,1,0.27900477,4,15,0,15.256245,0.77197766,3.8610692,2.9806592,0.88041003,-56.566304,-40.07301,-50.569467,-28.256152,-27.739585,-42.880518,-50.569467,-31.89712,-42.880518,-37.333198,8,2,7,5,4,2,5,7,6,8,7,2,5,4,6,2,8,1,2,7,-2.3874811,0.70737226,3.9519124,2.7954732,1.1564392
-14.646142,0.99538731,0.52686375,3,7,0,15.226697,0.72698875,1.5247246,1.1084576,0.41626696,-42.941143,-33.398371,-39.071798,-25.773973,-25.542683,-35.543466,-39.071798,-28.101722,-35.543466,-32.897626,5,5,7,3,4,1,3,4,6,7,7,2,6,7,7,2,7,6,1,6,-0.62017584,0.29978178,0.98306052,0.29470363,0.68835689
-14.398642,0.9924095,0.98327163,2,3,0,14.77118,0.65912547,2.4007727,1.5824104,0.81836225,-45.795377,-34.45396,-40.497266,-26.787261,-26.820519,-37.389809,-40.497266,-28.92191,-37.389809,-37.029277,8,1,8,3,5,2,7,3,1,6,8,1,8,1,6,1,6,5,4,6,-0.86962196,0.95433182,1.5366175,1.466443,0.070174517
-14.398642,0.00015600457,1.8153998,1,1,0,16.844973,0.65912547,2.4007727,1.5824104,0.81836225,-45.795377,-34.45396,-40.497266,-26.787261,-26.820519,-37.389809,-40.497266,-28.92191,-37.389809,-37.029277,8,2,6,4,2,2,7,5,5,3,5,4,8,2,5,3,5,4,1,6,-0.86962196,0.37691595,0.50458029,0.19018436,0.31439593
-14.333967,0.99900384,0.15126983,3,15,0,14.803138,0.7949804,2.6617359,2.1160279,0.54570804,-53.033902,-38.701605,-48.21433,-27.557695,-26.975797,-41.006343,-48.21433,-31.077543,-41.006343,-35.039919,7,5,8,5,5,5,7,6,3,6,8,3,7,5,6,1,7,1,2,7,-1.390497,0.50545911,1.119688,0.5659565,0.5537315
-14.261869,0.99123467,0.2876116,2,7,0,15.016557,0.78087617,2.2417356,1.7505179,0.4912177,-49.989902,-37.191258,-45.499763,-27.046763,-26.551654,-39.433807,-45.499763,-30.239818,-39.433807,-34.349745,8,2,6,7,3,1,7,3,3,7,8,2,7,4,4,1,8,5,2,4,-1.0327783,0.4611526,2.2732906,1.0483339,1.2249567
-14.354843,0.95440098,0.53064241,3,7,0,15.470527,0.73562888,1.8208417,1.3394637,0.48137795,-45.421134,-34.69919,-41.162558,-26.296032,-26.015229,-36.991522,-41.162558,-28.868353,-36.991522,-33.872143,7,4,7,7,7,2,6,4,5,7,7,3,7,5,5,4,7,6,1,7,-0.68837668,0.096608972,2.0837432,0.20130829,1.8824349
-14.305825,0.99242628,0.86855109,2,3,0,14.489425,0.79402276,2.2840289,1.8135709,0.47045797,-50.872614,-37.693428,-46.43937,-27.164403,-26.609281,-39.865408,-46.43937,-30.503458,-39.865408,-34.235433,8,2,5,7,5,1,7,6,2,6,7,3,7,6,2,6,8,3,4,8,-1.1058739,0.58054427,4.6650055,2.7082422,1.9567633
-15.44284,0.47637802,1.5850016,2,3,0,16.553102,0.5246673,2.0937679,1.0985315,0.99523633,-40.307564,-31.170108,-35.122157,-26.409227,-27.013414,-34.28467,-35.122157,-27.322493,-34.28467,-39.059097,7,3,6,7,4,1,7,5,2,7,7,1,8,2,5,2,8,3,2,7,-0.56592695,0.65523529,3.2253607,2.1133701,1.1119905
-14.449087,0.97845212,0.60769225,2,3,0,15.975397,0.81305607,2.0581617,1.6734009,0.38476083,-50.32157,-37.55192,-46.315088,-26.991445,-26.371622,-39.496625,-46.315088,-30.386648,-39.496625,-33.362967,8,2,7,3,4,4,5,3,1,7,7,2,8,3,5,1,7,1,4,8,-1.0413903,0.69801649,1.97497,1.3785616,0.59640837
-15.126848,0.7777031,1.05798,2,3,0,15.526174,0.564033,1.8706563,1.0551119,0.8155444,-40.340157,-31.338757,-35.470319,-26.084705,-26.506409,-34.2468,-35.470319,-27.278096,-34.2468,-37.272016,6,5,7,1,5,1,8,3,2,5,8,4,8,2,1,2,7,7,2,8,-0.47209239,0.78564882,3.086162,2.4246395,0.66152246
-15.554425,0.91479973,1.0086274,2,3,0,15.86742,0.90233062,2.500897,2.2566359,0.24426105,-58.761661,-41.990122,-55.474442,-28.160406,-27.103874,-43.282529,-55.474442,-32.729452,-43.282529,-33.022659,6,3,7,4,6,2,6,5,1,7,8,1,8,3,4,1,8,1,4,8,-1.8795294,0.61779748,3.5264577,2.1786367,1.347821
-16.076114,0.85623001,1.4389055,2,3,0,16.173901,0.46970489,2.0378598,0.95719271,1.0806671,-38.706885,-30.198348,-33.580375,-26.451592,-27.284465,-33.335287,-33.580375,-26.908368,-33.335287,-40.219988,7,2,8,6,2,2,6,6,1,7,7,3,7,6,3,4,7,3,2,7,-0.53660767,0.56434421,0.75002502,0.42327228,0.32675274
-14.603391,1,1.7214672,1,1,0,15.289852,0.71929604,3.5977502,2.5878474,1.0099027,-52.801937,-38.040987,-46.677254,-27.863725,-27.609239,-41.124221,-46.677254,-30.875552,-41.124221,-38.107554,6,4,6,4,4,2,5,6,5,8,8,1,6,4,3,3,8,7,4,5,-2.0037948,0.37180459,1.7566151,0.65311754,1.1034975
-14.603391,2.0818126e-37,3.1077705,1,1,0,15.357537,0.71929604,3.5977502,2.5878474,1.0099027,-52.801937,-38.040987,-46.677254,-27.863725,-27.609239,-41.124221,-46.677254,-30.875552,-41.124221,-38.107554,7,2,7,3,3,2,4,3,2,5,8,3,7,5,7,3,8,3,2,6,-2.0037948,0.76783472,1.1625825,0.89267118,0.26991128
-14.429745,0.99875207,0.31903015,4,15,0,14.905126,0.68616747,1.8286946,1.2547907,0.57390385,-43.741541,-33.597532,-39.239392,-26.155965,-26.076483,-36.117007,-39.239392,-28.320799,-36.117007,-34.735355,7,1,8,4,5,1,8,2,1,8,8,2,8,4,3,4,8,6,2,6,-0.58920012,0.94912045,1.8723208,1.777058,0.095262835
-14.499667,0.97930698,0.57653363,2,7,0,14.971621,0.81717949,2.8411428,2.3217236,0.51941918,-55.202007,-39.836509,-50.418819,-27.851413,-27.157658,-42.026735,-50.418819,-31.674518,-42.026735,-34.987184,8,2,8,5,2,3,7,4,2,8,6,2,5,6,3,4,8,3,1,7,-1.6258703,0.24448973,2.1473632,0.52500825,1.622355
-15.671601,0.84120297,0.97677154,2,3,0,16.067863,0.90798942,2.3979212,2.1772871,0.22063413,-58.412726,-41.870822,-55.325205,-28.091691,-27.021343,-43.078577,-55.325205,-32.6572,-43.078577,-32.744847,8,3,7,4,6,1,7,2,4,4,8,1,8,2,6,2,6,1,2,6,-1.8568602,0.73787918,2.3868861,1.7612336,0.62565253
-14.724638,0.73272547,1.1165744,2,3,0,16.77838,0.80202586,1.5815957,1.2684807,0.31311506,-46.088872,-35.399826,-42.613523,-26.18445,-25.658065,-37.183994,-42.613523,-29.153337,-37.183994,-32.038759,4,4,6,4,5,4,6,6,3,7,6,2,8,5,4,3,8,4,2,4,-0.84287973,0.28942268,1.1835551,0.34254769,0.84100741
-14.926695,0.97828719,0.9438871,2,3,0,15.389675,0.57908703,2.1867475,1.2663171,0.92043039,-42.224543,-32.329788,-36.983947,-26.480342,-26.857187,-35.397318,-36.983947,-27.864496,-35.397318,-38.118672,8,3,7,1,6,2,7,5,2,6,8,3,8,3,3,2,4,3,1,7,-0.64401645,0.76601436,2.8981963,2.22006,0.67813631
-14.395965,0.90128947,1.5676093,1,3,0,14.642948,0.76502782,3.1592495,2.4169137,0.74233573,-53.673951,-38.770962,-48.167278,-27.795812,-27.332236,-41.444785,-48.167278,-31.180056,-41.444785,-36.484902,8,1,3,3,6,5,8,4,4,4,8,5,7,5,2,2,6,2,2,5,-1.7185381,0.5479995,4.0218699,2.2039827,1.8178872
-14.395965,2.8507052e-05,2.0945608,1,1,0,15.378048,0.76502782,3.1592495,2.4169137,0.74233573,-53.673951,-38.770962,-48.167278,-27.795812,-27.332236,-41.444785,-48.167278,-31.180056,-41.444785,-36.484902,8,7,8,5,4,1,7,5,1,8,8,1,5,6,6,4,8,4,4,7,-1.7185381,0.74831511,2.6282037,1.9667246,0.66147917
-14.588648,0.99850081,0.24576382,4,15,0,14.754737,0.67866057,3.3251862,2.2566727,1.0685134,-50.014188,-36.519435,-43.928969,-27.566821,-27.509747,-39.730234,-43.928969,-30.104628,-39.730234,-38.589563,8,4,7,6,2,2,8,6,1,8,6,1,8,2,5,1,4,3,3,5,-1.6753464,0.53032444,2.3137849,1.2270567,1.0867282
-15.619541,0.95376798,0.4301764,2,3,0,15.799452,0.72171886,5.2488472,3.788192,1.4606552,-56.915916,-39.774058,-49.807217,-28.557985,-28.274513,-43.189701,-49.807217,-31.85415,-43.189701,-39.859941,8,3,6,6,4,2,5,3,5,4,7,1,7,4,7,2,8,5,2,7,-3.559198,0.38307862,1.3445737,0.51507743,0.82949625
-14.419713,1,0.66275768,3,7,0,15.615135,0.72883972,1.7367061,1.2657804,0.47092572,-44.592992,-34.247932,-40.41556,-26.142729,-25.893441,-36.52326,-40.41556,-28.612277,-36.52326,-33.688326,8,4,8,3,2,2,7,3,2,5,6,2,5,6,2,2,5,2,4,5,-0.64721934,0.7251891,0.94191671,0.68306773,0.25884898
-14.848918,0.63973752,1.1451087,2,3,0,16.346626,0.84300815,3.2058625,2.7025682,0.5032943,-58.638372,-41.526772,-53.829612,-28.316826,-27.481029,-43.586671,-53.829612,-32.563442,-43.586671,-35.119051,5,2,4,6,3,3,7,5,1,5,6,3,8,3,2,2,7,2,2,6,-2.0666077,0.42699419,3.1133938,1.329401,1.7839927
-14.640584,1,0.7663407,3,7,0,15.024758,0.62435544,1.9814429,1.2371247,0.74431826,-42.629326,-32.738266,-37.7267,-26.255125,-26.431935,-35.56756,-37.7267,-27.967058,-35.56756,-36.442131,7,5,4,7,1,4,6,2,5,7,8,2,4,3,3,1,6,1,4,5,-0.56817836,0.092999388,1.4605656,0.13583171,1.3247339
-14.6181,0.87994113,1.3112025,2,3,0,14.954877,0.83743801,2.6639525,2.2308951,0.43305741,-55.469224,-40.100616,-51.070889,-27.826808,-27.051143,-42.067986,-51.070889,-31.78644,-42.067986,-34.325565,8,6,6,7,3,5,6,3,3,7,6,3,7,6,6,2,8,5,1,8,-1.5722989,0.59111748,1.2832989,0.75858042,0.52471849
-14.6181,0.085923764,1.6344704,1,1,0,15.987126,0.83743801,2.6639525,2.2308951,0.43305741,-55.469224,-40.100616,-51.070889,-27.826808,-27.051143,-42.067986,-51.070889,-31.78644,-42.067986,-34.325565,5,3,6,5,4,4,7,4,5,8,7,2,7,2,6,3,7,2,2,7,-1.5722989,0.25563303,2.5895466,0.66197364,1.927573
-15.424766,0.98705213,0.26830065,3,15,0,16.048258,0.78932428,1.1805102,0.93180539,0.24870484,-41.670247,-33.036685,-38.747452,-25.257567,-24.831317,-34.628612,-38.747452,-27.766517,-34.628612,-30.491292,5,5,6,6,5,2,6,4,3,8,8,5,7,5,4,2,8,2,1,8,-0.94987249,0.44480391,1.3500738,0.60051809,0.74955569
-14.837288,0.99080235,0.44228077,2,7,0,16.1132,0.67065395,3.7371098,2.5063075,1.2308024,-50.834287,-36.823673,-44.417158,-27.781076,-27.761663,-40.191054,-44.417158,-30.309815,-40.191054,-39.433026,7,5,7,5,5,2,5,4,1,6,7,3,8,2,6,4,8,5,1,6,-2.0441561,0.42053151,1.1794412,0.49599219,0.68344902
-15.398143,0.53498269,0.73045131,2,3,0,19.501062,0.89537775,2.4268881,2.1729816,0.2539065,-57.725026,-41.49121,-54.378417,-28.018968,-27.001953,-42.840691,-54.378417,-32.466634,-42.840691,-32.981424,8,6,6,6,2,3,4,7,1,8,8,2,8,3,7,2,8,5,2,7,-1.7634059,0.022685094,2.7560012,0.062520146,2.693481
-15.767197,0.96442792,0.3844229,3,15,0,17.645829,0.49513619,2.0878098,1.0337502,1.0540596,-39.524022,-30.680933,-34.33662,-26.453158,-27.183036,-33.827399,-34.33662,-27.122163,-33.827399,-39.769741,6,2,6,3,4,3,3,8,2,8,8,6,4,4,2,5,8,3,2,8,-0.56022902,0.3316183,1.4851439,0.4925009,0.99264301
-14.340397,0.9517388,0.59094443,2,7,0,16.961643,0.69154232,1.972878,1.3643286,0.60854936,-44.790828,-34.146375,-40.118012,-26.370142,-26.266338,-36.729326,-40.118012,-28.641916,-36.729326,-35.132854,8,5,8,7,3,5,5,4,1,8,8,2,7,3,5,3,8,3,1,5,-0.65889965,0.13458149,2.2150125,0.29809968,1.9169128
-15.227423,0.64770157,0.87502689,2,3,0,17.609087,0.87271117,3.2070235,2.7988052,0.40821827,-60.814208,-42.669667,-56.421423,-28.550645,-27.572678,-44.432759,-56.421423,-33.137458,-44.432759,-34.616838,6,4,4,6,3,3,4,6,2,8,8,2,7,5,6,1,8,5,1,5,-2.2427605,0.33713098,1.297425,0.43740215,0.86002281
-15.437863,0.95735687,0.61368352,3,7,0,16.456133,0.58854601,3.8015298,2.2373752,1.5641546,-47.506755,-34.82233,-40.885913,-27.703009,-28.084869,-38.498019,-40.885913,-29.402544,-38.498019,-41.666167,8,3,7,5,3,3,7,7,2,8,8,6,8,5,3,2,3,5,3,6,-2.0125802,0.53548357,1.2144782,0.65033313,0.56414509
-15.039754,1,0.91567455,2,3,0,15.87953,0.75233661,4.3867928,3.3003448,1.086448,-56.872363,-40.031411,-50.399091,-28.395141,-27.965701,-43.091278,-50.399091,-31.919216,-43.091278,-38.345004,5,6,7,5,3,3,8,5,2,8,8,3,7,3,5,3,7,4,1,6,-2.8267537,0.58324862,2.0377222,1.1884986,0.84922354
-14.699204,1,1.5053624,1,1,0,15.212891,0.7220332,3.7841354,2.7322714,1.051864,-53.501464,-38.364094,-47.255687,-27.975516,-27.705212,-41.480572,-47.255687,-31.053839,-41.480572,-38.307191,7,2,8,5,4,2,3,4,4,8,7,5,7,2,1,3,8,2,1,7,-2.1840338,0.3813119,1.5645053,0.5965645,0.96794082
-14.699204,3.8297192e-14,2.4578372,1,1,0,15.453602,0.7220332,3.7841354,2.7322714,1.051864,-53.501464,-38.364094,-47.255687,-27.975516,-27.705212,-41.480572,-47.255687,-31.053839,-41.480572,-38.307191,6,4,4,2,3,4,8,5,4,8,8,1,7,4,5,2,7,2,1,7,-2.1840338,0.25210849,1.2311983,0.31039555,0.92080279
-14.326793,1,0.371561,3,7,0,14.76132,0.77623888,2.8968275,2.2486302,0.64819736,-53.165682,-38.627443,-47.972016,-27.656942,-27.150227,-41.143273,-47.972016,-31.073906,-41.143273,-35.821176,8,2,7,3,6,2,8,5,4,6,8,4,8,3,3,3,8,3,3,7,-1.5226139,0.91032118,3.3245333,3.0263931,0.29814024
-14.88811,0.97345961,0.60827153,2,7,0,14.897858,0.61358388,1.6689762,1.0240569,0.6449193,-40.572624,-31.660129,-36.075407,-25.793207,-26.003225,-34.31278,-36.075407,-27.317334,-34.31278,-35.421256,8,3,7,3,4,4,7,5,3,8,8,2,8,6,2,3,8,5,2,3,-0.45099728,0.57167985,2.9222251,1.6705772,1.2516479
-14.436015,0.88813703,0.92961242,2,3,0,15.650541,0.81530304,2.162284,1.7629168,0.39936728,-51.147276,-37.959802,-47.040337,-27.138971,-26.500542,-39.931142,-47.040337,-30.616585,-39.931142,-33.596747,7,5,4,7,3,2,5,6,1,6,8,4,8,3,5,4,8,5,3,7,-1.1106048,0.26860121,4.2021082,1.1286913,3.0734169
-14.509157,0.97231321,1.1584185,2,3,0,14.616022,0.63799262,2.3746879,1.5150334,0.85965455,-44.928081,-33.923656,-39.596472,-26.724156,-26.850261,-36.922957,-39.596472,-28.662749,-36.922957,-37.402393,5,2,6,6,3,4,6,3,1,8,7,3,7,3,6,3,7,4,2,7,-0.82339188,0.28934542,2.2589648,0.65362113,1.6053437
-14.509157,0.0060853651,1.7484445,2,3,0,16.114504,0.63799262,2.3746879,1.5150334,0.85965455,-44.928081,-33.923656,-39.596472,-26.724156,-26.850261,-36.922957,-39.596472,-28.662749,-36.922957,-37.402393,6,4,8,5,4,3,6,3,3,8,8,3,7,6,7,3,7,4,4,8,-0.82339188,0.37378361,4.7882641,1.7897746,2.9984895
-14.296524,0.99711907,0.28542767,3,11,0,14.823881,0.79240146,2.4452549,1.9376236,0.50763136,-51.733528,-38.085682,-47.112212,-27.331319,-26.773227,-40.331622,-47.112212,-30.731615,-40.331622,-34.633243,5,1,8,7,4,7,3,2,6,8,7,4,7,5,7,3,8,2,2,8,-1.2138213,0.27670525,0.751032,0.2078145,0.5432175
-15.036373,0.92755454,0.45749296,2,7,0,16.807551,0.85938625,1.7324805,1.48887,0.24361058,-49.956164,-37.650332,-46.835143,-26.780088,-26.005793,-39.107027,-46.835143,-30.367978,-39.107027,-31.772619,8,2,8,6,4,3,5,4,5,6,8,3,4,4,5,1,8,3,2,7,-1.1380993,0.9294189,1.8281544,1.6991213,0.12903315
-14.692427,0.98734815,0.62252788,2,7,0,15.814563,0.63669884,1.7470332,1.112334,0.63469919,-41.698126,-32.33152,-37.145313,-25.940024,-26.060386,-34.972827,-37.145313,-27.672771,-34.972827,-35.317484,7,2,3,3,3,3,6,6,2,6,8,1,8,4,5,2,5,5,1,8,-0.49250588,0.50438357,2.5648355,1.2936609,1.2711746
-14.641881,0.85982494,0.9655296,2,3,0,15.597561,0.80671601,1.6813393,1.3563633,0.32497597,-47.139267,-35.954812,-43.560619,-26.385972,-25.829722,-37.764136,-43.560619,-29.471091,-37.764136,-32.324353,5,2,8,5,5,2,8,4,2,7,8,3,8,4,4,2,7,5,6,6,-0.87224459,0.40290768,1.8581007,0.74864303,1.1094576
-14.474935,1,1.1193276,2,3,0,14.610748,0.71878537,3.3355097,2.3975156,0.93799411,-51.931549,-37.656119,-46.005994,-27.705358,-27.457114,-40.667384,-46.005994,-30.654578,-40.667384,-37.717695,8,3,8,5,3,2,7,3,1,7,7,2,7,8,4,4,8,3,5,6,-1.7607071,0.52886643,2.249936,1.1899156,1.0600204
-14.474935,0.031188533,1.7696309,2,7,0,15.352866,0.71878537,3.3355097,2.3975156,0.93799411,-51.931549,-37.656119,-46.005994,-27.705358,-27.457114,-40.667384,-46.005994,-30.654578,-40.667384,-37.717695,8,7,5,4,5,2,5,6,3,8,6,3,5,6,4,3,8,3,3,6,-1.7607071,0.40130921,1.2668478,0.50839768,0.7584501
-14.577866,0.99699071,0.32601066,4,15,0,14.914134,0.8361415,2.4552104,2.0529033,0.40230709,-54.153933,-39.496389,-49.946221,-27.607855,-26.853811,-41.409973,-49.946221,-31.450995,-41.409973,-33.935983,6,4,7,7,2,5,6,6,3,8,7,3,7,4,3,2,8,3,4,7,-1.4040574,0.10094041,1.6935013,0.17094272,1.5225586
-15.246741,0.97282416,0.51290307,3,7,0,15.640878,0.58759616,1.4926749,0.87709005,0.61558488,-38.793864,-30.645518,-34.517192,-25.476665,-25.77759,-33.224394,-34.517192,-26.744947,-33.224394,-35.074344,7,5,8,4,2,5,7,7,5,7,8,3,8,6,5,3,6,5,1,7,-0.42327232,0.11980623,1.7413183,0.20862079,1.5326975
-14.909932,1,0.76127641,1,1,0,15.228232,0.61010062,1.6691788,1.018367,0.65081177,-40.478784,-31.597735,-35.973406,-25.790924,-26.014739,-34.25973,-35.973406,-27.288334,-34.25973,-35.487659,6,6,5,3,3,3,8,3,2,7,7,1,7,5,5,2,8,4,3,7,-0.44775003,0.39503268,1.1166735,0.44112252,0.67555097
-14.909932,0.630797,1.1931557,1,1,0,15.693073,0.61010062,1.6691788,1.018367,0.65081177,-40.478784,-31.597735,-35.973406,-25.790924,-26.014739,-34.25973,-35.973406,-27.288334,-34.25973,-35.487659,8,2,8,5,5,1,8,4,1,3,8,2,7,4,5,3,6,4,4,7,-0.44775003,0.81246535,1.2319444,1.0009121,0.23103227
-14.706396,0.98570024,0.83734285,2,7,0,15.322467,0.70584318,3.7353668,2.6365832,1.0987836,-52.527068,-37.819026,-46.240992,-27.888049,-27.697284,-41.013295,-46.240992,-30.784759,-41.013295,-38.605031,8,2,8,3,7,3,5,5,2,7,8,2,8,6,3,5,8,4,2,7,-2.1043797,0.85753137,1.14146,0.97883779,0.16262225
-15.627582,0.77275638,1.265316,2,3,0,15.879941,0.79419853,5.1406023,4.0826588,1.0579435,-61.550132,-42.286614,-54.953945,-28.919681,-28.263755,-45.152449,-54.953945,-33.063004,-45.152449,-38.099688,6,7,5,5,4,4,7,4,4,8,8,5,8,5,6,1,8,1,5,6,-3.6648264,0.16317155,3.2377211,0.52830396,2.7094171
-14.680893,0.84870461,1.2071054,2,3,0,16.293748,0.83258055,1.8572059,1.5462735,0.31093238,-49.739851,-37.388765,-46.168003,-26.816966,-26.135771,-39.104454,-46.168003,-30.259484,-39.104454,-32.514011,7,2,8,8,5,1,7,3,2,4,7,1,7,4,7,3,7,4,2,8,-1.0345572,0.85728316,3.2178482,2.7586071,0.45924113
-14.572716,1,1.3540057,2,3,0,14.785083,0.64008988,2.7857691,1.7831426,1.0026265,-46.622396,-34.732508,-40.882769,-27.100418,-27.222058,-37.907016,-40.882769,-29.153536,-37.907016,-38.400067,8,4,6,5,4,1,8,5,2,7,8,4,7,6,4,5,6,3,1,6,-1.1462246,0.61613092,2.6482174,1.6316486,1.0165688
-14.572716,0.15591192,2.0886071,1,1,0,15.484935,0.64008988,2.7857691,1.7831426,1.0026265,-46.622396,-34.732508,-40.882769,-27.100418,-27.222058,-37.907016,-40.882769,-29.153536,-37.907016,-38.400067,8,2,6,5,1,2,8,1,3,8,8,3,6,5,5,2,7,1,2,8,-1.1462246,0.15227976,1.0559466,0.16079929,0.8951473
-14.540695,0.99772833,0.54340814,3,7,0,14.794859,0.76293485,1.6302037,1.2437392,0.3864645,-45.017325,-34.644673,-41.191479,-26.094717,-25.716676,-36.682155,-41.191479,-28.778085,-36.682155,-32.774472,7,3,7,4,5,1,7,4,2,6,7,2,8,4,5,3,7,4,3,4,-0.71633301,0.59344846,4.4557749,2.6442728,1.8115022
-14.596168,0.99828015,0.83436898,2,3,0,14.854041,0.79127498,3.4413212,2.7230314,0.71828983,-56.280717,-40.11008,-50.747376,-28.128864,-27.530656,-42.670973,-50.747376,-31.87689,-42.670973,-36.400437,7,4,6,7,4,3,5,2,2,5,8,6,8,4,5,4,4,4,3,2,-2.0597993,0.55784964,2.9133122,1.6251902,1.2881221
-14.406546,0.99828754,1.2766665,2,3,0,14.636178,0.67784672,2.860188,1.9387691,0.92141896,-48.391831,-35.780614,-42.699752,-27.238568,-27.187086,-38.834569,-42.699752,-29.667246,-38.834569,-37.725249,7,5,8,3,6,2,6,8,2,7,8,3,6,4,5,2,8,2,1,3,-1.2624373,0.47070082,1.9320617,0.90942305,1.0226387
-14.406546,0.0056647842,1.9446118,1,1,0,14.94862,0.67784672,2.860188,1.9387691,0.92141896,-48.391831,-35.780614,-42.699752,-27.238568,-27.187086,-38.834569,-42.699752,-29.667246,-38.834569,-37.725249,6,5,7,8,4,3,8,6,2,8,6,1,8,4,6,2,8,4,2,6,-1.2624373,0.5316617,0.69670611,0.37041195,0.32629416
-14.516137,0.98769096,0.38206293,2,7,0,14.970415,0.80698548,1.8421812,1.4866135,0.35556772,-48.449723,-36.606369,-44.657543,-26.648788,-26.074558,-38.495232,-44.657543,-29.850743,-38.495232,-32.838162,7,5,4,6,3,1,6,2,3,7,8,5,7,2,5,1,8,3,1,6,-0.91793428,0.42122424,2.7502001,1.1584509,1.5917492
-14.487883,0.99830902,0.57047392,3,7,0,14.697791,0.76467615,3.371687,2.5782487,0.79343837,-54.46714,-39.116061,-48.783416,-27.936055,-27.467815,-41.852976,-48.783416,-31.376391,-41.852976,-36.82283,7,3,8,4,2,2,7,5,4,8,8,3,7,5,5,1,7,2,2,5,-1.9100642,0.46344642,6.6146492,3.0655355,3.5491137
-14.43285,0.92556865,0.86680437,1,3,0,15.171855,0.69365382,1.7923272,1.2432546,0.54907259,-43.760992,-33.645788,-39.339897,-26.121451,-26.012157,-36.112108,-39.339897,-28.331025,-36.112108,-34.474022,8,1,6,4,5,3,5,7,2,8,6,4,7,4,2,4,8,3,2,6,-0.59040702,0.3839276,2.492587,0.95697296,1.5356141
-14.553288,0.94767947,1.1315982,1,1,0,14.639273,0.71447784,1.6106882,1.150801,0.45988718,-43.195263,-33.465815,-39.131815,-25.888501,-25.701632,-35.725398,-39.131815,-28.170735,-35.725398,-33.440233,5,3,4,5,1,1,6,3,2,6,5,3,8,4,4,3,7,3,2,7,-0.59406441,0.57112685,1.24343,0.71015624,0.53327373
-14.594551,0.96983212,1.5404581,1,1,0,14.866364,0.71391596,1.5751652,1.1245356,0.45062963,-42.911397,-33.318003,-38.899718,-25.824764,-25.641518,-35.555712,-38.899718,-28.081834,-35.555712,-33.305955,8,2,6,3,1,2,3,5,2,7,8,1,7,4,2,1,7,3,2,6,-0.59089021,0.25227961,1.4566518,0.36748355,1.0891683
-14.594551,0.00017613086,2.1855849,1,1,0,15.061426,0.71391596,1.5751652,1.1245356,0.45062963,-42.911397,-33.318003,-38.899718,-25.824764,-25.641518,-35.555712,-38.899718,-28.081834,-35.555712,-33.305955,8,4,8,5,5,2,8,4,2,8,6,3,7,4,5,5,8,1,1,6,-0.59089021,0.85742025,2.2443278,1.9243321,0.3199957
-14.522503,0.99909284,0.44551114,2,3,0,14.67954,0.68817767,1.696772,1.1676806,0.52909141,-42.954191,-33.21186,-38.647592,-25.95935,-25.873787,-35.638506,-38.647592,-28.078793,-35.638506,-34.208258,5,4,8,6,1,4,7,3,3,6,8,6,6,4,2,1,8,5,1,7,-0.55585703,0.27356909,1.8491269,0.50586397,1.3432629
-15.209025,0.78231232,0.67164763,3,7,0,17.662132,0.74015683,1.2234146,0.90551865,0.31789592,-40.662365,-32.269143,-37.371952,-25.183526,-24.924506,-34.12659,-37.371952,-27.385783,-34.12659,-31.324497,8,2,4,5,5,2,8,1,2,6,8,5,7,7,3,2,5,2,5,5,-0.76739513,0.77820979,1.3833177,1.0765114,0.30680632
-14.567785,1,0.65682673,2,3,0,15.415461,0.63160195,2.5496152,1.610342,0.93927329,-45.423418,-34.12377,-39.891828,-26.884392,-27.041466,-37.226638,-39.891828,-28.807731,-37.226638,-38.01459,8,4,7,4,2,5,8,1,1,5,8,2,7,7,2,4,8,4,2,6,-0.94596062,0.63997705,2.0460942,1.3094533,0.73664085
-14.531076,0.6423525,0.98613768,2,3,0,17.04913,0.81019076,1.8469926,1.4964163,0.35057626,-48.629059,-36.713287,-44.858524,-26.673447,-26.085567,-38.582885,-44.858524,-29.907188,-38.582885,-32.805858,8,6,8,5,5,1,7,5,2,8,8,5,8,4,6,3,5,3,5,6,-0.93248048,0.42188126,1.7003333,0.71733874,0.98299454
-16.939198,0.79730839,0.73183123,3,7,0,18.213027,0.48370284,1.0797509,0.52227858,0.55747233,-33.774365,-27.695234,-30.138283,-24.64823,-25.260883,-30.019374,-30.138283,-25.105741,-30.019374,-34.340315,7,3,7,5,4,3,8,5,3,7,7,3,7,3,2,2,4,4,2,8,-0.65805893,0.50415088,2.2812299,1.150084,1.1311458
-15.863052,1,0.73673474,3,7,0,17.207954,0.77504907,1.0313989,0.79938473,0.23201413,-39.527407,-31.816425,-36.795087,-24.798964,-24.443825,-33.354624,-36.795087,-27.049862,-33.354624,-29.859252,7,1,6,7,5,3,5,4,5,5,8,5,8,7,6,2,8,3,3,7,-1.0887501,0.15321827,1.3728829,0.21035074,1.1625322
-15.194539,1,1.0990571,2,3,0,16.349128,0.61223588,3.7221508,2.2788343,1.4433165,-48.266501,-35.30361,-41.72692,-27.674152,-27.939065,-38.888312,-41.72692,-29.603826,-38.888312,-40.891059,7,2,5,4,5,1,4,6,2,6,8,4,6,6,2,4,7,6,3,7,-1.9579951,0.77702842,2.3512693,1.8270031,0.52426623
-14.880784,0.85439741,1.6334466,1,3,0,15.06364,0.8504902,1.8075496,1.5373032,0.27024638,-50.188959,-37.712774,-46.871278,-26.848754,-26.10011,-39.270915,-46.871278,-30.417047,-39.270915,-32.118676,8,2,7,7,3,1,3,6,2,5,8,5,7,6,2,2,8,2,2,8,-1.1088125,0.19280756,0.84366105,0.16266423,0.68099683
-14.419731,1,1.8280471,1,1,0,14.621604,0.75877148,3.2381795,2.4570382,0.78114124,-53.643235,-38.710106,-48.027603,-27.818567,-27.382259,-41.449086,-48.027603,-31.159718,-41.449086,-36.735299,7,3,6,7,6,5,7,5,2,5,8,1,6,8,8,2,7,2,3,5,-1.7714944,0.3817817,4.5640775,1.7424813,2.8215963
-14.419731,2.4166332e-05,2.7006706,1,1,0,14.932807,0.75877148,3.2381795,2.4570382,0.78114124,-53.643235,-38.710106,-48.027603,-27.818567,-27.382259,-41.449086,-48.027603,-31.159718,-41.449086,-36.735299,8,6,5,4,4,6,5,6,1,8,7,1,8,4,6,3,8,1,3,8,-1.7714944,0.19170609,1.6669765,0.31956954,1.347407
-14.199498,0.98284276,0.59120409,1,3,0,14.673061,0.75341348,2.4068305,1.8133386,0.59349195,-49.657259,-36.85752,-44.792111,-27.097659,-26.714539,-39.340391,-44.792111,-30.104765,-39.340391,-35.225502,8,3,4,1,4,1,6,2,2,8,3,6,8,3,7,1,6,2,1,7,-1.0640972,0.67172815,3.6319788,2.4397024,1.1922764
-14.298999,0.98392364,0.84669668,2,3,0,14.305918,0.70568126,1.9906381,1.404756,0.5858821,-45.400255,-34.523501,-40.766061,-26.433954,-26.270697,-37.054593,-40.766061,-28.834058,-37.054593,-34.936891,8,2,7,3,4,5,7,3,2,8,8,2,7,6,7,2,8,4,1,8,-0.69421472,0.67325984,2.1665293,1.4586372,0.70789212
-16.141961,0.50652683,1.2111708,1,3,0,16.926269,0.92342455,2.6694416,2.4650279,0.2044137,-61.642475,-43.35011,-58.657176,-28.52798,-27.356475,-44.433231,-58.657176,-33.436184,-44.433231,-33.017103,8,2,8,6,4,1,8,4,4,7,8,3,7,5,7,2,8,6,2,7,-2.231767,0.78798575,2.4823092,1.9560242,0.52628492
-15.160713,0.93655659,0.70367448,3,7,0,17.476987,0.62054319,3.7720106,2.3406955,1.4313151,-48.725924,-35.558695,-42.166114,-27.707853,-27.932871,-39.13047,-42.166114,-29.727608,-39.13047,-40.750648,8,4,8,4,5,3,8,5,1,8,8,5,8,4,4,1,7,4,3,7,-2.0128961,0.46712449,2.8287415,1.3213744,1.5073671
-14.663784,1,0.91894033,1,1,0,15.112398,0.6959264,3.6024762,2.5070583,1.0954179,-51.65424,-37.365592,-45.422742,-27.782116,-27.64063,-40.57551,-45.422742,-30.54998,-40.57551,-38.63889,6,4,4,5,4,2,6,8,4,5,8,3,7,5,1,3,7,3,1,8,-1.9612542,0.52356846,4.0461719,2.118448,1.9277239
-14.663784,0.62570012,1.3475896,2,3,0,15.44783,0.6959264,3.6024762,2.5070583,1.0954179,-51.65424,-37.365592,-45.422742,-27.782116,-27.64063,-40.57551,-45.422742,-30.54998,-40.57551,-38.63889,5,2,7,6,4,2,7,3,3,8,8,1,7,4,6,3,8,4,3,6,-1.9612542,0.75588815,2.0077702,1.5176497,0.4901205
-15.997533,0.87525773,0.98310466,2,3,0,16.050338,0.72105399,5.805513,4.1860883,1.6194247,-57.857671,-40.138773,-50.487392,-28.711169,-28.427269,-43.642647,-50.487392,-32.059848,-43.642647,-40.303269,8,2,8,5,6,3,8,2,3,6,8,2,8,4,6,1,7,2,1,8,-4.067884,0.89876228,2.8572865,2.5680214,0.28926516
-16.128062,0.96957204,1.1406413,2,3,0,16.381095,0.71066226,0.95341421,0.6775555,0.27585872,-37.017339,-30.172784,-34.132398,-24.379568,-24.240595,-31.887822,-34.132398,-26.143276,-31.887822,-30.121864,4,1,6,3,6,2,7,4,4,7,8,2,7,7,4,1,8,5,4,8,-1.065771,0.38225096,1.2285931,0.46963089,0.7589622
-14.441857,1,1.5723305,1,1,0,14.876949,0.78072305,3.1802265,2.4828761,0.69735038,-54.628259,-39.310355,-49.220392,-27.89453,-27.356012,-41.880279,-49.220392,-31.450919,-41.880279,-36.215265,5,2,7,3,5,3,6,4,2,6,7,1,6,4,6,4,8,5,1,7,-1.7861694,0.44631612,4.9889969,2.2266697,2.7623271
-14.441857,3.2979061e-10,2.2855353,1,1,0,15.987583,0.78072305,3.1802265,2.4828761,0.69735038,-54.628259,-39.310355,-49.220392,-27.89453,-27.356012,-41.880279,-49.220392,-31.450919,-41.880279,-36.215265,6,5,6,3,5,3,7,6,4,8,7,4,8,4,6,2,6,3,3,6,-1.7861694,0.45714114,3.6494549,1.668316,1.9811389
-15.639248,0.94532429,0.53358151,2,3,0,15.65488,0.78469951,5.214217,4.0915936,1.1226235,-61.019198,-41.987581,-54.306839,-28.882096,-28.273981,-44.944723,-54.306839,-32.920888,-44.944723,-38.36391,7,7,8,8,4,4,7,5,2,7,8,1,8,4,6,3,7,3,4,8,-3.7000504,0.4783975,1.9695444,0.94222511,1.0273193
-15.639248,0.010742736,2.8125226,1,1,0,16.964153,0.78469951,5.214217,4.0915936,1.1226235,-61.019198,-41.987581,-54.306839,-28.882096,-28.273981,-44.944723,-54.306839,-32.920888,-44.944723,-38.36391,8,3,7,6,2,3,6,5,2,4,8,4,8,5,5,3,7,2,3,6,-3.7000504,0.61383164,3.1670533,1.9440375,1.2230158
-15.639248,0,6.69696,0,1,1,16.575835,0.78469951,5.214217,4.0915936,1.1226235,-61.019198,-41.987581,-54.306839,-28.882096,-28.273981,-44.944723,-54.306839,-32.920888,-44.944723,-38.36391,8,4,8,4,6,3,8,5,1,7,8,3,7,2,4,2,8,1,2,5,-3.7000504,0.81505416,2.0064532,1.635368,0.37108517
-14.442139,0.99782682,0.66414924,2,7,0,15.878804,0.68255899,3.0169944,2.0592766,0.95771773,-49.161512,-36.162622,-43.346292,-27.369655,-27.295583,-39.25293,-43.346292,-29.880989,-39.25293,-37.93949,7,6,8,6,4,4,8,5,4,7,7,3,5,2,3,1,8,3,1,7,-1.4056919,0.22027665,1.4599388,0.32159043,1.1383484
-14.579767,0.97771484,0.68999646,3,7,0,15.14744,0.75245295,1.5824934,1.1907518,0.39174157,-44.260152,-34.204102,-40.441079,-25.968886,-25.635507,-36.266283,-40.441079,-28.535309,-36.266283,-32.748969,8,7,5,6,3,2,5,4,6,8,8,2,7,6,5,4,8,4,2,7,-0.68325323,0.089043221,1.180699,0.10513324,1.0755657
-14.663407,0.99640297,0.87713712,2,3,0,14.692273,0.74562417,1.5127482,1.1279416,0.38480659,-43.456492,-33.757257,-39.705456,-25.815303,-25.513355,-35.807149,-39.705456,-28.280068,-35.807149,-32.571713,8,1,8,8,5,4,5,2,2,5,5,3,8,7,4,2,8,2,2,8,-0.66636264,0.78608143,0.73312633,0.57629699,0.15682934
-15.256906,0.88167785,1.3547632,2,3,0,15.564825,0.63127949,4.0609957,2.5636233,1.4973724,-49.843879,-36.116176,-43.117016,-27.860274,-28.035212,-39.726722,-43.117016,-30.024595,-39.726722,-40.894277,8,6,8,3,6,3,7,5,2,8,7,3,7,4,4,2,7,3,3,7,-2.2965069,0.58573271,2.2100475,1.2944971,0.91555041
-14.99365,0.96395318,1.6030085,2,3,0,15.936956,0.8312828,3.7270756,3.0982538,0.62882176,-60.030461,-42.016368,-54.680774,-28.565945,-27.762151,-44.30062,-54.680774,-32.849195,-44.30062,-36.009173,8,2,5,3,2,1,5,5,2,7,7,1,8,1,5,1,8,5,1,6,-2.4889269,0.4898412,1.5027935,0.73613016,0.76666332
-14.99365,0.0091540098,2.5464322,1,1,0,15.69012,0.8312828,3.7270756,3.0982538,0.62882176,-60.030461,-42.016368,-54.680774,-28.565945,-27.762151,-44.30062,-54.680774,-32.849195,-44.30062,-36.009173,7,3,6,3,5,3,8,4,4,6,8,1,8,8,6,4,8,2,3,5,-2.4889269,0.47079834,2.3317652,1.0977912,1.233974
-15.87374,0.99728308,0.20723879,4,31,0,16.948433,0.90565182,3.2153195,2.91196,0.30335954,-63.58314,-44.042917,-59.78547,-28.846336,-27.709418,-45.433795,-59.78547,-33.826313,-45.433795,-34.096035,8,2,7,6,4,1,6,3,3,8,8,1,8,4,5,2,8,4,1,5,-2.5126535,0.45078581,1.4523878,0.65471584,0.79767201
-15.25392,0.9992692,0.37733136,4,15,0,16.853477,0.57792938,3.2983877,1.9062352,1.3921525,-45.900809,-34.046365,-39.62234,-27.420002,-27.841948,-37.595592,-39.62234,-28.961711,-37.595592,-41.04426,7,2,7,3,4,3,8,3,3,7,7,4,7,3,7,1,8,4,3,6,-1.5389252,0.6785487,3.0558582,2.0735486,0.98230959
-14.195629,0.92702303,0.70435643,2,7,0,17.003044,0.73523133,2.4291383,1.7859786,0.64315974,-48.964111,-36.414372,-43.96566,-27.043881,-26.740419,-39.01064,-43.96566,-29.887813,-39.01064,-35.609646,7,3,7,8,1,4,6,3,4,8,8,3,6,4,3,2,6,5,1,8,-1.0336119,0.26058344,2.377956,0.61965594,1.7583
-14.540293,0.92173322,1.0564756,1,3,0,14.824405,0.82301146,2.8382988,2.3359524,0.50234636,-55.536797,-40.027754,-50.816375,-27.886974,-27.166363,-42.169007,-50.816375,-31.77074,-42.169007,-34.881695,5,5,6,3,4,5,6,5,1,8,8,2,7,7,8,2,8,5,4,5,-1.6487729,0.69199833,2.098831,1.4523876,0.64644347
-14.74835,0.76038583,1.5654542,2,3,0,15.728303,0.60150242,2.3055076,1.3867684,0.91873921,-43.418674,-33.012318,-38.080876,-26.616088,-26.90051,-36.08763,-38.080876,-28.217598,-36.08763,-37.996636,7,2,6,5,5,4,6,3,2,7,7,4,8,3,4,3,8,4,2,8,-0.73812669,0.60713127,2.5394682,1.5417905,0.99767765
-14.681443,1,1.4003806,2,3,0,14.860679,0.83943146,2.8437563,2.3871385,0.4566178,-56.584258,-40.610104,-52.042561,-28.003813,-27.206682,-42.611108,-52.042561,-32.065728,-42.611108,-34.612944,8,4,4,6,4,1,6,4,2,6,8,3,8,5,6,1,7,2,3,6,-1.7310005,0.48194901,2.7889696,1.3441411,1.4448285
-14.681443,0.0012252159,2.6560093,1,1,0,16.724833,0.83943146,2.8437563,2.3871385,0.4566178,-56.584258,-40.610104,-52.042561,-28.003813,-27.206682,-42.611108,-52.042561,-32.065728,-42.611108,-34.612944,8,2,6,4,5,1,7,1,4,7,8,1,8,4,5,2,8,5,5,6,-1.7310005,0.74400738,1.8176117,1.3523165,0.46529518
-14.749743,0.99959686,0.22690855,4,15,0,15.24622,0.60127505,2.2848664,1.3738332,0.91103325,-43.324487,-32.965881,-38.009198,-26.594018,-26.878736,-36.031087,-38.009198,-28.189027,-36.031087,-37.938003,8,3,8,7,3,2,4,2,4,8,8,2,6,3,7,1,5,7,3,8,-0.72398905,0.66391169,3.0241194,2.0077482,1.0163712
-16.005616,0.956655,0.43358168,3,7,0,17.325448,0.53873977,1.2580452,0.67775901,0.58028624,-36.106757,-29.078921,-32.165659,-25.014349,-25.470705,-31.533402,-32.165659,-25.867196,-31.533402,-34.625204,7,3,7,6,3,1,6,4,3,8,7,4,6,6,4,4,7,3,4,7,-0.48573431,0.72875964,1.663557,1.2123332,0.4512238
-16.10972,0.92107771,0.72155301,2,3,0,17.921805,0.595641,1.0621509,0.63266061,0.42949026,-35.688288,-29.033973,-32.2254,-24.527602,-24.763313,-31.181017,-32.2254,-25.668347,-31.181017,-32.386371,7,5,7,5,5,1,5,5,2,5,8,4,5,5,7,2,8,1,2,8,-0.71889848,0.51706993,1.1380001,0.58842565,0.54957448
-18.13063,0.70674392,1.0714253,1,1,0,18.142171,0.56491523,0.7012438,0.3961433,0.30510049,-31.461965,-26.62651,-28.822032,-23.384039,-23.659261,-28.344842,-28.822032,-24.149098,-28.344842,-29.791465,7,2,4,8,5,6,5,3,1,7,6,4,8,4,5,5,8,6,4,8,-1.6792306,0.33660407,1.753702,0.59030323,1.1633988
-14.721472,0.89504801,0.83099908,2,3,0,20.193549,0.66758564,1.5671069,1.0461781,0.52092885,-41.434468,-32.33931,-37.247499,-25.696416,-25.692859,-34.751276,-37.247499,-27.591435,-34.751276,-34.021032,8,2,6,5,5,5,7,5,2,8,8,1,6,4,5,2,7,2,5,7,-0.5077137,0.48751267,1.8308659,0.89257031,0.93829558
-14.508786,0.86746037,1.1356489,2,7,0,15.927326,0.81657533,2.8859656,2.3566083,0.52935728,-55.390557,-39.915836,-50.560386,-27.885271,-27.191804,-42.124141,-50.560386,-31.719912,-42.124141,-35.075571,7,3,6,6,7,4,5,2,3,8,8,1,8,7,6,2,8,1,3,5,-1.6614346,0.4772498,1.5852517,0.75656104,0.82869064
-14.508786,0.59786275,1.4240155,2,3,0,16.093917,0.81657533,2.8859656,2.3566083,0.52935728,-55.390557,-39.915836,-50.560386,-27.885271,-27.191804,-42.124141,-50.560386,-31.719912,-42.124141,-35.075571,8,3,4,6,4,4,6,4,8,7,7,2,7,3,4,1,8,3,1,5,-1.6614346,0.19433779,6.8783196,1.3367174,5.5416022
-14.567075,0.848256,0.80745296,3,7,0,18.55508,0.8345381,2.498013,2.084687,0.41332598,-54.323037,-39.562733,-50.054114,-27.642228,-26.892017,-41.503581,-50.054114,-31.490893,-41.503581,-34.049525,8,1,8,2,3,2,6,3,4,7,8,2,7,4,7,4,7,1,2,6,-1.4282963,0.73841488,0.66007307,0.48740777,0.1726653
-14.651599,0.99522951,0.95752976,2,7,0,14.787567,0.82720738,3.0741291,2.5429423,0.53118684,-56.962256,-40.684939,-52.078485,-28.106032,-27.352468,-42.85534,-52.078485,-32.127892,-42.85534,-35.197591,8,2,7,8,5,3,8,2,1,8,7,1,8,4,5,1,6,2,1,7,-1.8720006,0.9220857,2.4652296,2.273153,0.19207664
-14.504638,0.7576412,1.7298914,2,3,0,15.266766,0.67368348,1.778024,1.1978254,0.5801986,-43.019133,-33.17266,-38.540188,-26.051761,-26.023419,-35.708475,-38.540188,-28.092518,-35.708475,-34.769121,4,7,7,5,2,2,6,3,7,8,8,2,7,5,6,3,6,4,1,8,-0.55209733,0.087205415,2.9601738,0.25814319,2.7020306
-14.504638,0.64913944,1.5696424,1,1,0,15.348431,0.67368348,1.778024,1.1978254,0.5801986,-43.019133,-33.17266,-38.540188,-26.051761,-26.023419,-35.708475,-38.540188,-28.092518,-35.708475,-34.769121,8,4,6,4,4,2,7,4,2,7,8,3,8,7,6,2,7,4,4,8,-0.55209733,0.63022875,1.9221902,1.2114195,0.71077066
-14.733885,0.96396231,1.0492655,1,1,0,14.745604,0.63811384,1.6851662,1.0753279,0.60983831,-41.36107,-32.167595,-36.902199,-25.845301,-25.958617,-34.76154,-36.902199,-27.565316,-34.76154,-35.037761,8,5,6,6,1,3,7,7,5,7,8,1,8,3,4,4,8,3,2,6,-0.48023597,0.30432042,4.1325009,1.2576044,2.8748965
-14.806231,0.90130641,1.710088,2,3,0,15.128591,0.64278951,3.3942286,2.1817746,1.2124541,-48.671309,-35.680178,-42.426726,-27.529751,-27.643855,-39.061596,-42.426726,-29.720453,-39.061596,-39.557911,8,2,8,4,5,1,8,3,3,5,8,2,7,3,6,4,5,3,5,5,-1.6870089,0.83265956,1.9191351,1.5979862,0.3211489
-14.806231,0.060586993,2.3217942,1,1,0,15.294218,0.64278951,3.3942286,2.1817746,1.2124541,-48.671309,-35.680178,-42.426726,-27.529751,-27.643855,-39.061596,-42.426726,-29.720453,-39.061596,-39.557911,8,3,3,8,5,4,6,3,5,7,8,1,8,4,6,1,4,4,1,7,-1.6870089,0.50489616,1.9308454,0.97487642,0.95596896
-14.312777,0.99941978,0.30767805,3,7,0,15.004706,0.75738448,2.964059,2.2449323,0.7191267,-52.472599,-38.179343,-47.08417,-27.614225,-27.192689,-40.842876,-47.08417,-30.859922,-40.842876,-36.299664,8,2,7,7,4,5,8,3,5,5,6,3,8,4,4,1,8,4,2,6,-1.5242997,0.9155182,1.2774519,1.1695305,0.10792143
-14.682994,0.88872284,0.55159282,2,7,0,18.303405,0.8266262,1.7841304,1.4748089,0.30932147,-48.863606,-36.92468,-45.326016,-26.666272,-26.018022,-38.650451,-45.326016,-30.00164,-38.650451,-32.377716,6,3,7,4,3,3,4,4,5,7,7,2,6,6,3,2,6,3,2,7,-0.98176162,0.3875298,1.1063456,0.42874189,0.6776037
-14.401694,0.99452924,0.72506999,3,7,0,15.23059,0.73895874,3.2163402,2.3767427,0.83959749,-52.523132,-38.066859,-46.802367,-27.71095,-27.369114,-40.92493,-46.802367,-30.839437,-40.92493,-37.100317,5,1,7,5,3,1,7,2,1,7,8,2,7,5,5,4,8,2,4,6,-1.6993002,0.65759697,0.40427533,0.26585023,0.1384251
-14.401694,0.72895646,1.2617284,2,3,0,15.607141,0.73895874,3.2163402,2.3767427,0.83959749,-52.523132,-38.066859,-46.802367,-27.71095,-27.369114,-40.92493,-46.802367,-30.839437,-40.92493,-37.100317,4,2,6,7,4,4,6,7,3,7,8,2,6,3,5,3,4,2,4,8,-1.6993002,0.39961767,3.0611382,1.2232849,1.8378533
-14.31698,0.7560526,1.0701961,2,3,0,16.840763,0.72890607,2.9815765,2.1732892,0.80828729,-51.133393,-37.372663,-45.558792,-27.501303,-27.211857,-40.214243,-45.558792,-30.46361,-40.214243,-36.895209,5,5,7,7,4,3,4,5,5,8,6,4,6,3,5,1,8,3,1,7,-1.4668734,0.1496342,1.6022952,0.23975817,1.362537
-14.25053,0.96863873,0.97786169,1,3,0,14.63167,0.77135673,2.1554661,1.6626333,0.49283281,-49.031967,-36.674168,-44.571883,-26.897312,-26.448531,-38.939162,-44.571883,-29.95886,-38.939162,-34.286369,2,2,6,3,6,2,8,3,3,8,8,3,8,4,6,2,8,5,3,6,-0.94844343,0.84577909,1.1963375,1.0118373,0.18450026
-14.193506,0.95486071,1.5647435,2,3,0,14.371461,0.73947838,2.3621427,1.7467534,0.61538925,-48.804886,-36.366155,-43.903717,-26.99154,-26.671627,-38.910038,-43.903717,-29.84932,-38.910038,-35.368938,6,2,8,6,2,4,6,4,1,8,8,3,8,6,4,2,7,4,1,5,-0.99587318,0.47465789,1.4700001,0.69774715,0.77225296
-14.193506,0.038657547,2.3974854,2,3,0,15.717092,0.73947838,2.3621427,1.7467534,0.61538925,-48.804886,-36.366155,-43.903717,-26.99154,-26.671627,-38.910038,-43.903717,-29.84932,-38.910038,-35.368938,8,3,7,5,6,3,6,6,2,5,7,2,8,4,6,3,8,4,1,8,-0.99587318,0.49353208,2.7615091,1.3628933,1.3986157
-14.33795,0.99666776,0.34058231,2,7,0,14.46563,0.7437335,3.058071,2.2743898,0.78368114,-52.162223,-37.94119,-46.604378,-27.621145,-27.260641,-40.720718,-46.604378,-30.755425,-40.720718,-36.734678,8,3,6,3,4,2,7,3,4,7,7,2,6,5,5,2,7,3,1,6,-1.5700595,0.57703868,1.8038151,1.0408711,0.76294404
-15.268006,0.96622872,0.58390544,3,7,0,15.486224,0.54138848,2.2225636,1.2032704,1.0192933,-41.283979,-31.711296,-35.961376,-26.539717,-27.081659,-34.873345,-35.961376,-27.610946,-34.873345,-39.125445,6,7,8,6,5,1,8,3,2,8,7,1,7,5,3,4,6,3,6,8,-0.64812964,0.54168734,1.1689623,0.63321209,0.53575024
-14.388423,0.96008054,0.91865424,2,3,0,16.078127,0.71289833,1.7994991,1.2828599,0.51663921,-44.463577,-34.098216,-40.118238,-26.18749,-25.999995,-36.485869,-40.118238,-28.558889,-36.485869,-34.17329,8,1,8,8,6,3,8,1,3,4,6,5,8,4,6,4,8,7,1,5,-0.63019472,0.77880157,1.3892365,1.0819396,0.30729693
-14.356482,0.83787823,1.413182,2,3,0,15.093224,0.7879825,1.9789762,1.5593986,0.41957758,-48.614848,-36.574233,-44.492738,-26.7494,-26.242032,-38.652964,-44.492738,-29.867255,-38.652964,-33.531279,8,1,8,3,8,2,7,1,3,6,4,5,7,5,5,3,6,4,4,8,-0.90620073,0.61684254,1.8202858,1.1228297,0.69745609
-14.292724,0.95573242,1.5891112,2,3,0,14.552948,0.77466811,2.7905401,2.1617424,0.62879769,-52.594878,-38.358586,-47.488405,-27.560718,-27.065607,-40.850165,-47.488405,-30.924067,-40.850165,-35.653369,8,2,7,5,4,2,7,6,6,8,8,2,8,3,5,2,5,4,1,7,-1.4276637,0.51134386,1.8007994,0.92082769,0.87997167
-14.292724,0.054562847,2.3927663,1,1,0,14.927613,0.77466811,2.7905401,2.1617424,0.62879769,-52.594878,-38.358586,-47.488405,-27.560718,-27.065607,-40.850165,-47.488405,-30.924067,-40.850165,-35.653369,8,4,7,6,4,2,7,5,5,8,8,1,6,4,4,3,8,4,2,8,-1.4276637,0.52525059,2.3211884,1.2192056,1.1019829
-14.376721,0.99336011,0.38509843,3,7,0,14.744979,0.79320553,2.868643,2.2754235,0.59321951,-53.959268,-39.106879,-48.92798,-27.728105,-27.143982,-41.492087,-48.92798,-31.310497,-41.492087,-35.45971,6,3,5,6,3,2,4,4,2,8,8,1,6,2,5,3,8,5,2,6,-1.5557711,0.19841079,3.5828025,0.71086669,2.8719359
-14.615726,0.96622195,0.63862068,3,7,0,15.777335,0.65384643,1.7366535,1.1355047,0.6011488,-42.14558,-32.636927,-37.65837,-25.950129,-26.001517,-35.215883,-37.65837,-27.814552,-35.215883,-34.96298,8,3,7,5,4,1,8,2,1,6,8,1,8,6,4,1,5,5,2,8,-0.51161503,0.81370035,4.6877363,3.8144126,0.87332363
-15.538182,0.92693141,0.9839849,3,7,0,15.72025,0.89960943,2.7015512,2.430341,0.27121026,-59.944007,-42.485379,-56.43169,-28.34597,-27.281371,-43.851007,-56.43169,-33.001376,-43.851007,-33.419569,8,3,7,7,5,5,8,6,3,8,8,2,7,4,5,2,8,1,3,6,-2.0131553,0.42276964,1.5202211,0.64270333,0.87751779
-14.581691,0.89892785,1.3699862,2,3,0,16.357625,0.79479354,3.379262,2.6858156,0.6934464,-56.254639,-40.12695,-50.80056,-28.110603,-27.497697,-42.644619,-50.80056,-31.879187,-42.644619,-36.245342,6,4,6,6,3,4,4,4,3,8,8,1,8,6,7,1,7,3,3,8,-2.0153227,0.35823717,1.2835861,0.45982826,0.82375784
-14.574866,1,1.7748031,2,3,0,14.701065,0.66727367,1.7171448,1.1458055,0.57133929,-42.432383,-32.845785,-38.017894,-25.94477,-25.942346,-35.364855,-38.017894,-27.907422,-35.364855,-34.647482,4,2,7,5,2,2,5,4,5,5,8,3,6,4,6,3,7,3,5,8,-0.52618767,0.29987299,2.2199974,0.66571725,1.5542801
-14.574866,0.0002824983,2.9165447,1,1,0,16.431499,0.66727367,1.7171448,1.1458055,0.57133929,-42.432383,-32.845785,-38.017894,-25.94477,-25.942346,-35.364855,-38.017894,-27.907422,-35.364855,-34.647482,6,1,8,5,4,1,8,3,3,7,8,3,6,2,4,2,8,2,5,8,-0.52618767,0.82122899,2.7044383,2.2209632,0.48347518
-15.041677,0.99363515,0.44400874,3,7,0,15.161679,0.57057727,1.9499878,1.1126187,0.83736908,-40.905688,-31.646283,-35.941062,-26.190818,-26.590688,-34.592345,-35.941062,-27.454353,-34.592345,-37.448605,6,7,6,6,2,5,7,4,2,8,6,2,8,7,1,2,7,4,2,5,-0.50955776,0.23402076,1.0115097,0.23671426,0.7747954
# Adaptation terminated
# Step size = 1.01515
# Diagonal elements of inverse mass matrix:
# 0.238434, 0.144711
-16.581342,0.86451757,1.0151509,3,7,0,16.967013,0.93786137,2.4665797,2.3133099,0.15326988,-61.312557,-43.287645,-58.840982,-28.442243,-27.228464,-44.16018,-58.840982,-33.385666,-44.16018,-32.461354,8,3,7,5,6,1,7,4,2,6,8,2,7,4,4,3,8,4,2,8,-2.2673408,0.81843945,4.3451598,3.5562502,0.7889096
-14.893717,0.98415671,1.0151509,3,7,0,17.346843,0.85463075,1.8583826,1.5882309,0.27015168,-50.831173,-38.048712,-47.499018,-26.956706,-26.184288,-39.594829,-47.499018,-30.602608,-39.594829,-32.210029,8,2,7,5,5,3,6,4,2,6,8,1,8,5,4,2,8,3,3,8,-1.1500895,0.50321472,1.8183603,0.91502569,0.90333466
-14.5893,0.89367267,1.0151509,1,3,0,16.114342,0.7793268,3.5126498,2.7375021,0.77514767,-55.826694,-39.819401,-50.140786,-28.10296,-27.560085,-42.488924,-50.140786,-31.739593,-42.488924,-36.733134,7,1,5,3,2,4,8,4,5,5,5,3,7,3,4,1,8,3,2,4,-2.0852412,0.55908837,1.320318,0.73817446,0.58214358
-14.505447,1,1.0151509,3,7,0,14.635079,0.7500766,3.4419121,2.5816977,0.86021438,-53.914112,-38.761858,-48.078494,-27.90692,-27.506893,-41.615533,-48.078494,-31.209605,-41.615533,-37.223598,7,3,6,7,3,1,7,3,5,8,8,2,6,6,7,4,7,5,2,6,-1.9336772,0.44193551,1.7395038,0.76874849,0.97075531
-14.631557,0.85924781,1.0151509,2,3,0,16.077461,0.83948598,2.6339454,2.2111602,0.42278515,-55.421592,-40.093553,-51.075741,-27.812146,-27.029304,-42.03424,-51.075741,-31.779093,-42.03424,-34.235896,6,3,7,5,5,1,7,4,2,6,8,2,8,5,7,5,8,4,2,6,-1.5584738,0.56443153,5.1033226,2.8804762,2.2228464
-14.738911,0.98833929,1.0151509,1,1,0,14.76117,0.8490552,2.6817323,2.2769387,0.40479354,-56.293895,-40.549948,-52.018879,-27.925549,-27.095399,-42.419386,-52.018879,-32.016772,-42.419386,-34.169555,8,4,8,4,5,1,7,4,1,8,8,3,8,2,8,2,7,3,2,8,-1.6470353,0.61325399,1.5583548,0.95566726,0.60268749
-16.357155,0.8363748,1.0151509,1,3,0,17.365142,0.93190077,2.0425196,1.9034256,0.139094,-57.112585,-41.422542,-54.83913,-27.827989,-26.702291,-42.289386,-54.83913,-32.38262,-42.289386,-31.665035,6,4,8,4,4,6,8,5,1,6,8,2,8,3,7,2,7,1,2,8,-1.9064195,0.47802077,1.4604634,0.69813186,0.76233158
-14.433138,0.99021212,1.0151509,2,3,0,16.574595,0.7154323,1.7355307,1.2416547,0.49387598,-44.118959,-33.938656,-39.876003,-26.097031,-25.901569,-36.27538,-39.876003,-28.456107,-36.27538,-33.90143,4,3,8,7,3,2,5,6,2,7,6,2,8,3,4,3,6,2,2,7,-0.61723125,0.47458966,1.1669022,0.55379971,0.61310246
-15.058875,0.73722007,1.0151509,2,3,0,17.081507,0.8665244,1.8244816,1.5809578,0.24352377,-51.145899,-38.27026,-47.999716,-26.981522,-26.164693,-39.705768,-47.999716,-30.71104,-39.705768,-31.95188,8,1,5,5,3,4,4,5,6,8,8,2,7,4,5,3,6,6,1,5,-1.2093027,0.42773686,3.368435,1.4408038,1.9276312
-15.165987,0.98852956,1.0151509,3,7,0,15.278236,0.8592481,1.5962879,1.3716073,0.22468055,-48.654271,-37.006151,-45.706828,-26.532075,-25.779601,-38.404828,-45.706828,-29.998348,-38.404828,-31.335147,8,4,8,4,5,4,8,4,2,5,7,1,8,6,3,5,8,3,1,5,-1.115837,0.82701367,7.0073419,5.7951675,1.2121743
-15.452756,0.90763408,1.0151509,2,3,0,16.422038,0.78333943,1.1629757,0.91100475,0.25197099,-41.292482,-32.806509,-38.362005,-25.188609,-24.785732,-34.415002,-38.362005,-27.637252,-34.415002,-30.474554,7,3,8,7,5,2,6,3,1,6,5,4,8,7,4,1,6,3,1,7,-0.94651256,0.51441029,1.3703387,0.70491635,0.6654224
-17.06458,0.90673329,1.0151509,2,7,0,18.194904,0.94969599,1.9555246,1.8571539,0.098370734,-57.543048,-41.702137,-55.768979,-27.851718,-26.665158,-42.349523,-55.768979,-32.514495,-42.349523,-31.237892,8,3,7,6,5,4,8,3,2,6,8,2,8,4,5,5,8,3,2,7,-2.1469857,0.88516041,1.9460057,1.7225272,0.2234785
-14.562115,0.90764024,1.0151509,3,7,0,18.3723,0.74166769,1.5910671,1.1800431,0.41102403,-43.954801,-33.992151,-40.060742,-25.944098,-25.652122,-36.113433,-40.060742,-28.430033,-36.113433,-32.94333,7,6,7,8,4,1,7,5,3,8,8,3,8,6,5,1,8,4,4,6,-0.65544535,0.52757465,2.395081,1.2635841,1.131497
-14.313884,0.99617754,1.0151509,2,3,0,14.652457,0.69826995,1.9952427,1.393218,0.60202469,-45.159381,-34.364304,-40.486306,-26.418183,-26.285854,-36.930924,-40.486306,-28.756697,-36.930924,-35.083872,8,3,7,5,6,3,8,3,2,7,8,3,6,4,4,4,8,4,4,8,-0.68218097,0.72758164,2.2079046,1.6064308,0.60147373
-14.349222,0.95145325,1.0151509,3,7,0,14.879511,0.7989011,2.64714,2.1148031,0.53233695,-53.168912,-38.790574,-48.397703,-27.566725,-26.967789,-41.061555,-48.397703,-31.120327,-41.061555,-34.942857,8,6,6,4,3,4,5,6,6,5,8,1,7,6,4,2,8,3,1,7,-1.393161,0.25304884,0.65273688,0.16517431,0.48756257
-16.36071,0.8151076,1.0151509,2,3,0,16.511263,0.85629601,5.459059,4.6745705,0.78448856,-67.594313,-45.177393,-61.532542,-29.498533,-28.512187,-47.464514,-61.532542,-34.483598,-47.464514,-37.033922,6,1,7,5,5,2,8,4,3,8,8,3,8,2,7,1,8,2,2,7,-4.2429983,0.69184498,1.6205582,1.121175,0.49938314
-15.280555,1,1.0151509,2,3,0,16.395467,0.86482948,3.5562016,3.075508,0.48069364,-61.8652,-43.043566,-57.084758,-28.724907,-27.764578,-44.958979,-57.084758,-33.349357,-44.958979,-35.202228,8,2,7,6,2,1,7,5,3,7,7,3,8,5,5,3,7,3,4,7,-2.511672,0.79248182,1.1167662,0.88501689,0.23174928
-15.361149,0.99306346,1.0151509,2,7,0,16.265465,0.55867555,3.1440364,1.7564962,1.3875401,-44.819847,-33.453525,-38.645667,-27.327118,-27.83567,-36.992152,-38.645667,-28.667649,-36.992152,-41.241763,7,3,6,5,3,2,6,5,3,7,8,4,5,5,5,3,5,4,1,7,-1.3889603,0.32603563,1.9384489,0.6320034,1.3064455
-14.84858,0.86126272,1.0151509,2,3,0,17.299393,0.70577873,1.4059101,0.99226146,0.41364866,-41.322111,-32.45791,-37.546906,-25.482097,-25.336554,-34.604969,-37.546906,-27.572478,-34.604969,-32.693949,7,2,7,4,3,3,8,4,4,7,8,3,8,8,5,3,8,5,2,6,-0.59505279,0.62758123,1.6459545,1.0329701,0.61298434
-15.312164,0.90112076,1.0151509,2,3,0,16.112278,0.78503009,1.2167522,0.95518712,0.26156511,-41.934024,-33.156358,-38.918322,-25.330579,-24.914096,-34.797659,-38.918322,-27.845488,-34.797659,-30.722003,8,2,7,8,7,2,8,2,1,5,8,3,8,2,4,5,7,4,3,8,-0.90344996,0.94017951,2.295559,2.1582375,0.13732147
-14.50124,0.89418256,1.0151509,2,3,0,16.548853,0.81898102,2.8019406,2.2947362,0.50720444,-55.108651,-39.807988,-50.37994,-27.829257,-27.129438,-41.971848,-50.37994,-31.655319,-41.971848,-34.886735,8,2,6,4,6,2,6,2,5,7,8,1,8,7,4,3,8,5,2,7,-1.6005524,0.6658508,1.6822943,1.120157,0.56213728
-15.433582,0.88675937,1.0151509,2,3,0,15.751488,0.78452059,4.9039942,3.8472844,1.0567098,-60.283128,-41.698262,-53.734966,-28.776603,-28.174847,-44.608777,-53.734966,-32.764458,-44.608777,-38.119972,8,3,6,4,6,3,8,4,1,7,8,4,8,6,5,2,7,2,1,6,-3.4105237,0.50885343,2.1392158,1.0885473,1.0506685
-14.544084,1,1.0151509,3,7,0,15.332257,0.71197246,3.4526617,2.4582001,0.99446166,-51.979843,-37.626996,-45.929929,-27.751613,-27.534323,-40.710195,-45.929929,-30.656267,-40.710195,-38.050896,5,5,7,2,2,2,8,6,1,6,6,3,7,4,4,2,8,3,4,7,-1.8538208,0.48205898,1.6853192,0.81242326,0.87289595
-14.860086,0.81041563,1.0151509,2,3,0,16.596159,0.69626527,1.4096131,0.98146467,0.42814845,-41.075712,-32.285553,-37.253902,-25.465017,-25.354772,-34.472537,-37.253902,-27.487589,-34.472537,-32.854102,4,2,6,7,3,1,4,8,5,6,6,2,7,5,3,1,7,5,1,7,-0.575737,0.24255952,2.9140321,0.70682621,2.2072059
-15.910592,0.90601851,1.0151509,2,3,0,16.389357,0.49548309,1.6596422,0.82232465,0.83731754,-37.606156,-29.725269,-32.974591,-25.841982,-26.519454,-32.583273,-32.974591,-26.467495,-32.583273,-37.808656,8,4,6,4,7,1,7,5,1,6,8,4,7,3,6,2,6,6,6,8,-0.39660807,0.49700012,4.8468993,2.4089095,2.4379898
-15.204889,0.99098453,1.0151509,3,7,0,16.683819,0.87989661,1.907427,1.6783385,0.22908844,-52.599248,-39.044312,-49.5362,-27.207001,-26.322756,-40.394493,-49.5362,-31.129776,-40.394493,-32.004106,8,6,8,4,3,3,7,3,3,8,8,1,7,4,7,1,8,4,3,7,-1.3316323,0.6964473,1.4515362,1.0109185,0.44061775
-17.30168,0.83625329,1.0151509,3,7,0,18.248789,0.47359336,4.6025882,2.1797552,2.422833,-44.766962,-33.013616,-37.746755,-28.239632,-29.218914,-37.063979,-37.746755,-28.810508,-37.063979,-46.619537,8,2,5,5,3,2,8,2,3,6,6,3,7,5,5,2,7,3,4,8,-2.739088,0.48185669,3.4366386,1.6559673,1.7806713
-15.224775,0.98045236,1.0151509,2,3,0,18.003697,0.8822426,1.9465154,1.7172988,0.2292166,-53.073819,-39.282829,-50.00095,-27.284142,-26.384459,-40.624975,-50.00095,-31.260607,-40.624975,-32.076424,8,5,8,5,5,3,5,4,4,5,6,1,8,5,4,3,8,1,3,5,-1.3659591,0.55817796,2.028915,1.1324956,0.89641935
-15.967102,0.9469112,1.0151509,2,3,0,16.32916,0.90231683,3.5510069,3.2041333,0.3468736,-65.066137,-44.613231,-60.958128,-29.053071,-27.909104,-46.097782,-60.958128,-34.130806,-46.097782,-34.564432,6,2,3,3,6,1,5,3,4,8,8,2,8,4,7,3,7,3,2,8,-2.7892236,0.40847794,1.519461,0.62066632,0.89879472
-14.249417,1,1.0151509,2,3,0,15.795474,0.76964769,2.6473427,2.0375212,0.60982151,-51.652581,-37.893504,-46.648189,-27.408753,-26.942652,-40.368538,-46.648189,-30.668512,-40.368538,-35.462409,8,3,8,7,4,1,7,2,2,7,8,2,6,4,3,1,4,4,2,7,-1.2948147,0.76957451,4.4169155,3.3991455,1.0177699
-15.174419,0.81675901,1.0151509,1,3,0,16.030248,0.88198209,2.088088,1.8416562,0.24643178,-54.248723,-39.831785,-51.019344,-27.48746,-26.569752,-41.221419,-51.019344,-31.568257,-41.221419,-32.435279,7,3,8,8,6,5,7,5,6,8,8,3,7,3,2,2,7,4,4,7,-1.4364986,0.36754896,0.90080988,0.33109173,0.56971815
-16.410336,0.89349498,1.0151509,2,3,0,16.81761,0.88340983,1.1205657,0.98991874,0.13064694,-44.094488,-34.789498,-42.091185,-25.562743,-24.824538,-35.778989,-42.091185,-28.679526,-35.778989,-29.162255,7,4,8,7,3,2,5,4,3,8,8,2,8,5,5,3,7,4,2,6,-1.4921303,0.73809963,2.4028066,1.7735107,0.62929595
-14.479284,1,1.0151509,2,3,0,16.215447,0.82392237,2.2751376,1.8745367,0.40060083,-52.336929,-38.575368,-48.188374,-27.327734,-26.642435,-40.524987,-48.188374,-30.952184,-40.524987,-33.733764,6,6,7,7,4,3,7,3,4,6,6,2,8,4,7,2,7,3,2,5,-1.2198087,0.48826313,0.9751726,0.47614082,0.49903178
-14.498655,0.99107854,1.0151509,2,3,0,14.686716,0.82282013,2.6733163,2.1996584,0.47365782,-54.650755,-39.63012,-50.083127,-27.738029,-27.02852,-41.723379,-50.083127,-31.548932,-41.723379,-34.585403,7,1,7,5,3,3,6,2,1,5,8,1,6,3,4,1,8,4,1,7,-1.5113594,0.76259495,3.7273089,2.8424269,0.88488196
-14.737494,0.9619011,1.0151509,2,3,0,15.017419,0.78677985,3.7501534,2.9505451,0.79960826,-57.117511,-40.428876,-51.314591,-28.282751,-27.696504,-43.09908,-51.314591,-32.063185,-43.09908,-36.895658,6,3,8,5,4,3,5,6,3,8,8,3,8,4,5,1,7,5,2,7,-2.3314661,0.51599629,1.3489164,0.69603587,0.65288055
-14.328239,0.99094128,1.0151509,3,7,0,15.059705,0.78813835,2.0549814,1.6196097,0.43537176,-49.139062,-36.829238,-44.924514,-26.852615,-26.338853,-38.942374,-44.924514,-30.015364,-38.942374,-33.742527,7,3,7,4,7,1,8,1,3,7,8,3,8,1,4,1,6,4,4,6,-0.94567309,0.84718306,2.2919464,1.9416981,0.35024823
-15.190429,0.9190584,1.0151509,2,3,0,15.252702,0.87478006,1.7977186,1.5726084,0.22511021,-51.335156,-38.409208,-48.328136,-26.993978,-26.147196,-39.765006,-48.328136,-30.778097,-39.765006,-31.765376,7,2,8,1,6,1,7,4,3,5,8,5,8,4,2,2,8,5,7,7,-1.2547561,0.73378214,2.2562664,1.655608,0.60065842
-15.149236,0.99518969,1.0151509,2,3,0,15.607119,0.88207357,2.3201103,2.046508,0.27360231,-56.047236,-40.657235,-52.582953,-27.787218,-26.841405,-42.113712,-52.582953,-32.026501,-42.113712,-32.956604,7,3,6,7,3,3,6,5,2,8,8,3,8,5,5,2,7,5,2,7,-1.582906,0.20805534,2.5609468,0.53281864,2.0281281
-15.558351,0.95227416,1.0151509,2,3,0,16.329812,0.57644575,3.8175811,2.2006284,1.6169527,-47.075873,-34.560633,-40.435138,-27.711436,-28.152899,-38.271516,-40.435138,-29.290827,-38.271516,-42.034381,6,3,3,5,2,3,5,6,1,7,8,4,8,6,3,2,6,4,2,8,-2.0194431,0.29597167,2.089158,0.61833157,1.4708264
-14.40595,1,1.0151509,2,3,0,15.5618,0.79156763,2.9820918,2.3605273,0.62156445,-54.391576,-39.287614,-49.243699,-27.809638,-27.227987,-41.719772,-49.243699,-31.415708,-41.719772,-35.687342,8,2,7,4,6,3,8,3,3,5,8,2,8,3,6,2,8,5,4,8,-1.6477026,0.69034868,1.6858793,1.1638445,0.52203475
-15.865468,0.84704914,1.0151509,2,7,0,16.783682,0.90537363,3.2120786,2.9081313,0.30394735,-63.540173,-44.023635,-59.739033,-28.84127,-27.705938,-45.417347,-59.739033,-33.816454,-45.417347,-34.09612,5,5,8,5,8,5,7,3,1,7,8,1,7,6,3,3,8,3,4,8,-2.5070949,0.37164532,4.6202953,1.7171111,2.9031842
-14.825755,0.99588311,1.0151509,3,7,0,15.811046,0.59525105,2.0216104,1.2033657,0.81824471,-41.953217,-32.270061,-36.937562,-26.285378,-26.585698,-35.203508,-36.937562,-27.767693,-35.203508,-37.18742,8,5,5,5,5,1,5,4,6,8,6,2,7,3,6,2,8,2,1,7,-0.56141764,0.44325752,1.4354984,0.63629544,0.79920292
-14.214701,1,1.0151509,2,3,0,14.768576,0.71707349,2.2815263,1.636022,0.64550427,-47.44734,-35.581791,-42.516137,-26.820492,-26.601143,-38.20709,-42.516137,-29.440088,-38.20709,-35.573809,8,4,6,8,2,3,5,4,1,7,6,5,7,4,5,5,7,5,7,8,-0.88871004,0.12273625,2.4555923,0.3013902,2.1542021
-14.89994,0.92652093,1.0151509,2,3,0,14.935032,0.70569926,4.0717141,2.8734057,1.1983085,-53.427751,-38.20322,-46.913454,-28.053216,-27.860161,-41.481903,-46.913454,-31.006926,-41.481903,-39.051778,7,3,8,4,5,2,4,5,3,8,7,3,8,5,4,2,6,3,2,6,-2.4206208,0.21874853,5.1340321,1.123062,4.0109701
-16.330425,0.76495479,1.0151509,2,3,0,17.37948,0.5149111,3.9841137,2.0514644,1.9326493,-45.182853,-33.393168,-38.440025,-27.862222,-28.611979,-37.261778,-38.440025,-28.835652,-37.261778,-44.188814,8,5,5,5,2,5,8,4,4,8,7,4,7,4,4,2,8,4,3,6,-2.1534351,0.21697482,4.1211002,0.89417498,3.2269252
-14.453299,0.98159595,1.0151509,2,3,0,16.817022,0.74534027,3.3343103,2.4851958,0.84911455,-53.281634,-38.449164,-47.502118,-27.81728,-27.442425,-41.302789,-47.502118,-31.042823,-41.302789,-37.158087,5,5,7,3,8,1,8,3,1,5,8,2,8,4,4,2,8,3,1,7,-1.8225238,0.83280723,1.6955591,1.4120739,0.28348522
-14.449734,0.954046,1.0151509,3,7,0,15.093494,0.75214961,1.7077421,1.2844776,0.42326456,-45.221413,-34.6895,-41.216297,-26.181982,-25.841034,-36.830868,-41.216297,-28.826803,-36.830868,-33.218475,8,4,7,4,3,3,6,4,4,6,8,2,7,5,6,2,7,4,3,8,-0.69886624,0.344611,3.5973317,1.2396801,2.3576516
-14.193579,0.98846896,1.0151509,1,3,0,14.57506,0.74201044,2.3917087,1.7746729,0.61703589,-49.069423,-36.507268,-44.15066,-27.032958,-26.700814,-39.049759,-44.15066,-29.926212,-39.049759,-35.395162,8,6,5,6,2,7,6,1,2,8,8,2,6,6,4,3,7,1,4,8,-1.0232505,0.39604154,1.8931475,0.74976505,1.1433825
-14.307854,0.95308945,1.0151509,2,3,0,14.627651,0.69007047,2.6529359,1.8307127,0.82222319,-48.078485,-35.713284,-42.630968,-27.099908,-26.994041,-38.630756,-42.630968,-29.591135,-38.630756,-37.014,5,6,5,4,4,3,7,2,5,8,7,3,8,4,4,3,5,3,3,7,-1.1117055,0.45384574,1.3172069,0.59780875,0.71939816
-14.639135,0.89560732,1.0151509,3,7,0,15.450419,0.70608458,1.5483282,1.0932507,0.45507754,-42.460158,-33.048141,-38.454505,-25.754293,-25.602351,-35.300064,-38.454505,-27.934736,-35.300064,-33.317545,6,6,5,5,3,6,6,8,1,8,8,2,8,5,5,2,8,4,5,5,-0.57473386,0.15542288,1.0376727,0.16127807,0.87639459
-14.569087,0.97300455,1.0151509,2,3,0,15.04982,0.76167364,1.6025492,1.2206195,0.38192971,-44.74934,-34.501893,-40.956476,-26.040996,-25.670111,-36.529026,-40.956476,-28.695283,-36.529026,-32.689718,8,1,8,3,6,3,7,3,1,7,8,6,8,4,2,3,6,5,1,8,-0.71014908,0.87520297,1.6214667,1.4191125,0.20235423
-14.267323,1,1.0151509,3,7,0,14.524806,0.76938873,2.0732713,1.5951516,0.47811971,-48.431312,-36.372745,-44.055942,-26.785166,-26.349748,-38.611686,-44.055942,-29.786807,-38.611686,-34.095576,8,2,7,4,4,3,8,6,1,4,8,2,7,3,3,4,8,3,1,8,-0.8949295,0.40568036,1.7408542,0.70623036,1.0346239
-14.757619,0.94190463,1.0151509,3,7,0,14.872054,0.75976408,1.4592262,1.1086676,0.35055854,-43.473878,-33.838121,-39.890383,-25.764829,-25.413378,-35.78169,-39.890383,-28.300818,-35.78169,-32.147815,8,4,8,2,4,3,8,3,1,6,7,2,8,2,3,2,8,4,3,6,-0.71157296,0.94378298,2.665298,2.5154629,0.14983511
-14.656974,0.99816844,1.0151509,3,7,0,15.239361,0.64493513,3.0982699,1.9981831,1.1000868,-47.869193,-35.333422,-41.866168,-27.342387,-27.44427,-38.6082,-41.866168,-29.50325,-38.6082,-38.954078,5,2,6,4,5,2,7,4,4,8,6,4,7,5,4,2,8,3,4,7,-1.4220929,0.40128849,1.602239,0.64296007,0.95927893
-15.345926,0.91694452,1.0151509,3,7,0,15.7804,0.89300431,2.3353971,2.0855197,0.24987743,-56.884442,-41.101859,-53.582613,-27.892394,-26.896324,-42.453138,-53.582613,-32.256378,-42.453138,-32.831469,4,2,5,7,7,3,7,3,4,7,7,1,8,2,3,1,8,3,3,4,-1.678416,0.47277157,1.620866,0.76629938,0.85456664
-14.706904,0.94417302,1.0151509,2,7,0,16.54357,0.787413,1.54552,1.2169625,0.32855746,-45.211896,-34.874906,-41.678549,-26.047796,-25.582184,-36.724885,-41.678549,-28.868833,-36.724885,-32.106113,8,5,7,6,4,4,3,4,6,6,8,1,8,2,4,1,8,5,2,6,-0.78970668,0.38279177,0.66384341,0.25411379,0.40972962
-14.484251,0.99471186,1.0151509,3,7,0,15.036973,0.82443882,2.2628248,1.8655606,0.39726419,-52.283924,-38.553926,-48.154073,-27.316416,-26.629879,-40.494985,-48.154073,-30.939113,-40.494985,-33.697004,5,1,6,6,4,3,8,3,2,7,7,4,7,5,3,1,8,1,2,7,-1.213954,0.76283813,1.9932342,1.520515,0.47271915
-14.551472,0.93133467,1.0151509,2,7,0,15.357602,0.67070364,1.7300612,1.1603584,0.56970286,-42.621507,-32.957875,-38.200357,-25.971993,-25.955832,-35.473191,-38.200357,-27.967673,-35.473191,-34.638007,7,4,6,7,2,3,7,7,1,8,8,5,7,5,4,6,8,4,3,8,-0.53445816,0.32407544,2.5912724,0.83976775,1.7515047
-14.551472,0.53135477,1.0151509,2,3,0,18.721278,0.67070364,1.7300612,1.1603584,0.56970286,-42.621507,-32.957875,-38.200357,-25.971993,-25.955832,-35.473191,-38.200357,-27.967673,-35.473191,-34.638007,7,2,7,5,4,3,6,4,1,8,7,1,6,5,2,4,7,6,1,7,-0.53445816,0.30872791,2.5744968,0.79481902,1.7796777
-14.365801,0.97301986,1.0151509,3,7,0,14.97108,0.72986309,3.1153806,2.2738013,0.84157927,-51.693686,-37.631203,-46.007297,-27.602628,-27.305875,-40.511452,-46.007297,-30.611093,-40.511452,-37.116009,5,1,7,6,7,2,3,3,2,8,8,2,8,6,2,1,8,2,1,7,-1.5869677,0.43638717,2.2449312,0.97965918,1.265272
-15.140263,0.77067745,1.0151509,2,7,0,16.782904,0.81356991,1.3528915,1.1006718,0.25221969,-44.332524,-34.559353,-41.297858,-25.776693,-25.237204,-36.136717,-41.297858,-28.637788,-36.136717,-30.98809,7,6,4,4,3,2,5,3,4,7,8,5,7,4,7,6,8,2,3,7,-0.92790875,0.55772627,1.9887764,1.1091928,0.87958355
-14.611233,1,1.0151509,2,3,0,15.478895,0.64261799,1.8230571,1.1715293,0.65152781,-42.323063,-32.672929,-37.679995,-26.061367,-26.159292,-35.346226,-37.679995,-27.869605,-35.346226,-35.504895,7,5,7,5,2,3,5,5,7,8,7,2,8,2,3,3,8,3,2,8,-0.52286305,0.27517352,1.3534998,0.37244731,0.98105252
-14.6081,0.88915731,1.0151509,2,7,0,15.935436,0.82869543,1.9334721,1.6022595,0.3312126,-50.157204,-37.568236,-46.451662,-26.908573,-26.235009,-39.345786,-46.451662,-30.369027,-39.345786,-32.788855,8,5,7,6,3,2,7,5,3,6,8,2,8,3,5,2,7,4,2,8,-1.047853,0.083952758,2.1146941,0.1775344,1.9371597
-15.021434,0.96729542,1.0151509,2,3,0,15.219848,0.86800611,1.9290186,1.6744,0.25461868,-52.131373,-38.751923,-48.881862,-27.155941,-26.318462,-40.21378,-48.881862,-30.981843,-40.21378,-32.222803,8,4,8,7,4,1,8,4,1,8,8,3,8,3,7,2,6,2,2,7,-1.260211,0.55518497,2.3669009,1.3140678,1.0528331
-14.196695,0.96849107,1.0151509,1,3,0,15.728516,0.74049731,2.2861617,1.6928966,0.59326511,-48.443608,-36.200961,-43.633311,-26.913424,-26.591874,-38.705461,-43.633311,-29.749723,-38.705461,-35.159426,5,8,3,7,6,4,8,7,3,8,7,3,7,4,5,2,6,3,2,3,-0.94609358,0.35032163,1.1068167,0.38774184,0.7190749
-14.865059,0.91775517,1.0151509,3,7,0,15.097471,0.86058549,2.1021151,1.8090498,0.29306535,-53.115977,-39.172867,-49.575889,-27.351673,-26.52424,-40.759712,-49.575889,-31.230268,-40.759712,-32.770961,7,2,6,4,6,1,7,4,4,7,7,2,8,4,6,3,8,2,2,7,-1.3023814,0.75234082,1.1195822,0.84230738,0.2772748
-14.577639,0.98700279,1.0151509,3,7,0,15.212863,0.7244309,1.5805148,1.1449737,0.43554104,-43.293944,-33.566411,-39.324958,-25.866742,-25.642432,-35.761425,-39.324958,-28.209504,-35.761425,-33.164363,8,1,7,2,4,1,8,5,2,7,8,1,7,3,5,1,8,3,3,8,-0.61389135,0.75563907,2.7097424,2.0475872,0.66215517
-15.035143,0.97257041,1.0151509,3,7,0,15.298893,0.57185049,2.6082152,1.4915092,1.1167061,-43.623289,-32.96495,-37.9281,-26.905232,-27.332732,-36.259704,-37.9281,-28.299993,-36.259704,-39.575161,7,3,6,5,3,1,7,4,3,7,7,2,7,5,8,2,7,3,4,8,-0.94085924,0.61011181,1.458056,0.88957721,0.56847884
-15.21585,0.93622716,1.0151509,2,3,0,16.106306,0.55096853,1.9428016,1.0704226,0.87237907,-40.340237,-31.287165,-35.360958,-26.190067,-26.671178,-34.266762,-35.360958,-27.293636,-34.266762,-37.852506,6,6,8,3,3,1,6,3,3,7,7,1,5,6,4,1,7,4,1,8,-0.49658671,0.41995234,5.6282453,2.3635948,3.2646505
-15.176565,0.98476312,1.0151509,3,7,0,15.852501,0.8339643,1.411509,1.1771481,0.23436088,-45.708713,-35.377579,-42.760425,-26.009948,-25.385252,-36.862124,-42.760425,-29.08888,-36.862124,-30.975411,8,5,2,2,3,2,7,3,3,7,8,2,8,1,6,2,8,1,3,7,-0.99869592,0.36257603,1.8680526,0.6773111,1.1907415
-15.176565,0.7688457,1.0151509,2,3,0,17.903235,0.8339643,1.411509,1.1771481,0.23436088,-45.708713,-35.377579,-42.760425,-26.009948,-25.385252,-36.862124,-42.760425,-29.08888,-36.862124,-30.975411,6,3,6,7,4,2,7,3,3,7,7,1,5,5,5,2,8,3,4,7,-0.99869592,0.57335065,1.2751161,0.73108863,0.54402745
-16.071949,0.9413435,1.0151509,2,3,0,16.6016,0.759695,0.97107362,0.73771977,0.23335385,-38.390919,-31.128432,-35.695407,-24.568643,-24.272152,-32.677414,-35.695407,-26.653079,-32.677414,-29.672667,7,2,7,2,6,2,8,5,2,5,7,2,6,6,6,4,8,3,4,5,-1.1493764,0.9224439,1.1633323,1.0731088,0.090223512
-15.189525,0.91782695,1.0151509,3,7,0,18.461652,0.80832497,4.3481789,3.5147416,0.83343732,-60.484542,-42.000389,-54.472695,-28.713688,-28.003445,-44.613174,-54.472695,-32.881375,-44.613174,-37.119439,8,2,4,7,4,2,7,5,3,7,8,2,8,6,7,2,7,2,3,5,-2.97478,0.37064358,2.2438875,0.83168247,1.412205
-15.158537,1,1.0151509,2,3,0,15.330406,0.80678983,4.3125205,3.4792977,0.83322281,-60.266419,-41.898855,-54.262173,-28.687488,-27.985948,-44.518716,-54.262173,-32.829255,-44.518716,-37.115594,8,5,5,4,3,4,8,4,4,8,8,2,8,5,4,2,8,4,4,6,-2.9350246,0.19167678,0.77428628,0.1484127,0.62587358
-14.956432,1,1.0151509,1,1,0,15.207904,0.81502987,3.8850092,3.1663986,0.71861065,-59.456039,-41.641799,-53.817142,-28.53703,-27.807457,-44.106498,-53.817142,-32.674347,-44.106498,-36.500282,6,2,5,4,3,2,7,5,5,8,8,2,7,5,5,1,8,3,1,8,-2.5649827,0.58528657,2.1838453,1.2781753,0.90566999
-15.345077,0.94299624,1.0151509,1,1,0,15.381408,0.83594844,4.2574733,3.5590281,0.69844514,-62.28173,-42.967114,-56.627886,-28.873668,-28.026975,-45.305088,-56.627886,-33.352907,-45.305088,-36.487066,8,4,8,3,5,1,6,4,4,5,8,3,7,3,2,6,7,3,1,7,-3.0111177,0.80466821,2.5205731,2.028225,0.49234806
-15.478068,0.94518669,1.0151509,2,3,0,16.307767,0.6830881,1.1462719,0.78300472,0.36326721,-38.401311,-30.81397,-35.008744,-24.847045,-24.790734,-32.818,-35.008744,-26.599325,-32.818,-31.670214,7,4,4,6,2,4,5,5,5,8,5,4,7,7,3,4,6,5,5,6,-0.72048871,0.18948827,2.2606173,0.42836046,1.8322568
-15.224675,0.954522,1.0151509,3,7,0,16.566591,0.87116741,1.6881677,1.4706767,0.21749101,-50.119633,-37.797192,-47.1982,-26.779437,-25.964572,-39.140825,-47.1982,-30.434971,-39.140825,-31.482109,8,3,7,6,3,5,7,5,4,7,7,4,8,1,6,4,6,3,3,5,-1.2023011,0.64968936,3.6559681,2.3752436,1.2807245
-14.262596,1,1.0151509,2,3,0,15.17993,0.75312001,2.0128268,1.5159002,0.49692666,-47.363489,-35.756569,-42.955644,-26.634513,-26.271345,-38.060332,-42.955644,-29.459022,-38.060332,-34.190765,8,6,8,5,3,3,8,2,1,8,8,1,6,8,5,2,8,4,5,6,-0.81603736,0.43206579,1.732278,0.74845809,0.98381996
-14.514755,0.97404209,1.0151509,2,3,0,14.572459,0.82865255,2.2856912,1.8940439,0.39164735,-52.658445,-38.756273,-48.547208,-27.369723,-26.662807,-40.672682,-48.547208,-31.046573,-40.672682,-33.684062,7,3,3,3,3,5,4,4,2,8,7,3,6,6,5,3,7,4,1,8,-1.2483725,0.4606293,3.3594407,1.5474568,1.8119839
-17.913558,0.73550073,1.0151509,2,3,0,17.933072,0.94171295,4.5719267,4.3054426,0.26648412,-74.299555,-48.271708,-70.657292,-30.020645,-28.619819,-49.315801,-70.657292,-35.962588,-49.315801,-34.868682,8,3,8,6,8,2,6,3,2,4,8,4,8,5,8,3,8,3,2,7,-4.2235519,0.74930355,4.614277,3.4574941,1.1567829
-14.9069,0.99323175,1.0151509,3,7,0,18.734773,0.68028339,1.4056866,0.95626527,0.44942137,-40.590521,-31.960359,-36.712743,-25.420225,-25.369563,-34.202974,-36.712743,-27.323235,-34.202974,-33.080132,8,2,5,5,4,4,4,3,4,7,5,2,8,6,2,1,8,3,4,7,-0.54880741,0.6680224,1.4798693,0.98858582,0.49128345
-14.966159,0.99350314,1.0151509,1,1,0,15.068806,0.66158348,1.4078103,0.93138407,0.47642628,-40.093937,-31.619478,-36.146984,-25.387997,-25.40692,-33.927276,-36.146984,-27.15614,-33.927276,-33.384023,7,3,8,2,6,1,7,3,3,8,7,4,7,3,6,1,7,4,1,6,-0.51922313,0.67255847,1.3523273,0.90951919,0.44280812
-14.302638,0.90825325,1.0151509,1,3,0,15.943862,0.7202846,2.9067632,2.0936968,0.81306643,-50.43152,-36.994644,-44.879506,-27.410356,-27.162461,-39.858098,-44.879506,-30.265619,-39.858098,-36.928569,5,3,8,4,5,4,8,6,3,7,7,4,7,5,5,1,7,4,3,8,-1.3827555,0.61666549,1.9152802,1.1810872,0.734193
-14.779244,0.86187808,1.0151509,3,7,0,15.68813,0.85019301,1.9943846,1.6956118,0.29877274,-51.714647,-38.446477,-48.169269,-27.131722,-26.361025,-40.081578,-48.169269,-30.835703,-40.081578,-32.645651,4,3,6,7,2,4,3,6,5,6,7,1,6,3,6,1,8,2,5,8,-1.1850827,0.22480876,1.4810992,0.33296406,1.1481351
-15.470359,0.97278077,1.0151509,3,7,0,15.529105,0.53714241,2.8919173,1.5533714,1.3385459,-43.416725,-32.703783,-37.438768,-27.165559,-27.76463,-36.186781,-37.438768,-28.279148,-36.186781,-41.233541,6,1,3,7,7,2,6,5,2,8,7,2,8,7,3,3,8,3,2,8,-1.1597659,0.35289837,1.8227423,0.64324278,1.1794995
-16.865172,0.90098931,1.0151509,2,7,0,18.124012,0.91219327,4.5820113,4.1796799,0.40233145,-70.653767,-46.791291,-66.132752,-29.705751,-28.457437,-48.273787,-66.132752,-35.244379,-48.273787,-35.376026,8,2,7,4,3,2,7,2,2,7,7,2,8,2,6,3,8,4,2,5,-3.8551421,0.77098141,7.4284943,5.7272309,1.7012633
-15.539712,1,1.0151509,2,7,0,16.80208,0.63523651,1.1857516,0.75323273,0.43251891,-37.625337,-30.211482,-34.004083,-24.867399,-24.976726,-32.396282,-34.004083,-26.329143,-32.396282,-32.59041,8,1,7,5,4,3,7,5,3,7,8,1,6,5,4,2,8,1,4,7,-0.61325035,0.47658653,2.2522406,1.0733875,1.1788531
-15.388127,0.95510183,1.0151509,2,7,0,16.72241,0.89500444,2.3967973,2.1451442,0.25165308,-57.478501,-41.379447,-54.15324,-27.981244,-26.969254,-42.725492,-54.15324,-32.405966,-42.725492,-32.927349,8,2,7,5,2,5,8,3,1,8,8,6,7,5,7,1,8,3,3,6,-1.7384411,0.35197665,2.1883766,0.77025746,1.4181191
-15.167999,0.98348292,1.0151509,2,3,0,15.919608,0.83774429,1.4356864,1.2027381,0.23294832,-46.109435,-35.603254,-43.16087,-26.082341,-25.43939,-37.076116,-43.16087,-29.21544,-37.076116,-31.023449,7,4,8,3,2,3,8,7,3,8,8,2,8,7,6,2,8,3,1,5,-1.011089,0.40529729,1.4491472,0.58733544,0.86181179
-15.054599,0.9992149,1.0151509,3,7,0,15.457655,0.64616421,3.8852554,2.510513,1.3747424,-50.097193,-36.329416,-43.513506,-27.801892,-27.902439,-39.839034,-43.513506,-30.098706,-39.839034,-40.257396,7,4,5,6,3,3,6,2,3,7,5,5,7,6,6,3,4,3,2,6,-2.1487469,0.41493837,1.6968839,0.70410223,0.99278164
-14.719313,0.95478754,1.0151509,2,3,0,16.026381,0.85063991,2.3717999,2.0175477,0.35425224,-54.465528,-39.735337,-50.513864,-27.615246,-26.803685,-41.498028,-50.513864,-31.561166,-41.498028,-33.53431,8,2,7,4,6,1,8,6,5,8,7,4,6,5,6,4,6,1,4,7,-1.4189844,0.62090278,2.1502151,1.3350746,0.81514058
-15.259421,0.83279797,1.0151509,1,3,0,18.137381,0.57366601,3.2307995,1.8533999,1.3773996,-45.570735,-33.873822,-39.340039,-27.377697,-27.818046,-37.410166,-39.340039,-28.870713,-37.410166,-41.020679,7,3,7,5,6,1,8,4,1,7,8,3,6,2,4,3,5,3,1,8,-1.4750003,0.84836241,2.1061036,1.7867391,0.31936446
-17.397396,0.70667651,1.0151509,3,7,0,19.244106,0.89652623,0.91809558,0.82309676,0.094998813,-41.490637,-33.455493,-39.935556,-24.992211,-24.277103,-34.247204,-39.935556,-27.882835,-34.247204,-28.001435,8,1,7,4,3,5,7,2,3,6,8,2,7,3,4,1,8,1,2,8,-1.9386818,0.50152781,1.5278739,0.76627126,0.76160267
-16.176342,1,1.0151509,1,1,0,17.233507,0.88686959,1.2257209,1.0870546,0.13866631,-45.642499,-35.618784,-43.527476,-25.87303,-25.094088,-36.63659,-43.527476,-29.159123,-36.63659,-29.600626,8,1,8,3,4,3,7,3,3,8,8,2,6,7,8,6,8,4,1,7,-1.416284,0.6108536,2.8057468,1.7139005,1.0918463
-17.495197,0.93368823,1.0151509,2,7,0,18.563169,0.38467143,2.7345308,1.0518959,1.6826349,-38.852118,-30.044404,-33.130418,-27.543939,-28.84015,-33.533567,-33.130418,-27.261762,-33.533567,-45.531415,8,1,6,3,3,2,7,8,3,8,7,4,3,5,3,2,6,5,2,8,-1.0766599,0.47251838,1.7023531,0.80439312,0.89795996
-16.980384,0.98664513,1.0151509,2,7,0,18.951708,0.94102845,3.1663809,2.9796545,0.1867264,-66.697264,-45.492301,-63.829587,-29.154945,-27.851223,-46.417188,-63.829587,-34.54612,-46.417188,-33.491869,5,4,8,3,3,4,6,4,1,7,8,2,8,2,5,3,8,1,1,5,-2.9002772,0.60350359,2.1120297,1.2746175,0.83741222
-14.424957,0.99159914,1.0151509,2,5,0,16.776133,0.80010486,1.9420164,1.5538168,0.38819964,-48.891116,-36.781544,-44.913022,-26.759967,-26.204932,-38.763813,-44.913022,-29.964992,-38.763813,-33.237922,8,2,3,2,5,1,8,4,2,5,7,3,6,4,2,2,7,3,3,7,-0.93246466,0.6660483,2.062025,1.3734082,0.68861676
-15.406276,0.84644227,1.0151509,1,3,0,16.196213,0.89212901,2.7804562,2.4805257,0.29993055,-59.881386,-42.410305,-56.16476,-28.357462,-27.320268,-43.874927,-56.16476,-32.970736,-43.874927,-33.664234,4,7,8,3,5,4,8,2,3,5,8,4,8,5,4,4,8,5,1,8,-2.0147089,0.64152431,0.93711001,0.60117885,0.33593116
-14.692546,0.98946789,1.0151509,2,7,0,15.806074,0.75560913,3.7947314,2.8673337,0.9273977,-55.385837,-39.438474,-49.322976,-28.134411,-27.699698,-42.346133,-49.322976,-31.579198,-42.346133,-37.592623,8,2,7,7,7,4,8,6,3,7,8,2,8,5,4,2,7,4,1,7,-2.2772575,0.50195267,2.8065681,1.4087644,1.3978038
-15.148783,0.92812982,1.0151509,1,1,0,15.153343,0.75486005,4.5574004,3.4401995,1.1172009,-57.459781,-40.293788,-50.899935,-28.477195,-28.032337,-43.36919,-50.899935,-32.059208,-43.36919,-38.460575,8,2,8,5,4,2,6,4,1,8,8,1,6,5,4,2,7,3,3,6,-2.9945842,0.57687781,2.0834934,1.2019211,0.88157229
-15.637852,0.93040652,1.0151509,2,7,0,16.209599,0.7463458,1.0791388,0.80541069,0.27372808,-39.315573,-31.57435,-36.331361,-24.836054,-24.569748,-33.279982,-36.331361,-26.948607,-33.279982,-30.468004,8,2,6,6,4,3,7,4,1,6,8,5,8,4,8,3,6,6,1,6,-0.93588302,0.64688447,3.798571,2.4572366,1.3413344
-14.910975,1,1.0151509,3,7,0,15.896558,0.86182748,2.0019471,1.725333,0.27661408,-52.397692,-38.841679,-48.985332,-27.220911,-26.400084,-40.382639,-48.985332,-31.041693,-40.382639,-32.500985,5,5,6,4,1,3,7,4,1,5,6,3,7,3,6,1,8,3,2,8,-1.2561064,0.17293561,0.87838189,0.15190351,0.72647838
-15.079542,0.98716612,1.0151509,1,1,0,15.104329,0.8731997,1.9620598,1.71327,0.24878977,-52.696323,-39.05114,-49.478711,-27.242172,-26.378431,-40.479469,-49.478711,-31.143128,-40.479469,-32.239602,7,2,7,6,2,1,8,5,4,7,6,2,5,3,6,4,7,2,3,4,-1.3094932,0.51135277,3.4743131,1.7765996,1.6977135
-14.976952,0.97822407,1.0151509,3,7,0,15.725846,0.65558154,3.8462558,2.5215343,1.3247215,-50.424495,-36.537757,-43.889875,-27.801385,-27.855646,-39.999209,-43.889875,-30.190339,-39.999209,-39.963074,8,2,7,4,5,2,5,7,2,5,8,4,7,4,6,1,6,4,2,8,-2.1245716,0.36440476,0.8706782,0.31727928,0.55339892
-16.71902,0.77327823,1.0151509,3,7,0,17.517274,0.46401635,1.2664662,0.58766103,0.67880518,-34.728879,-28.156653,-30.725276,-25.146059,-25.872142,-30.6955,-30.725276,-25.502762,-30.6955,-36.110457,8,3,5,5,2,4,6,7,2,8,7,3,8,5,3,1,4,3,4,7,-0.47929519,0.39081598,1.6039164,0.62683615,0.97708024
-16.17051,1,1.0151509,1,1,0,16.774123,0.49234281,1.4256819,0.70192423,0.72375766,-36.252921,-29.022393,-31.982031,-25.425486,-26.078982,-31.690383,-31.982031,-25.996207,-31.690383,-36.568086,7,5,7,3,4,1,8,3,2,8,8,3,6,5,4,6,8,1,4,8,-0.40437141,0.86763996,1.549313,1.3442459,0.20506713
-16.460043,0.93432267,1.0151509,3,7,0,17.723666,0.92299121,1.4839942,1.3697136,0.1142806,-50.560785,-38.292455,-48.648236,-26.741379,-25.763468,-39.111457,-48.648236,-30.650085,-39.111457,-30.197742,6,6,6,7,2,3,7,6,3,8,8,1,8,6,5,2,8,1,1,7,-1.6508374,0.23913406,2.2453943,0.53695026,1.708444
-17.41018,0.95506107,1.0151509,2,3,0,18.349615,0.95591152,2.5124362,2.4016667,0.1107695,-63.320254,-44.208641,-61.341131,-28.672422,-27.370238,-44.85444,-61.341131,-33.855784,-44.85444,-32.300408,8,1,8,4,7,1,7,6,1,7,8,2,7,3,2,1,8,2,2,7,-2.6259958,0.85803856,4.3074767,3.6959811,0.6114956
-17.678871,0.99433027,1.0151509,3,7,0,18.302151,0.96041818,2.5462153,2.4454315,0.10078383,-64.046,-44.523211,-62.19654,-28.757143,-27.429739,-45.111503,-62.19654,-34.017213,-45.111503,-32.298742,8,4,7,1,6,6,5,3,3,3,8,3,8,8,6,2,7,2,2,5,-2.7550186,0.74754437,1.1181763,0.83588637,0.28228989
-15.624566,0.97310611,1.0151509,2,3,0,18.06663,0.89027536,3.3944787,3.0220208,0.37245795,-63.198959,-43.779877,-58.964309,-28.836801,-27.761819,-45.38337,-58.964309,-33.706448,-45.38337,-34.573734,6,3,7,5,5,2,8,4,3,5,8,3,8,3,6,2,8,1,1,7,-2.5418763,0.72395229,1.3818438,1.000389,0.38145482
-14.285827,0.87253583,1.0151509,1,3,0,17.804344,0.7025458,2.0471554,1.4382204,0.60893497,-45.612848,-34.610256,-40.892897,-26.497427,-26.346039,-37.186367,-40.892897,-28.89448,-37.186367,-35.169666,8,4,7,4,4,8,6,3,3,7,7,2,5,6,5,4,8,4,5,7,-0.71710894,0.55008664,2.9990322,1.6497276,1.3493047
-14.284077,0.99511862,1.0151509,3,7,0,14.383402,0.78467839,2.6058084,2.0447215,0.56108686,-52.204453,-38.250633,-47.35526,-27.448328,-26.916087,-40.609268,-47.35526,-30.841453,-40.609268,-35.108345,6,5,6,5,2,1,6,4,1,7,8,1,8,5,6,3,7,2,2,8,-1.3099005,0.42283291,2.0967489,0.88657443,1.2101745
-15.847467,0.85795776,1.0151509,2,5,0,15.908424,0.49441401,2.5870499,1.2790737,1.3079762,-41.249661,-31.509706,-35.541451,-26.985507,-27.762287,-34.917659,-35.541451,-27.687391,-34.917659,-41.561986,6,5,3,7,4,3,7,4,3,8,8,1,4,4,4,4,6,5,2,8,-0.90344893,0.23657969,1.9364733,0.45813026,1.4783431
-17.315586,0.82315619,1.0151509,2,3,0,19.151264,0.72713504,7.7630487,5.6447847,2.118264,-60.898266,-41.346046,-52.832943,-29.130905,-28.804528,-45.030777,-52.832943,-32.708995,-45.030777,-41.238898,7,6,7,5,4,3,6,5,4,7,8,2,8,4,7,2,8,3,4,7,-5.7795368,0.16983485,1.6642957,0.28265542,1.3816403
-15.888645,0.96436798,1.0151509,2,3,0,18.458906,0.56116724,1.228699,0.68950562,0.53919336,-36.352792,-29.278142,-32.495917,-24.936139,-25.308774,-31.667585,-32.495917,-25.928429,-31.667585,-34.044085,7,4,7,2,2,3,6,5,6,4,8,4,5,2,3,5,7,6,7,8,-0.5160717,0.33633892,2.3045415,0.775107,1.5294345
-16.378453,0.968074,1.0151509,2,3,0,16.676254,0.61876286,0.95720604,0.59228355,0.3649225,-35.144233,-28.814271,-31.961915,-24.248614,-24.400216,-30.78989,-31.961915,-25.4676,-30.78989,-31.307848,8,3,5,4,4,4,5,2,2,8,8,3,7,3,3,1,7,5,2,8,-0.92065757,0.59947975,0.73313849,0.43950168,0.29363681
-15.079483,1,1.0151509,2,3,0,16.993812,0.77754613,1.3055032,1.0150889,0.29041424,-42.618257,-33.481221,-39.399893,-25.50961,-25.108302,-35.226271,-39.399893,-28.0536,-35.226271,-31.235541,6,5,5,5,1,5,4,7,2,8,7,2,7,2,4,6,4,3,2,8,-0.81917279,0.1675271,1.9721153,0.33038275,1.6417325
-14.55178,0.99038146,1.0151509,2,7,0,15.174641,0.71776905,3.4914262,2.5060377,0.98538853,-52.391781,-37.85073,-46.339578,-27.79656,-27.550908,-40.913069,-46.339578,-30.769919,-40.913069,-37.983415,8,3,5,6,7,4,7,2,3,6,8,5,8,6,4,3,7,5,2,8,-1.9018407,0.579323,1.2638427,0.73217318,0.53166957
-14.996804,0.73643075,1.0151509,1,3,0,17.123408,0.8453465,1.6152097,1.3654119,0.24979783,-48.207947,-36.706098,-45.082825,-26.482737,-25.782007,-38.217268,-45.082825,-29.845647,-38.217268,-31.577647,8,2,8,6,4,3,5,1,5,6,8,2,6,8,4,5,8,3,1,6,-1.0393938,0.91116573,0.82523576,0.75192655,0.073309213
-14.435504,1,1.0151509,2,3,0,15.065463,0.78156603,1.8005961,1.4072848,0.39331136,-47.055542,-35.770329,-43.116751,-26.456841,-25.99032,-37.799225,-43.116751,-29.408819,-37.799225,-33.085659,8,5,7,4,3,3,7,6,5,6,8,2,8,4,3,1,7,1,1,8,-0.81193919,0.35006713,7.9030286,2.7665905,5.136438
-14.250154,0.97573803,1.0151509,2,3,0,14.751001,0.77613161,2.549356,1.9786358,0.57072022,-51.480331,-37.858502,-46.62235,-27.349347,-26.858452,-40.25467,-46.62235,-30.634541,-40.25467,-35.141169,7,2,7,5,5,3,7,7,1,8,8,3,8,3,6,2,8,5,3,6,-1.2378031,0.22329432,2.9507972,0.65889624,2.291901
-14.226255,0.98223101,1.0151509,2,3,0,14.440278,0.7698539,2.4503801,1.8864347,0.56394543,-50.653219,-37.432041,-45.852499,-27.219362,-26.761347,-39.831196,-45.852499,-30.402115,-39.831196,-35.034392,7,5,6,3,1,1,7,4,1,8,8,1,8,7,6,3,5,3,1,8,-1.1433665,0.51014502,1.5616313,0.79665844,0.76497289
-14.670175,0.95405231,1.0151509,2,3,0,14.704788,0.71841575,1.5117688,1.0860785,0.42569029,-42.564372,-33.162052,-38.673419,-25.723154,-25.525356,-35.335773,-38.673419,-27.976459,-35.335773,-32.973051,8,3,6,7,6,6,5,4,1,8,8,4,8,2,5,4,7,3,2,5,-0.60199355,0.34971217,1.4419291,0.50426017,0.93766896
-14.451211,0.90004192,1.0151509,3,7,0,16.044472,0.72138827,3.2927115,2.3753235,0.91738806,-51.914024,-37.667515,-46.035822,-27.688158,-27.4282,-40.651328,-46.035822,-30.654223,-40.651328,-37.592601,7,3,8,2,4,4,8,3,2,6,8,4,7,5,5,2,8,3,4,8,-1.7273897,0.47831759,2.6865767,1.2850369,1.4015398
-14.833833,0.80456046,1.0151509,2,3,0,16.417492,0.61914595,1.6930101,1.0482204,0.64478976,-40.871394,-31.835526,-36.351703,-25.836356,-26.025264,-34.490403,-36.351703,-27.41194,-34.490403,-35.420659,4,3,8,4,5,1,8,2,4,8,7,1,5,7,5,1,8,2,5,8,-0.46083044,0.9083581,1.5100681,1.3716826,0.13838551
-14.5543,0.82329024,1.0151509,1,3,0,16.991307,0.82011722,2.9519888,2.4209769,0.53101195,-55.929894,-40.180272,-51.076733,-27.962459,-27.248844,-42.378141,-51.076733,-31.860808,-42.378141,-35.125335,7,4,6,2,1,5,7,3,2,7,8,2,8,5,4,3,8,4,3,8,-1.7334276,0.10181529,4.2621676,0.43395381,3.8282138
-14.460491,0.89913243,1.0151509,1,3,0,15.652602,0.72945461,1.6895997,1.2324863,0.4571134,-44.277456,-34.092157,-40.171089,-26.069055,-25.819589,-36.335264,-40.171089,-28.516874,-36.335264,-33.506503,5,2,7,6,5,5,7,4,1,6,8,3,8,4,5,4,4,6,3,5,-0.63818642,0.61484261,1.1891309,0.73112836,0.45800257
-14.566729,0.9448808,1.0151509,2,3,0,15.277959,0.64848718,2.9166812,1.8914303,1.0252508,-47.407665,-35.144945,-41.571124,-27.217195,-27.301287,-38.339952,-41.571124,-29.376939,-38.339952,-38.498143,4,2,7,7,3,4,6,6,1,8,8,3,7,6,2,5,5,7,3,4,-1.2678098,0.17491347,1.7308364,0.30274662,1.4280898
-14.793643,0.90113485,1.0151509,3,7,0,15.85576,0.82564026,1.649231,1.3616715,0.28755948,-47.658706,-36.321155,-44.291867,-26.431155,-25.803563,-37.988302,-44.291867,-29.65315,-37.988302,-31.954453,8,1,7,2,6,2,6,4,2,7,7,3,7,5,3,2,8,3,2,1,-0.94694481,0.83139803,1.6017656,1.3317048,0.27006083
-15.426688,0.92350131,1.0151509,2,3,0,15.894909,0.85695674,1.3939805,1.194581,0.19939951,-46.443774,-35.876693,-43.749767,-26.100924,-25.393295,-37.194887,-43.749767,-29.347492,-37.194887,-30.627751,8,2,8,4,4,5,8,2,2,6,8,1,8,7,6,2,8,1,4,6,-1.1257899,0.77565977,1.3666066,1.0600218,0.30658484
-14.265096,0.93043161,1.0151509,1,3,0,16.436643,0.76675183,2.7497531,2.1083782,0.64137488,-51.998234,-38.031488,-46.873151,-27.485353,-27.028214,-40.561933,-46.873151,-30.754065,-40.561933,-35.720705,8,5,6,6,3,4,4,5,2,7,7,1,6,7,7,3,7,2,3,5,-1.3694986,0.42141299,1.0173097,0.42870754,0.58860219
-17.587679,0.68385202,1.0151509,3,7,0,18.515613,0.95086766,3.4289829,3.2605089,0.16847396,-69.461996,-46.592601,-66.759895,-29.461587,-28.087321,-47.402895,-66.759895,-35.104365,-47.402895,-33.664881,8,2,7,6,4,2,8,6,1,5,8,1,8,3,5,1,7,3,1,5,-3.3112069,0.55126857,3.5229728,1.9421042,1.5808686
-16.626204,1,1.0151509,3,7,0,17.947066,0.93980296,2.1508736,2.0213974,0.12947622,-58.718941,-42.17714,-56.54153,-28.055979,-26.878543,-42.973872,-56.54153,-32.784593,-42.973872,-31.807843,8,6,6,3,7,2,8,5,2,5,8,2,8,2,5,1,8,5,3,8,-2.0827015,0.61406969,3.8662332,2.3741366,1.4920966
-16.265343,1,1.0151509,1,1,0,16.653196,0.92954538,2.2973928,2.1355309,0.16186194,-59.227562,-42.348174,-56.684684,-28.158898,-27.005086,-43.291738,-56.684684,-32.889567,-43.291738,-32.248824,7,4,7,6,3,3,7,5,3,5,8,3,8,4,5,3,8,2,3,7,-2.0300882,0.51498187,1.5418645,0.79403227,0.74783224
-16.988376,0.96290863,1.0151509,2,3,0,17.245511,0.94184967,1.545115,1.4552661,0.089848955,-52.360806,-39.261382,-50.744199,-27.021349,-25.955154,-39.914383,-50.744199,-31.173819,-39.914383,-30.190636,8,6,7,7,4,1,8,4,1,5,8,2,8,3,3,2,7,1,2,4,-1.9069419,0.9315818,0.87374472,0.81396468,0.059780039
-17.692111,0.96781839,1.0151509,2,3,0,18.290206,0.95165905,3.5308033,3.3601209,0.1706824,-70.183061,-46.863025,-67.452346,-29.542861,-28.156513,-47.670418,-67.452346,-35.242015,-47.670418,-33.766838,6,4,4,4,2,8,3,5,5,7,7,1,8,2,6,2,8,3,2,6,-3.4206895,0.10633196,0.94720089,0.10071772,0.84648317
-14.806177,0.98410761,1.0151509,3,7,0,17.939111,0.82100593,3.5269443,2.8956422,0.63130213,-58.525951,-41.304797,-53.21016,-28.374076,-27.628754,-43.639684,-53.21016,-32.479614,-43.639684,-35.95261,8,2,7,7,5,2,8,6,2,7,7,2,7,5,4,3,7,3,1,5,-2.2557151,0.68502542,4.0737598,2.790629,1.2831308
-14.552311,0.97905331,1.0151509,2,3,0,15.133228,0.77315411,3.4708851,2.6835291,0.78735601,-55.312479,-39.548936,-49.611833,-28.043178,-27.531347,-42.252776,-49.611833,-31.601387,-42.252776,-36.797506,7,7,6,8,3,2,4,7,2,8,5,3,8,5,6,3,8,5,2,7,-2.0269834,0.13730935,1.0796791,0.14825003,0.93142908
-14.415329,0.98535498,1.0151509,2,3,0,14.765879,0.76516517,3.2057539,2.4529312,0.75282266,-53.864779,-38.856158,-48.319927,-27.82884,-27.363167,-41.542747,-48.319927,-31.228109,-41.542747,-36.557215,7,1,8,5,4,3,8,2,3,8,8,1,8,5,3,3,7,4,3,6,-1.7607063,0.79631689,1.8696028,1.4887963,0.3808065
-14.244074,1,1.0151509,2,3,0,14.429611,0.77771362,2.3739235,1.8462326,0.52769085,-50.609481,-37.463342,-45.948455,-27.17848,-26.689579,-39.781137,-45.948455,-30.403634,-39.781137,-34.722137,6,5,6,5,2,2,7,7,4,5,8,3,7,5,4,2,7,2,2,7,-1.1125154,0.36642281,1.3977171,0.51215543,0.88556168
-14.798606,0.94494262,1.0151509,3,7,0,14.845447,0.77635939,3.9188829,3.0424615,0.87642136,-57.019266,-40.299875,-51.014913,-28.310522,-27.770942,-43.087841,-51.014913,-32.013716,-43.087841,-37.312065,5,1,5,6,3,2,5,4,2,7,8,3,7,5,4,6,8,2,3,7,-2.4556347,0.36493373,2.6174165,0.95518354,1.6622329
-14.842817,0.97120792,1.0151509,2,3,0,15.434661,0.65138648,3.5630962,2.3209527,1.2421435,-49.50488,-36.106733,-43.156508,-27.643573,-27.717297,-39.506244,-43.156508,-29.94738,-39.506244,-39.632628,7,1,1,6,5,2,6,6,2,8,7,3,7,6,7,1,8,4,2,5,-1.8540778,0.44555865,0.8334048,0.37133072,0.46207409
-14.501624,1,1.0151509,1,1,0,14.790443,0.69395638,3.2586555,2.2613648,0.99729073,-50.493986,-36.839733,-44.519566,-27.569225,-27.439898,-39.957154,-44.519566,-30.247713,-39.957154,-38.130834,7,1,8,6,5,3,8,3,3,6,8,2,8,3,5,2,6,3,3,7,-1.6413355,0.67298389,2.7214384,1.8314842,0.88995422
-15.345274,0.91458151,1.0151509,2,3,0,15.565133,0.61903776,1.307602,0.80945503,0.498147,-38.241794,-30.476839,-34.350084,-25.126291,-25.298664,-32.819874,-34.350084,-26.542357,-32.819874,-33.546458,5,6,8,7,2,3,5,4,1,7,7,5,8,7,6,1,8,5,3,8,-0.50803965,0.44367007,1.221974,0.54215327,0.67982069
-16.609904,0.80375954,1.0151509,2,7,0,18.19875,0.9392877,2.2952177,2.1558698,0.13934796,-59.982006,-42.725446,-57.678236,-28.245698,-27.048801,-43.552892,-57.678236,-33.081864,-43.552892,-32.115037,7,3,6,4,6,2,7,6,2,8,8,5,8,2,6,2,8,5,1,5,-2.1670138,0.5894837,2.059618,1.2141113,0.84550678
-15.716495,0.99321862,1.0151509,3,7,0,17.044362,0.88259286,1.4225055,1.2554932,0.1670123,-47.867177,-36.73741,-45.431157,-26.322643,-25.512885,-37.877974,-45.431157,-29.811763,-37.877974,-30.436437,6,3,7,8,4,6,6,7,3,8,8,2,8,4,4,1,8,1,1,7,-1.2856409,0.20808277,1.9280914,0.40120259,1.5268888
-14.937235,1,1.0151509,2,3,0,15.863158,0.86747275,2.5053482,2.1733213,0.33202692,-56.386248,-40.716227,-52.525037,-27.884389,-26.985168,-42.364997,-52.525037,-32.080255,-42.364997,-33.548763,8,2,7,5,5,2,6,3,1,6,8,2,8,4,5,2,6,3,4,7,-1.6171004,0.4849267,1.9904147,0.96520524,1.0252095
-17.272743,0.85525914,1.0151509,3,7,0,17.538705,0.9149457,5.0590804,4.6287838,0.43029654,-72.757191,-47.55342,-68.051762,-29.92932,-28.647281,-49.041812,-68.051762,-35.626658,-49.041812,-35.67169,6,1,8,1,6,1,8,3,2,7,8,3,8,5,5,2,6,1,3,5,-4.3310799,0.87068633,2.7039679,2.3543079,0.34966001
-15.095518,0.9976236,1.0151509,3,7,0,17.254779,0.59773029,1.5616988,0.93347468,0.62822412,-39.489732,-31.042587,-35.122274,-25.603639,-25.87024,-33.653993,-35.122274,-26.970326,-33.653993,-35.22714,8,2,7,6,4,4,7,1,3,7,7,2,7,3,4,3,7,4,3,5,-0.42744101,0.81905917,1.1131272,0.91171706,0.20141017
-15.395408,0.98626159,1.0151509,2,3,0,15.455418,0.5607908,1.5397814,0.86349525,0.67628615,-38.442546,-30.366424,-34.047345,-25.564008,-25.97163,-33.037958,-34.047345,-26.65091,-33.037958,-35.821954,8,6,8,3,4,4,6,2,2,7,8,3,8,4,6,3,5,4,5,7,-0.40363066,0.84866736,1.6277198,1.3813927,0.24632713
-14.739534,1,1.0151509,3,7,0,15.548205,0.80476491,1.5807359,1.2721208,0.30861513,-46.189105,-35.465583,-42.737048,-26.19646,-25.659494,-37.232337,-42.737048,-29.187333,-37.232337,-31.998082,5,3,7,6,5,2,5,4,2,7,8,2,8,4,5,2,8,4,1,8,-0.85336973,0.33903304,2.9670407,1.0059248,1.9611159
-14.918497,0.99169526,1.0151509,2,7,0,14.961252,0.68739039,4.0023324,2.7511648,1.2511676,-52.320095,-37.588696,-45.779989,-27.95944,-27.857265,-40.94581,-45.779989,-30.705685,-40.94581,-39.398021,7,3,6,7,4,1,8,7,2,7,6,3,8,2,4,5,7,5,1,7,-2.3210851,0.35450021,2.7713348,0.98243877,1.788896
-14.419207,0.99036142,1.0151509,3,7,0,15.01853,0.78765741,1.8563924,1.4622012,0.39419117,-47.723689,-36.135938,-43.756132,-26.571293,-26.075177,-38.15656,-43.756132,-29.611796,-38.15656,-33.170243,7,8,5,4,8,2,5,4,2,8,7,5,6,3,4,2,8,4,1,5,-0.85201741,0.11801254,2.3148612,0.27318265,2.0416785
-14.63005,0.96162955,1.0151509,2,3,0,14.999241,0.81757859,3.1996682,2.6159802,0.583688,-56.92352,-40.594362,-51.831638,-28.133667,-27.419391,-42.880072,-51.831638,-32.094996,-42.880072,-35.560348,7,3,3,7,3,2,6,2,5,7,8,3,7,4,6,2,8,4,3,7,-1.941535,0.40914951,3.6525967,1.4944581,2.1581385
-16.081075,0.85030317,1.0151509,2,3,0,16.565129,0.76362075,5.9453065,4.5399594,1.4053471,-60.954243,-41.751122,-53.743525,-28.962346,-28.454228,-44.977842,-53.743525,-32.838665,-44.977842,-39.356542,7,3,5,3,4,6,6,4,1,7,8,2,5,3,6,3,8,4,1,6,-4.3024597,0.24163949,2.5775365,0.6228346,1.9547019
-15.152719,1,1.0151509,1,1,0,15.936648,0.7626717,4.5500176,3.4701697,1.079848,-57.936134,-40.557469,-51.431075,-28.516146,-28.031917,-43.575437,-51.431075,-32.18705,-43.575437,-38.279829,7,1,4,8,5,2,7,3,2,8,8,3,8,2,6,2,6,3,2,6,-3.0097166,0.41228271,2.3971986,0.98832354,1.4088751
-14.943431,0.96662701,1.0151509,2,3,0,15.886383,0.64058112,3.6292517,2.3248302,1.3044216,-49.215393,-35.906296,-42.793369,-27.660375,-27.786689,-39.366814,-42.793369,-29.86455,-39.366814,-40.007844,5,1,8,1,3,1,8,3,3,5,6,5,8,5,5,4,6,3,3,8,-1.901849,0.7111478,3.1641412,2.250172,0.91396915
-14.828313,0.8255148,1.0151509,2,3,0,17.276905,0.83709822,3.2913785,2.7552071,0.5361714,-58.624938,-41.475247,-53.674894,-28.334181,-27.522097,-43.610322,-53.674894,-32.545043,-43.610322,-35.343937,8,1,8,1,5,2,8,3,2,5,8,3,8,5,4,1,8,3,1,8,-2.1140854,0.85461299,2.0308849,1.7356206,0.29526427
-16.441681,0.82983217,1.0151509,2,3,0,17.118364,0.77519685,6.4413801,4.9933375,1.4480426,-62.661849,-42.51196,-55.316993,-29.149212,-28.574585,-45.705825,-55.316993,-33.223099,-45.705825,-39.37808,8,1,7,2,3,3,8,3,1,7,7,2,6,4,3,3,6,4,1,5,-4.779851,0.92921001,1.1593574,1.0772865,0.082070904
-17.11274,0.92522565,1.0151509,3,7,0,18.829796,0.92683027,1.1883279,1.1013782,0.086949627,-46.804746,-36.422947,-45.281534,-26.031389,-25.12169,-37.112673,-45.281534,-29.579463,-37.112673,-29.032317,7,4,6,7,3,4,4,3,4,6,8,7,8,3,4,2,8,6,2,4,-1.8395861,0.40405031,0.95987876,0.38783931,0.57203944
-15.406796,0.96537377,1.0151509,3,7,0,18.983842,0.53429701,1.8497905,0.98833755,0.86145298,-39.467284,-30.790165,-34.593812,-26.076304,-26.618607,-33.736326,-34.593812,-27.029891,-33.736326,-37.836792,7,5,4,6,2,5,7,4,1,8,7,4,8,7,2,4,8,6,4,5,-0.45230624,0.2046229,2.7560125,0.56394328,2.1920692
-16.602316,0.89779191,1.0151509,3,7,0,17.218807,0.87323729,1.0226409,0.89300816,0.12963273,-42.347341,-33.806537,-40.38801,-25.212185,-24.536715,-34.808134,-40.38801,-28.11342,-34.808134,-28.77912,8,4,4,3,3,4,6,2,5,7,7,5,7,7,5,2,6,3,2,8,-1.5572413,0.2537228,8.0474438,2.0418199,6.0056238
-15.720184,0.64930838,1.0151509,2,7,0,21.23778,0.85884803,4.4420084,3.8150101,0.62699825,-64.806704,-44.15972,-59.344902,-29.142415,-28.17329,-46.287308,-59.344902,-33.949731,-46.287308,-36.22224,7,3,8,7,1,2,5,4,3,4,8,2,7,4,6,1,7,3,1,5,-3.3086985,0.27977001,2.0387268,0.57037463,1.4683522
-14.354781,0.85833668,1.0151509,1,3,0,17.869951,0.66987611,2.2181743,1.485902,0.73227231,-45.332542,-34.292233,-40.27556,-26.615978,-26.602124,-37.096311,-40.27556,-28.790937,-37.096311,-36.299376,8,4,5,2,2,2,7,3,5,7,8,3,7,2,3,3,8,3,4,5,-0.76110605,0.71634825,2.0093676,1.4394069,0.56996063
-14.76594,0.93236311,1.0151509,2,3,0,15.002622,0.63644003,3.2283107,2.0546262,1.1736845,-47.928992,-35.307063,-41.798669,-27.415748,-27.558715,-38.657768,-41.798669,-29.516576,-38.657768,-39.409404,4,3,5,5,5,2,6,3,2,7,8,1,6,5,4,4,6,6,2,6,-1.5281885,0.41491388,4.9545637,2.0557172,2.8988464
-14.898762,0.9833016,1.0151509,3,7,0,15.474166,0.74979673,1.369,1.0264717,0.34252826,-42.339589,-33.198996,-38.845736,-25.543105,-25.236748,-35.127087,-38.845736,-27.933926,-35.127087,-31.894247,4,4,7,7,3,4,8,6,4,7,8,2,7,3,4,5,5,3,1,5,-0.70893022,0.12832339,1.271953,0.16322132,1.1087317
-14.221268,1,1.0151509,2,3,0,14.815222,0.71189811,2.3195063,1.6512522,0.66825415,-47.433754,-35.544027,-42.434374,-26.844154,-26.646453,-38.212601,-42.434374,-29.43081,-38.212601,-35.770513,7,4,7,5,7,2,7,3,2,5,7,1,8,2,6,2,6,3,1,8,-0.90357856,0.52686495,2.5174821,1.3263731,1.191109
-14.956509,0.83291424,1.0151509,2,3,0,15.707032,0.84620794,1.6623613,1.4067033,0.25565797,-48.688212,-36.950095,-45.509292,-26.574105,-25.862988,-38.477027,-45.509292,-29.985307,-38.477027,-31.723475,8,3,6,4,5,2,4,3,4,7,8,1,8,5,5,1,8,3,3,8,-1.049797,0.76979246,1.2090855,0.93074489,0.27834059
-15.634799,0.95070744,1.0151509,3,7,0,16.112825,0.82960339,4.8042201,3.9855972,0.81862283,-63.448211,-43.364053,-57.389653,-29.05395,-28.223167,-45.85161,-57.389653,-33.574613,-45.85161,-37.095333,7,4,8,2,6,3,7,2,4,7,8,2,8,6,6,2,8,4,1,8,-3.4959307,0.71719671,1.6148256,1.1581476,0.45667799
-15.057098,0.99114881,1.0151509,3,7,0,16.419529,0.71765788,1.2902097,0.92592913,0.36428053,-40.658072,-32.164132,-37.137139,-25.269628,-25.086055,-34.170754,-37.137139,-27.365827,-34.170754,-31.966189,7,1,8,3,6,1,7,3,2,7,8,3,8,4,7,3,8,3,1,6,-0.66952289,0.73356205,2.5921287,1.9014872,0.69064144
-17.627019,0.81971803,1.0151509,2,3,0,18.038646,0.37749866,2.753703,1.0395192,1.7141838,-38.730317,-29.97121,-33.006603,-27.601223,-28.933266,-33.463321,-33.006603,-27.252401,-33.463321,-45.856793,8,4,8,6,5,1,7,3,1,5,6,2,7,4,7,1,4,5,1,7,-1.0997194,0.67751841,2.2644383,1.5341986,0.73023965
-16.3727,1,1.0151509,3,7,0,18.714222,0.48930107,1.3100276,0.64099789,0.66902966,-35.480093,-28.611825,-31.405931,-25.191487,-25.835167,-31.175082,-31.405931,-25.723693,-31.175082,-35.899049,8,4,5,5,6,2,5,5,5,8,7,5,4,5,5,3,5,6,3,7,-0.44885793,0.50706802,1.5715132,0.79686408,0.77464911
-15.143864,0.98266409,1.0151509,3,7,0,17.043216,0.57368327,2.97726,1.7080043,1.2692558,-44.861373,-33.550267,-38.835082,-27.202858,-27.635373,-36.994375,-38.835082,-28.665649,-36.994375,-40.46204,8,5,8,3,3,3,5,3,3,7,8,4,6,6,6,3,7,3,1,7,-1.249865,0.51988321,2.6113658,1.3576052,1.2537606
-15.228183,0.79278491,1.0151509,2,3,0,17.779755,0.736901,1.2153908,0.89562272,0.31976811,-40.490168,-32.16265,-37.197872,-25.154064,-24.907193,-34.027297,-37.197872,-27.326706,-34.027297,-31.326054,6,4,6,7,2,2,8,7,3,8,8,1,8,4,4,2,6,4,3,7,-0.76579453,0.30853724,4.4085659,1.3602068,3.0483591
-14.729389,0.95886025,1.0151509,2,3,0,16.222465,0.60501893,2.1571672,1.305127,0.85204021,-42.881846,-32.769701,-37.720256,-26.454046,-26.718191,-35.755989,-37.720256,-28.051583,-35.755989,-37.446903,8,2,6,5,6,3,7,4,1,5,7,3,7,5,4,1,6,3,4,8,-0.64568618,0.84840677,1.2849871,1.0901918,0.19479535
-14.564981,1,1.0151509,3,7,0,14.783002,0.82763621,2.7981156,2.3158218,0.4822938,-55.607993,-40.092881,-50.973987,-27.882852,-27.143283,-42.183571,-50.973987,-31.798877,-42.183571,-34.732298,5,3,6,4,4,1,8,8,6,6,7,1,6,4,6,2,8,2,3,4,-1.6358295,0.267072,1.2848475,0.34314678,0.94170068
-16.253724,0.89047416,1.0151509,2,3,0,16.510347,0.56446583,4.7056117,2.656157,2.0494546,-48.243985,-34.99094,-41.100176,-28.092404,-28.610709,-38.941561,-41.100176,-29.61336,-38.941561,-43.672893,7,2,7,7,4,1,7,3,2,7,8,2,4,4,6,1,5,3,2,7,-2.8499772,0.62126273,5.2992575,3.2922312,2.0070263
-14.423624,1,1.0151509,2,7,0,16.078107,0.72862308,1.7321205,1.262063,0.47005753,-44.552973,-34.226653,-40.380951,-26.134726,-25.886523,-36.500193,-40.380951,-28.59993,-36.500193,-33.675276,7,3,6,6,3,2,7,2,4,7,8,2,8,3,2,1,7,3,1,7,-0.64558089,0.42199708,3.7679472,1.5900627,2.1778845
-15.528445,0.68894662,1.0151509,1,3,0,17.874452,0.84633924,4.3802709,3.7071951,0.67307575,-63.530618,-43.552099,-57.931504,-29.011405,-28.108009,-45.804502,-57.931504,-33.64766,-45.804502,-36.403414,6,2,6,7,5,3,6,5,1,3,8,2,8,2,4,3,8,4,2,5,-3.1801826,0.45758068,2.0380831,0.93258744,1.1054956
-14.903034,1,1.0151509,3,7,0,15.821213,0.84358482,1.6920223,1.4273644,0.26465798,-48.839526,-37.010259,-45.59368,-26.610914,-25.906038,-38.570278,-45.59368,-30.024027,-38.570278,-31.85466,8,3,7,4,6,4,7,4,4,5,8,1,8,4,5,3,8,3,1,6,-1.0412194,0.65794388,3.5122693,2.3108761,1.2013932
-15.104443,0.97944163,1.0151509,2,3,0,15.497572,0.87256619,1.8887882,1.6480927,0.24069548,-52.032541,-38.73151,-48.889663,-27.125774,-26.274779,-40.139591,-48.889663,-30.96371,-40.139591,-32.051671,7,8,6,4,3,3,8,6,4,8,8,2,8,2,7,2,8,4,1,5,-1.2729886,0.058659923,1.7391046,0.10201574,1.6370889
-14.386588,1,1.0151509,2,3,0,15.075072,0.80660095,2.6337357,2.1243737,0.50936198,-53.517715,-39.003235,-48.829218,-27.599617,-26.966453,-41.211875,-48.829218,-31.225935,-41.211875,-34.783822,8,1,8,1,3,1,7,3,3,5,8,6,5,4,3,1,8,3,1,7,-1.4118928,0.81743571,1.4642056,1.1968939,0.26731165
-14.872518,0.82457157,1.0151509,1,3,0,16.077288,0.71008217,1.3884046,0.98588134,0.40252324,-41.301934,-32.467397,-37.575406,-25.458217,-25.297418,-34.583569,-37.575406,-27.568791,-34.583569,-32.548709,7,5,8,4,4,2,7,2,4,8,8,3,6,2,1,2,8,3,4,8,-0.60915765,0.40538259,6.7064178,2.718665,3.9877528
-14.907285,0.88470166,1.0151509,2,3,0,16.577005,0.58331791,2.4704392,1.4410514,1.0293878,-43.493312,-32.959173,-37.949972,-26.776806,-27.147403,-36.163108,-37.949972,-28.251297,-36.163108,-38.907574,8,5,6,7,1,5,5,6,1,8,7,2,7,3,7,2,8,2,2,6,-0.84213457,0.18775911,0.78254212,0.14692941,0.6356127
-14.804403,0.65701575,1.0151509,1,3,0,17.954194,0.84799165,1.8901439,1.6028263,0.28731767,-50.762033,-37.976068,-47.314878,-26.963107,-26.214155,-39.587865,-47.314878,-30.571373,-39.587865,-32.392064,7,2,7,4,5,2,8,5,1,6,8,2,8,3,5,1,8,1,2,8,-1.1257723,0.56893065,1.3563016,0.77164157,0.58466006
-16.54501,0.88035839,1.0151509,2,3,0,16.994517,0.43505925,1.9051445,0.82885076,1.0762938,-37.393054,-29.453248,-32.442345,-26.379487,-27.340298,-32.520371,-32.442345,-26.552414,-32.520371,-40.534554,8,3,8,6,2,1,8,6,1,8,8,3,7,8,4,2,6,4,2,7,-0.48661907,0.55672542,0.98178691,0.54658573,0.43520119
-15.95717,0.91945963,1.0151509,2,3,0,18.023438,0.85894757,1.1668931,1.0023,0.16459311,-43.821733,-34.522429,-41.490307,-25.554211,-24.888322,-35.702118,-41.490307,-28.55209,-35.702118,-29.635053,7,3,7,4,5,3,8,4,2,7,7,1,8,5,3,2,6,1,4,6,-1.2796637,0.68418428,1.3842307,0.94706891,0.43716183
-14.494597,1,1.0151509,2,3,0,16.079612,0.64647234,2.0510023,1.3259162,0.72508605,-43.689404,-33.368638,-38.758428,-26.373244,-26.458491,-36.168091,-38.758428,-28.291952,-36.168091,-36.240493,8,3,7,2,3,5,7,4,2,7,8,3,5,4,7,1,6,6,1,6,-0.6296471,0.66425352,1.0871228,0.72212512,0.36499764
-14.56821,0.8320951,1.0151509,1,3,0,16.092553,0.83299763,2.1555992,1.795609,0.35999018,-52.008675,-38.479401,-48.086924,-27.238353,-26.524165,-40.313451,-48.086924,-30.882187,-40.313451,-33.308613,8,4,6,8,7,5,7,3,3,8,8,2,7,4,4,2,6,2,4,5,-1.1857989,0.59167389,3.0878737,1.8270142,1.2608594
-14.451346,0.99708337,1.0151509,2,3,0,14.708715,0.81336478,2.7520808,2.2384456,0.51363522,-54.52268,-39.505305,-49.784511,-27.749616,-27.07859,-41.699288,-49.784511,-31.496048,-41.699288,-34.892957,7,3,6,5,3,3,6,3,2,8,6,2,7,3,4,4,7,5,3,5,-1.5353542,0.43461378,3.5800096,1.5559215,2.0240881
-14.343229,1,1.0151509,2,3,0,14.537401,0.7816841,1.959939,1.5320531,0.42788585,-48.209072,-36.338776,-44.062996,-26.691899,-26.212345,-38.448004,-44.062996,-29.742064,-38.448004,-33.574562,8,3,7,4,3,2,8,8,1,6,8,3,6,4,5,3,7,5,3,5,-0.87588079,0.30212765,3.3898277,1.0241607,2.365667
-14.833127,0.82931,1.0151509,1,3,0,16.020006,0.68324967,3.8274085,2.6150756,1.2123329,-51.667497,-37.277122,-45.229557,-27.861884,-27.780782,-40.610211,-45.229557,-30.536568,-40.610211,-39.260599,8,5,5,6,4,5,6,3,3,8,8,3,8,4,6,2,5,4,5,8,-2.149264,0.31689131,2.4808401,0.78615667,1.6946834
-14.304112,0.97154586,1.0151509,2,3,0,15.201432,0.78318132,2.7352553,2.1422008,0.59305445,-52.776139,-38.50123,-47.787947,-27.55824,-27.026523,-40.915304,-47.787947,-30.987474,-40.915304,-35.392611,8,1,7,2,3,2,8,4,2,5,8,2,6,8,6,1,7,3,1,4,-1.4093767,0.84615328,1.5995501,1.3534645,0.24608553
-14.321465,0.90083785,1.0151509,3,7,0,15.279526,0.67791352,2.4538654,1.6635085,0.79035686,-46.735538,-35.008868,-41.445245,-26.882393,-26.832508,-37.893945,-41.445245,-29.202908,-37.893945,-36.782691,4,2,5,7,4,1,7,3,4,7,8,4,7,7,4,4,7,2,3,7,-0.93702176,0.72642259,2.0427397,1.4838922,0.55884743
-14.373647,0.95398156,1.0151509,3,7,0,14.86933,0.71920538,1.8087953,1.3008953,0.50789999,-44.746738,-34.273441,-40.419057,-26.22144,-26.008002,-36.637835,-40.419057,-28.649912,-36.637835,-34.100712,7,3,6,5,3,6,7,3,3,7,7,2,7,4,6,2,8,1,4,7,-0.64662795,0.32778408,1.6605954,0.54431672,1.1162787
-15.026575,0.91916159,1.0151509,2,3,0,15.287934,0.79059248,1.3532574,1.0698751,0.28338228,-43.52913,-34.023346,-40.319737,-25.671197,-25.216246,-35.732525,-40.319737,-28.356293,-35.732525,-31.280852,7,1,5,4,4,5,6,3,2,6,8,2,8,6,7,5,8,7,1,8,-0.84017984,0.72260601,2.2454992,1.6226112,0.62288797
-15.870189,0.73069866,1.0151509,3,7,0,18.325956,0.79502515,1.04839,0.83349642,0.21489358,-40.288982,-32.320779,-37.647792,-24.92345,-24.499647,-33.779368,-37.647792,-27.325974,-33.779368,-29.731428,6,4,6,4,2,4,7,5,1,8,8,3,8,5,5,1,8,3,5,8,-1.1298888,0.61397925,1.1427187,0.70160554,0.44111311
-14.92973,1,1.0151509,2,3,0,15.772338,0.81003277,1.4623732,1.1845702,0.27780299,-45.297051,-35.039124,-42.063551,-25.992743,-25.450606,-36.704876,-42.063551,-28.92718,-36.704876,-31.480194,7,3,7,5,3,2,7,3,1,7,8,2,6,3,3,2,6,4,1,6,-0.88172317,0.52399775,8.5327191,4.4711256,4.0615935
-14.353003,0.99763561,1.0151509,3,7,0,14.997955,0.66885199,2.3511526,1.5725731,0.77857953,-45.928513,-34.572632,-40.717052,-26.757307,-26.747722,-37.446861,-40.717052,-28.964938,-37.446861,-36.695385,8,2,7,5,5,2,7,1,2,8,6,1,8,4,4,3,6,5,1,7,-0.84865153,0.72949369,1.7330587,1.2642554,0.46880332
-14.467119,0.9687766,1.0151509,2,3,0,14.740635,0.8034478,1.8928272,1.5207878,0.37203934,-48.678312,-36.697598,-44.790678,-26.706223,-26.141727,-38.634381,-44.790678,-29.910119,-38.634381,-33.043193,4,3,6,5,2,5,5,5,2,7,8,3,7,1,5,4,8,3,2,8,-0.92384039,0.30089049,3.5567561,1.0701941,2.486562
-14.427321,0.99411462,1.0151509,2,3,0,14.617164,0.66487275,2.7366601,1.8195307,0.91712937,-47.397952,-35.240808,-41.77701,-27.107189,-27.115364,-38.30115,-41.77701,-29.382368,-38.30115,-37.737044,8,5,7,5,5,3,7,6,1,7,7,3,7,4,5,1,6,2,5,6,-1.1388534,0.41613374,4.4593656,1.8556925,2.6036732
-14.280453,0.7654857,1.0151509,2,3,0,16.686216,0.71735183,2.8172976,2.0209936,0.79630401,-49.935409,-36.748295,-44.451619,-27.328233,-27.09559,-39.595135,-44.451619,-30.129046,-39.595135,-36.810673,8,1,7,6,3,2,8,3,1,5,7,1,8,5,4,2,7,3,3,7,-1.3003432,0.7122603,0.89816435,0.63972681,0.25843754
-15.177616,0.90484697,1.0151509,2,3,0,15.323938,0.71882748,4.5684933,3.2839585,1.2845348,-55.337691,-39.109397,-48.57804,-28.312881,-28.04985,-42.420532,-48.57804,-31.487429,-42.420532,-39.302379,8,4,4,5,1,2,5,4,3,6,8,1,8,4,5,3,8,5,3,8,-2.9168079,0.49807957,0.98019264,0.48821392,0.49197871
-14.933495,1,1.0151509,1,1,0,15.225928,0.75009497,4.2157336,3.1622006,1.053533,-56.285001,-39.769523,-49.904654,-28.310195,-27.894788,-42.809583,-49.904654,-31.778261,-42.809583,-38.211431,8,2,6,3,7,4,6,2,3,6,8,4,8,6,4,1,8,4,1,8,-2.659152,0.53416856,1.4628293,0.78139743,0.68143189
-14.393449,1,1.0151509,2,3,0,15.015632,0.66526504,2.1011385,1.397814,0.70332451,-44.579531,-33.90179,-39.646291,-26.46956,-26.475519,-36.661658,-39.646291,-28.565223,-36.661658,-36.034875,8,2,5,3,4,3,7,5,1,8,7,4,8,2,7,3,8,3,1,6,-0.68336452,0.34075127,1.8318006,0.62418839,1.2076122
-14.526533,0.97882774,1.0151509,1,1,0,14.531355,0.64169326,2.0270343,1.3007342,0.72630004,-43.41051,-33.207656,-38.495754,-26.335766,-26.440825,-36.009363,-38.495754,-28.206468,-36.009363,-36.254646,8,3,7,5,3,2,8,7,4,6,6,6,8,6,7,4,7,2,3,6,-0.61097692,0.53085614,1.6292496,0.86489717,0.76435247
-16.307201,0.72673984,1.0151509,2,5,0,17.020019,0.9308337,2.1626283,2.0130473,0.149581,-58.146912,-41.879288,-55.746462,-27.991447,-26.851428,-42.78219,-55.746462,-32.633342,-42.78219,-31.94934,7,4,8,8,4,1,4,3,2,8,7,3,6,4,6,1,8,3,3,6,-1.9604956,0.55023671,2.3682013,1.3030713,1.06513
-15.677375,0.98040352,1.0151509,2,3,0,16.791061,0.89689284,3.2229274,2.8906205,0.33230688,-62.862191,-43.689839,-58.881206,-28.771904,-27.676638,-45.18633,-58.881206,-33.65013,-45.18633,-34.245032,8,4,7,6,4,5,7,3,2,6,8,4,8,4,4,4,8,2,1,7,-2.440458,0.64425464,1.5376277,0.9906238,0.54700392
-17.415726,0.8490301,1.0151509,2,7,0,18.806551,0.6299559,7.2304873,4.5548882,2.6755992,-54.386857,-37.958409,-46.290656,-28.743748,-28.940368,-42.090597,-46.290656,-31.122346,-42.090597,-43.779726,8,1,6,6,3,4,8,7,3,8,7,2,7,6,4,2,8,4,3,5,-5.1718455,0.49379382,6.7125974,3.3146391,3.3979583
-15.324488,0.96517798,1.0151509,2,7,0,18.240371,0.57251375,1.5201982,0.87033438,0.64986384,-38.602885,-30.491128,-34.256071,-25.526077,-25.886846,-33.12424,-34.256071,-26.693207,-33.12424,-35.496375,7,5,4,5,4,3,6,5,2,7,7,8,6,6,6,1,7,7,2,8,-0.41091235,0.34072224,4.0000183,1.3628952,2.6371231
-14.2531,0.97843683,1.0151509,2,3,0,15.638577,0.72396048,2.0412008,1.4777487,0.56345209,-46.383128,-35.108097,-41.773738,-26.559253,-26.31767,-37.579899,-41.773738,-29.140356,-37.579899,-34.77133,8,6,5,5,7,1,5,7,2,7,8,2,8,3,4,2,4,1,2,7,-0.75863144,0.15604968,2.7173965,0.42404887,2.2933477
-14.269568,0.99574364,1.0151509,3,7,0,14.343284,0.78268957,2.5490789,1.9951375,0.55394144,-51.807298,-38.054173,-46.999824,-27.383289,-26.862918,-40.405984,-46.999824,-30.733146,-40.405984,-35.025062,8,5,4,5,3,3,8,6,3,8,8,4,6,4,6,1,8,2,5,7,-1.2589063,0.15868739,2.9613898,0.46993521,2.4914546
-14.252237,0.9314626,1.0151509,3,7,0,15.126619,0.73667354,2.0229369,1.4902441,0.53269281,-46.76758,-35.369345,-42.24962,-26.582052,-26.287604,-37.767023,-42.24962,-29.266275,-37.767023,-34.497299,7,3,8,7,3,2,6,7,5,8,6,4,8,6,5,2,7,2,4,7,-0.7788135,0.34357593,3.7078305,1.2739213,2.4339092
-14.508907,0.9741897,1.0151509,2,7,0,14.537997,0.69192665,3.25998,2.2556671,1.004313,-50.405357,-36.785992,-44.421762,-27.563769,-27.444053,-39.91374,-44.421762,-30.222042,-39.91374,-38.178156,8,3,6,7,5,1,5,3,3,7,6,1,8,5,4,2,8,2,4,8,-1.6388545,0.38687886,1.2573621,0.48644682,0.77091528
-14.54221,0.84233646,1.0151509,1,3,0,15.90888,0.82210242,1.9698294,1.6194015,0.35042788,-50.116215,-37.508559,-46.301391,-26.92207,-26.27235,-39.350171,-46.301391,-30.345898,-39.350171,-32.987005,8,2,8,4,5,1,8,4,3,4,8,2,8,5,4,2,8,4,1,7,-1.0348785,0.7169508,4.8487658,3.4763266,1.3724393
-15.014064,0.90502458,1.0151509,3,7,0,16.253956,0.63906984,3.7384918,2.3891574,1.3493345,-49.428051,-35.989299,-42.926755,-27.715797,-27.850184,-39.486398,-42.926755,-29.919888,-39.486398,-40.21839,8,5,6,8,2,4,7,6,1,8,7,2,6,6,4,4,7,6,3,7,-2.0021148,0.060665461,1.6289455,0.098820727,1.5301247
-14.671917,0.95889854,1.0151509,2,3,0,15.606367,0.61315719,2.4231046,1.485744,0.93736057,-44.283097,-33.484732,-38.840918,-26.74409,-26.98072,-36.586073,-38.840918,-28.473646,-36.586073,-38.08291,8,2,8,6,3,1,8,3,1,6,8,2,8,2,4,5,8,2,1,7,-0.83160534,0.83338812,3.6904579,3.0755838,0.61487412
-14.453727,0.99399288,1.0151509,2,3,0,14.834248,0.81766125,2.628305,2.1490632,0.47924184,-54.106681,-39.348041,-49.530063,-27.662537,-26.97944,-41.468695,-49.530063,-31.399862,-41.468695,-34.585717,7,3,6,4,2,4,7,3,5,7,8,2,8,3,5,2,8,4,2,6,-1.452835,0.40052036,4.1219256,1.6509151,2.4710105
-16.448545,0.88968048,1.0151509,2,3,0,16.587297,0.51044027,4.0799327,2.082562,1.9973707,-45.200405,-33.378457,-38.405824,-27.91646,-28.691701,-37.27713,-38.405824,-28.849126,-37.27713,-44.498466,7,2,6,5,2,4,8,5,2,6,7,2,6,5,4,3,7,1,3,8,-2.2433906,0.48511459,2.7198857,1.3194563,1.4004295
-15.443395,1,1.0151509,3,7,0,16.510385,0.61640576,4.1862108,2.5804044,1.6058064,-49.464826,-35.851102,-42.637952,-27.897902,-28.147718,-39.543504,-42.637952,-29.921107,-39.543504,-41.468749,8,4,7,7,4,3,8,4,3,8,8,4,7,6,5,3,8,3,4,5,-2.3990517,0.54102525,1.5213527,0.82309024,0.69826248
-16.897635,0.75544926,1.0151509,1,1,0,16.910425,0.53740545,5.2035596,2.7964213,2.4071383,-47.882659,-34.672506,-40.521038,-28.285708,-28.951734,-38.770902,-40.521038,-29.544071,-38.770902,-45.149523,8,2,8,7,3,1,7,5,1,7,5,6,8,5,3,4,5,6,1,8,-3.3039022,0.53634918,1.1087206,0.59466138,0.51405921
-15.547846,1,1.0151509,2,3,0,16.671036,0.59774992,4.1113822,2.4575784,1.6538038,-48.530264,-35.325342,-41.725515,-27.852166,-28.193744,-39.056832,-41.725515,-29.675032,-39.056832,-41.88357,7,5,5,5,3,3,6,4,2,7,7,5,8,3,4,1,6,4,3,8,-2.3116188,0.39957142,2.1555107,0.86128047,1.2942302
-15.205858,0.9881142,1.0151509,2,7,0,16.242433,0.66083486,1.28221,0.84732904,0.43488093,-39.064725,-31.076221,-35.337205,-25.124131,-25.14507,-33.278273,-35.337205,-26.815687,-33.278273,-32.751287,5,2,5,5,4,1,7,2,3,6,8,3,8,3,7,1,7,5,7,6,-0.5734073,0.40262456,3.220408,1.2966154,1.9237927
-16.290647,0.83620404,1.0151509,1,1,0,16.294179,0.64647607,0.95031498,0.61435589,0.33595909,-35.618716,-29.167399,-32.523064,-24.255938,-24.319613,-31.068777,-32.523064,-25.633347,-31.068777,-30.892371,7,3,7,4,6,4,8,2,2,5,6,6,4,6,4,2,7,1,2,7,-0.96648961,0.59909651,1.558918,0.93394235,0.62497569
-15.097267,0.93494218,1.0151509,2,3,0,17.245356,0.77807711,1.297989,1.0099355,0.28805347,-42.559906,-33.453166,-39.357777,-25.49467,-25.092354,-35.190052,-39.357777,-28.035806,-35.190052,-31.194165,6,5,7,3,5,3,6,8,4,8,7,3,8,5,6,2,7,4,1,8,-0.82502323,0.1989492,1.1935426,0.23745434,0.95608824
-14.28294,0.9757921,1.0151509,2,3,0,15.42837,0.78866335,2.3010246,1.8147338,0.48629083,-50.714329,-37.584061,-46.218407,-27.154987,-26.622222,-39.799536,-46.218407,-30.451046,-39.799536,-34.364869,6,6,7,5,5,2,7,7,4,8,8,2,7,5,3,2,8,3,4,8,-1.0984212,0.33140894,2.0929772,0.69363134,1.3993458
-15.783675,0.88919482,1.0151509,2,3,0,15.801443,0.57586201,4.1693935,2.4009953,1.7683982,-47.765975,-34.857481,-40.911101,-27.8758,-28.327157,-38.661234,-40.911101,-29.478713,-38.661234,-42.599476,8,4,7,4,1,6,7,5,4,8,6,2,5,7,4,2,8,5,1,6,-2.3507292,0.32251757,3.1959125,1.0307379,2.1651746
-17.409838,0.74105927,1.0151509,1,1,0,17.48259,0.53005099,5.8010869,3.0748718,2.7262151,-48.302905,-34.801542,-40.713328,-28.464328,-29.178988,-39.009479,-40.713328,-29.663854,-39.009479,-46.034203,8,5,6,8,3,3,4,5,4,6,6,4,8,8,4,1,5,5,4,6,-3.8500063,0.096649871,2.1250547,0.20538627,1.9196685
-16.443476,0.92379441,1.0151509,2,3,0,19.697689,0.72308531,0.8864132,0.64095236,0.24546084,-36.485824,-29.928337,-33.801802,-24.200864,-24.028733,-31.527632,-33.801802,-25.969553,-31.527632,-29.525831,6,4,7,6,3,2,6,4,4,7,8,5,7,2,5,2,8,6,3,6,-1.2460117,0.1743406,3.9042723,0.68067316,3.2235991
-19.405844,0.77282534,1.0151509,3,7,0,19.936698,0.73181828,11.056484,8.0913374,2.965147,-64.041599,-42.50131,-55.186747,-29.527486,-29.164916,-46.376346,-55.186747,-33.320281,-46.376346,-42.180439,8,1,4,8,5,3,4,5,2,8,7,2,8,6,5,5,8,5,3,7,-8.3126726,0.10197477,1.7169382,0.17508437,1.5418538
-20.303092,0.94932199,1.0151509,3,7,0,20.505507,0.76197145,0.47428408,0.36139093,0.11289315,-30.760234,-26.803044,-29.296925,-22.635673,-22.431051,-27.742588,-29.296925,-23.98876,-27.742588,-25.740468,8,4,8,5,2,5,8,2,2,7,8,5,8,5,4,2,7,5,1,7,-3.5372884,0.58887164,3.5770352,2.1064146,1.4706206
-18.295598,1,1.0151509,3,7,0,22.03076,0.756152,9.2811762,7.01798,2.2631963,-64.634115,-42.998434,-56.265037,-29.4876,-28.996179,-46.589212,-56.265037,-33.524781,-46.589212,-41.031755,8,5,6,3,3,2,7,5,2,8,7,2,8,6,6,2,8,3,3,7,-7.0642177,0.61671643,2.7847567,1.7174052,1.0673515
-15.416833,1,1.0151509,2,3,0,18.455411,0.75613495,1.1527531,0.87163691,0.2811162,-40.387285,-32.195365,-37.313284,-25.062077,-24.754396,-33.923516,-37.313284,-27.311745,-33.923516,-30.752907,6,1,6,6,3,2,7,4,1,7,8,7,7,2,5,2,6,2,1,8,-0.87404963,0.29618879,5.3898634,1.5964171,3.7934463
-15.770761,0.98251335,1.0151509,2,7,0,16.61895,0.49489002,2.077407,1.028088,1.049319,-39.476464,-30.656785,-34.301192,-26.440817,-27.170681,-33.797302,-34.301192,-27.106837,-33.797302,-39.73398,6,3,8,4,3,5,6,3,2,7,6,2,5,5,5,6,7,4,3,8,-0.55443513,0.47518788,2.6205582,1.2452575,1.3753007
-14.560002,0.97782881,1.0151509,2,3,0,16.127198,0.83260802,2.5775349,2.1460762,0.43145868,-54.682549,-39.71278,-50.31317,-27.710134,-26.962676,-41.695026,-50.31317,-31.578187,-41.695026,-34.239399,6,2,8,6,3,3,6,3,2,8,8,2,7,5,4,3,8,4,1,6,-1.4801882,0.76158439,2.0630224,1.5711656,0.49185674
-14.21302,0.96382952,1.0151509,1,3,0,15.05152,0.71706695,2.4218549,1.7366321,0.6852228,-48.153812,-35.917561,-43.066955,-26.968413,-26.745569,-38.60667,-43.066955,-29.639669,-38.60667,-35.932607,7,5,7,7,2,3,6,3,1,8,8,1,7,6,6,2,8,3,2,4,-0.9869543,0.29190835,2.5120306,0.73328271,1.7787479
-14.649384,0.79367316,1.0151509,3,7,0,16.183938,0.83040753,1.8808246,1.5618509,0.31897369,-49.826222,-37.417928,-46.202896,-26.840218,-26.16531,-39.160022,-46.202896,-30.279822,-39.160022,-32.613843,4,4,7,4,4,1,7,5,1,7,8,2,7,3,8,2,8,1,2,7,-1.0334868,0.57020975,0.79214039,0.45168618,0.34045422
-15.739462,0.7717954,1.0151509,2,3,0,17.404946,0.6620439,1.0812655,0.71584525,0.36542029,-37.278507,-30.126717,-33.945678,-24.642787,-24.658244,-32.130723,-33.945678,-26.211514,-32.130723,-31.565222,5,7,7,5,6,2,7,2,4,6,8,1,8,4,5,2,7,5,1,8,-0.76591369,0.39358479,2.1131133,0.83168926,1.281424
-16.396115,0.88435646,1.0151509,1,1,0,16.529223,0.68751572,0.90294054,0.62078582,0.28215472,-35.930286,-29.485966,-33.071787,-24.176045,-24.111873,-31.218163,-33.071787,-25.754049,-31.218163,-30.048031,8,3,8,5,4,5,8,5,2,6,6,3,8,7,6,2,7,3,1,7,-1.1346366,0.66515318,3.8474728,2.5591587,1.288314
-16.702484,0.97983137,1.0151509,2,7,0,17.237826,0.72877587,6.8577212,4.9977417,1.8599795,-59.917251,-41.001527,-52.160752,-28.981308,-28.650459,-44.585773,-52.160752,-32.516021,-44.585773,-40.755281,6,5,5,4,4,5,6,4,2,8,8,4,8,5,4,1,7,2,1,7,-5.0173776,0.22642219,1.1876204,0.26890362,0.91871678
-15.007675,0.98146358,1.0151509,2,7,0,17.340644,0.56937707,2.2626152,1.2882812,0.97433397,-42.25248,-32.29968,-36.912816,-26.566149,-26.988838,-35.430004,-36.912816,-27.882105,-35.430004,-38.594689,7,3,7,4,3,4,7,5,1,6,8,4,8,5,3,1,8,4,4,7,-0.68673034,0.73804732,5.1464195,3.7983011,1.3481184
-16.085745,0.89710089,1.0151509,2,7,0,16.421749,0.92162752,1.9036111,1.7544204,0.14919072,-55.07045,-40.436872,-52.708171,-27.524092,-26.465572,-41.383334,-52.708171,-31.852421,-41.383334,-31.454523,8,1,8,7,2,2,8,7,2,8,8,3,8,5,5,2,8,4,3,5,-1.7105608,0.33929024,1.3425808,0.45552456,0.88705622
-16.279415,0.99827304,1.0151509,1,1,0,16.363636,0.92975828,2.0899572,1.943155,0.14680218,-57.404204,-41.542547,-55.041883,-27.879021,-26.75492,-42.44305,-55.041883,-32.450873,-42.44305,-31.801655,8,4,6,6,5,5,7,4,6,8,8,1,8,6,3,3,7,6,1,7,-1.9036904,0.3472497,2.5493527,0.88526197,1.6640907
-14.256325,0.95001691,1.0151509,2,5,0,19.030468,0.74196162,2.0121977,1.4929734,0.51922423,-46.910328,-35.469865,-42.436089,-26.588397,-26.272186,-37.834126,-42.436089,-29.313959,-37.834126,-34.375536,6,3,7,5,4,2,6,4,5,8,8,2,8,4,3,2,6,2,3,6,-0.78643802,0.19848165,2.4366057,0.48362152,1.9529842
-15.430762,0.73746952,1.0151509,1,3,0,16.997184,0.88138311,3.3373482,2.9414824,0.39586587,-62.164782,-43.293022,-57.813911,-28.71859,-27.690442,-44.987319,-57.813911,-33.45933,-44.987319,-34.647708,8,6,6,6,1,6,6,5,4,7,8,1,6,5,4,4,8,7,2,6,-2.4216759,0.2706961,1.9957913,0.54025292,1.4555384
-14.346902,1,1.0151509,2,3,0,15.34809,0.80220452,2.5156594,2.0180733,0.49758605,-52.635111,-38.568984,-48.02513,-27.45865,-26.85247,-40.770062,-48.02513,-30.98819,-40.770062,-34.618621,6,7,5,4,6,3,6,4,2,7,8,1,8,4,5,3,8,4,3,7,-1.3027177,0.44616105,1.6193835,0.72250582,0.89687763
-14.38862,0.83363251,1.0151509,3,7,0,16.599883,0.6797441,1.9457389,1.3226046,0.62313438,-44.226108,-33.804912,-39.541743,-26.304044,-26.249704,-36.420562,-39.541743,-28.465038,-36.420562,-35.257177,8,1,6,2,6,4,7,2,1,6,7,2,7,2,3,2,8,4,3,8,-0.62586059,0.71317431,3.8057421,2.7141575,1.0915846
-14.939227,0.8014053,1.0151509,1,3,0,16.341039,0.75616237,4.2185398,3.1899011,1.0286387,-56.658056,-39.976419,-50.313819,-28.342419,-27.89669,-42.975319,-50.313819,-31.879405,-42.975319,-38.08152,7,3,8,7,6,3,6,3,5,8,8,1,8,6,8,2,7,2,2,6,-2.6783252,0.51278856,2.7739696,1.4224599,1.3515097
-14.265434,0.9352204,1.0151509,1,3,0,15.617573,0.77817326,2.1691152,1.6879475,0.48116776,-49.422349,-36.903674,-44.995699,-26.946921,-26.467994,-39.132112,-44.995699,-30.07846,-39.132112,-34.209338,5,4,5,6,6,1,5,8,4,8,8,4,8,6,6,2,8,4,3,7,-0.97819381,0.38891806,1.8959187,0.737357,1.1585617
-14.440025,0.98144345,1.0151509,2,3,0,14.488157,0.78636322,3.1289662,2.460504,0.66846228,-54.736567,-39.400947,-49.417367,-27.889874,-27.326608,-41.914881,-49.417367,-31.490122,-41.914881,-36.026668,6,2,5,5,3,2,6,3,3,8,7,4,6,3,8,2,8,5,1,7,-1.7591609,0.57828338,3.4237501,1.9798978,1.4438523
-17.683906,0.71850958,1.0151509,2,3,0,18.026059,0.83368529,7.7802004,6.4862387,1.2939618,-69.95812,-45.75121,-62.633303,-29.834221,-28.929196,-48.505395,-62.633303,-34.809816,-48.505395,-38.642471,7,2,6,4,3,2,5,4,3,8,7,1,8,4,6,3,8,5,4,6,-6.1520776,0.19563091,1.7649492,0.34527862,1.4196706
-19.008292,0.81406986,1.0151509,1,1,0,19.226314,0.84862002,9.560279,8.1130442,1.4472348,-74.007523,-47.245331,-66.313403,-30.214132,-29.208396,-49.933904,-66.313403,-35.542097,-49.933904,-38.857236,8,7,5,6,1,3,6,3,2,7,8,3,6,5,4,1,8,1,2,8,-7.6388858,0.54787214,2.7110573,1.4853128,1.2257445
-17.303557,1,1.0151509,2,3,0,19.143395,0.87910902,6.3131338,5.5499328,0.76320093,-72.111952,-46.995582,-66.02331,-29.94861,-28.821018,-49.085752,-66.02331,-35.382438,-49.085752,-37.060641,7,6,6,3,5,3,8,4,2,8,8,2,8,4,3,2,8,5,2,6,-5.1610081,0.42114446,2.4298722,1.0233272,1.406545
-16.157288,1,1.0151509,3,7,0,17.206688,0.82942377,5.5890849,4.6357199,0.95336504,-65.44315,-44.11455,-58.96826,-29.314475,-28.466317,-46.708574,-58.96826,-33.970583,-46.708574,-37.664814,7,3,6,4,3,3,4,5,3,8,8,3,8,3,7,2,4,5,2,6,-4.2226491,0.24952939,5.78909,1.4445481,4.3445419
-16.001764,1,1.0151509,2,3,0,16.487616,0.78628147,5.744588,4.5168631,1.2277249,-62.253848,-42.476027,-55.293597,-29.048579,-28.424044,-45.493355,-55.293597,-33.180671,-45.493355,-38.702829,8,4,6,6,3,2,6,5,2,7,7,3,8,4,7,3,8,1,2,6,-4.1923444,0.18536418,3.9772029,0.73723097,3.2399719
-15.370248,0.66730133,1.0151509,1,3,0,20.513183,0.85992794,1.4486189,1.2457079,0.20291103,-47.163665,-36.259754,-44.424361,-26.237925,-25.508731,-37.583985,-44.424361,-29.565969,-37.583985,-30.80146,6,3,8,3,1,5,4,4,4,7,8,2,8,5,2,2,7,2,3,7,-1.1292071,0.12604343,1.4537149,0.18323122,1.2704837
-15.024991,0.96014497,1.0151509,3,7,0,16.395536,0.60442633,3.2924601,1.9900496,1.3024105,-46.863155,-34.631775,-40.621396,-27.422619,-27.718321,-38.108208,-40.621396,-29.220546,-38.108208,-40.333334,7,2,7,7,6,2,7,3,5,8,7,3,7,4,5,2,4,6,2,7,-1.5535409,0.74376911,2.3452393,1.7443166,0.60092275
-14.396139,0.99585475,1.0151509,3,7,0,15.131214,0.80818262,2.1483384,1.7362498,0.41208864,-50.701922,-37.703166,-46.545271,-27.080395,-26.473791,-39.720437,-46.545271,-30.482356,-39.720437,-33.672907,7,3,3,6,5,3,4,5,3,8,8,2,7,6,3,3,8,3,4,6,-1.0731434,0.44663868,1.7939927,0.80126652,0.99272614
-14.990592,0.93629972,1.0151509,2,7,0,15.138237,0.7412341,4.3101851,3.1948561,1.1153289,-56.008933,-39.578946,-49.517353,-28.307979,-27.935371,-42.697857,-49.517353,-31.693255,-42.697857,-38.511975,6,3,5,5,4,1,6,4,2,8,8,3,8,4,6,4,8,2,1,8,-2.7254201,0.15596467,2.2274461,0.34740289,1.8800432
-14.960557,0.99358857,1.0151509,2,7,0,15.36585,0.6553784,3.8158811,2.500846,1.315035,-50.339693,-36.499531,-43.824945,-27.785778,-27.840954,-39.953738,-43.824945,-30.168291,-39.953738,-39.923867,7,2,7,1,7,2,7,3,4,7,8,2,8,4,4,4,6,3,5,7,-2.0957493,0.48439497,2.6584828,1.2877557,1.3707271
-16.269704,0.84241199,1.0151509,3,7,0,16.825964,0.91178879,1.4214537,1.2960656,0.12538814,-49.225445,-37.573418,-47.19956,-26.518874,-25.598957,-38.472466,-47.19956,-30.25485,-38.472466,-30.102699,8,5,7,6,4,3,6,3,1,7,8,2,8,3,6,2,7,3,1,7,-1.5392797,0.60011149,3.11867,1.8715497,1.2471203
-14.506665,1,1.0151509,2,3,0,16.105192,0.82686397,2.2276501,1.8419636,0.38568649,-52.179202,-38.520509,-48.112867,-27.289355,-26.595232,-40.429639,-48.112867,-30.915944,-40.429639,-33.576425,7,3,8,4,6,3,8,2,3,5,8,4,7,5,6,2,8,3,2,5,-1.2020136,0.9625753,0.66878494,0.64375587,0.025029078
-14.302078,0.99873638,1.0151509,3,7,0,14.562037,0.72526215,2.9257441,2.1219314,0.80381265,-50.73921,-37.168787,-45.195525,-27.444234,-27.172907,-40.011618,-45.195525,-30.354325,-40.011618,-36.864063,8,1,6,6,1,5,3,4,1,4,8,5,7,3,6,2,4,6,2,8,-1.4101516,0.33867069,1.7448496,0.59092941,1.1539202
-14.722599,0.95695175,1.0151509,2,3,0,14.802032,0.64546031,1.6564963,1.0692026,0.58729368,-41.391848,-32.21645,-36.996803,-25.80944,-25.893112,-34.767056,-36.996803,-27.574886,-34.767056,-34.785384,7,2,6,5,3,2,6,3,1,8,6,2,8,5,4,5,5,1,2,8,-0.48448426,0.52113696,1.9196082,1.0003788,0.91922943
-14.533277,0.85220386,1.0151509,2,3,0,16.456063,0.77657461,3.4132954,2.6506785,0.76261686,-55.299632,-39.570535,-49.669791,-28.026336,-27.499787,-42.234551,-49.669791,-31.606077,-42.234551,-36.647497,6,3,7,7,4,2,7,4,4,6,8,1,7,4,6,1,8,3,1,7,-1.9846972,0.60069948,3.9156862,2.3521507,1.5635355
-14.45808,0.96827806,1.0151509,2,7,0,15.008852,0.82110226,2.2849189,1.876152,0.40876681,-52.251221,-38.516935,-48.063647,-27.321803,-26.64806,-40.491945,-48.063647,-30.923943,-40.491945,-33.800849,7,4,8,5,7,5,3,3,3,8,8,1,8,6,7,1,7,1,2,5,-1.2138866,0.60775542,1.6276142,0.98919134,0.63842283
-15.19978,0.91981942,1.0151509,2,3,0,15.514009,0.56031214,1.7873488,1.0014732,0.78587556,-39.818946,-31.063481,-35.05734,-25.966208,-26.396937,-33.922129,-35.05734,-27.111491,-33.922129,-36.998314,7,1,7,2,6,1,5,4,2,8,7,3,8,7,3,2,7,7,3,8,-0.44099046,0.61654214,2.0089572,1.2386068,0.77035041
-15.37544,0.95467073,1.0151509,2,3,0,16.196524,0.71236728,1.1641932,0.82933311,0.33486005,-39.316033,-31.426968,-36.005176,-24.959197,-24.801436,-33.344737,-36.005176,-26.92092,-33.344737,-31.376518,7,3,6,6,1,2,7,2,4,7,7,2,8,4,6,1,6,5,4,4,-0.75691204,0.40302716,2.5735722,1.0372195,1.5363527
-14.435998,0.97667212,1.0151509,3,7,0,16.057735,0.67772326,2.9474297,1.9975417,0.94988803,-48.706886,-35.924008,-42.935383,-27.305242,-27.253978,-39.010985,-42.935383,-29.753345,-39.010985,-37.90761,8,4,7,6,4,1,4,6,3,8,7,4,5,5,3,2,7,3,2,7,-1.3370828,0.16375295,3.1685927,0.51886639,2.6497263
-14.231105,0.99995697,1.0151509,2,3,0,14.458019,0.73476237,2.6938917,1.9793703,0.71452145,-50.200092,-36.987217,-44.926956,-27.291625,-26.982307,-39.692477,-44.926956,-30.224482,-39.692477,-36.212204,6,5,5,7,4,4,6,4,4,8,7,5,8,5,4,3,8,4,4,8,-1.237773,0.2171989,2.6869011,0.58359198,2.1033092
-14.569879,0.95440749,1.0151509,2,3,0,14.678976,0.77283422,3.5081215,2.7111963,0.79692515,-55.42791,-39.596073,-49.696143,-28.064009,-27.552637,-42.311853,-49.696143,-31.628548,-42.311853,-36.856169,6,2,7,6,6,1,7,4,2,6,7,3,8,3,3,2,8,3,1,8,-2.0604171,0.86001313,2.2281312,1.9162221,0.31190911
-14.933897,0.86485522,1.0151509,3,7,0,16.095412,0.7083181,1.3561894,0.9606135,0.39557591,-40.976038,-32.288742,-37.296983,-25.386613,-25.233726,-34.386399,-37.296983,-27.462532,-34.386399,-32.421986,5,3,6,5,5,3,4,5,1,7,8,4,8,5,7,4,7,1,2,6,-0.61747946,0.377032,2.119822,0.79924071,1.3205813
-15.22493,0.97207012,1.0151509,3,7,0,15.837899,0.81520851,4.3348106,3.5337745,0.80103614,-60.947106,-42.248203,-55.012395,-28.755693,-28.011124,-44.796773,-55.012395,-33.002633,-44.796773,-36.968141,8,3,6,7,3,2,7,5,4,6,8,1,7,3,7,3,5,3,4,7,-2.990248,0.35785272,1.7283547,0.61849643,1.1098583
-17.027307,0.79207625,1.0151509,3,7,0,18.133144,0.80980544,7.0839904,5.736654,1.3473364,-66.580085,-44.309812,-59.26021,-29.519344,-28.752207,-47.256712,-59.26021,-34.105383,-47.256712,-38.89571,6,6,7,6,2,3,8,3,5,8,7,3,7,4,4,3,7,2,2,8,-5.4614208,0.24576878,1.3305985,0.32701956,1.0035789
-14.510025,0.92296311,1.0151509,3,7,0,18.520359,0.64930217,2.7506568,1.7860074,0.96464936,-46.844845,-34.890203,-41.163127,-27.087309,-27.166544,-38.016891,-41.163127,-29.219272,-38.016891,-38.111754,8,4,7,3,8,3,7,5,5,7,7,2,8,4,3,2,6,1,2,7,-1.1286888,0.38601215,1.1200555,0.43235504,0.68770049
-14.232459,0.96589666,1.0151509,1,3,0,14.909109,0.76091468,2.1466404,1.6334102,0.51323023,-48.520602,-36.364039,-43.999374,-26.838362,-26.434897,-38.687954,-43.999374,-29.799646,-38.687954,-34.437633,8,1,8,3,2,1,7,5,3,6,8,5,8,5,4,3,8,4,1,5,-0.91211781,0.88904975,2.1390803,1.9017488,0.23733148
-14.21462,0.98418227,1.0151509,3,7,0,14.422664,0.72359041,2.5433031,1.8403098,0.70299337,-49.011211,-36.361817,-43.829207,-27.110849,-26.855963,-39.068797,-43.829207,-29.885671,-39.068797,-36.096739,7,6,7,7,6,3,7,1,1,5,7,1,7,5,4,5,5,3,4,8,-1.0924009,0.58917965,1.853475,1.0920298,0.76144524
-14.567376,0.93457364,1.0151509,2,3,0,14.806456,0.63442711,2.0247694,1.2845686,0.74020082,-43.166456,-33.051635,-38.234566,-26.322651,-26.458238,-35.875619,-38.234566,-28.131694,-35.875619,-36.391332,7,5,8,3,5,4,8,3,1,5,6,1,7,2,4,2,7,7,5,8,-0.60111319,0.88228248,1.0643491,0.93905659,0.12529254
-16.956875,0.80336869,1.0151509,3,7,0,17.271048,0.66568856,0.8096973,0.53900623,0.27069107,-34.389318,-28.55441,-31.683512,-23.835574,-23.838427,-30.232277,-31.683512,-25.203173,-30.232277,-29.597647,8,1,7,3,3,2,5,1,4,7,8,3,6,5,1,4,7,4,2,7,-1.3608598,0.57211455,1.6547169,0.94668762,0.70802929
-15.609286,0.9810038,1.0151509,3,7,0,17.24901,0.66275963,1.1218111,0.74349113,0.37832,-37.683831,-30.347877,-34.270512,-24.748512,-24.761787,-32.39134,-34.270512,-26.35024,-32.39134,-31.806175,5,3,3,3,4,3,6,4,4,7,8,5,8,4,5,1,8,6,3,8,-0.71591536,0.23562055,5.1227329,1.2070212,3.9157117
-14.764141,0.96445261,1.0151509,2,3,0,16.666654,0.6449813,3.3355844,2.1513896,1.1841949,-48.59402,-35.65999,-42.399874,-27.497762,-27.601024,-39.014496,-42.399874,-29.700684,-39.014496,-39.400435,8,4,3,7,3,6,8,1,3,8,6,1,7,2,5,3,7,3,5,5,-1.6360646,0.1349061,1.536515,0.20728524,1.3292297
-15.201229,0.9148269,1.0151509,3,7,0,16.060012,0.85775208,3.5864352,3.0762723,0.51016297,-61.440946,-42.813641,-56.534468,-28.686032,-27.758778,-44.809012,-56.534468,-33.236679,-44.809012,-35.362455,7,2,6,5,7,3,7,5,1,7,6,1,8,4,6,3,8,4,2,5,-2.4969536,0.58030469,2.2614918,1.3123543,0.9491375
-15.52841,0.99776356,1.0151509,3,7,0,15.938865,0.8987835,2.7305029,2.454131,0.27637194,-60.070942,-42.534526,-56.518579,-28.367081,-27.303552,-43.91537,-56.518579,-33.028993,-43.91537,-33.48064,8,2,4,5,1,2,6,4,5,8,8,2,8,4,7,2,8,1,3,8,-2.0295878,0.2580226,2.3146976,0.59724429,1.7174533
-15.498491,0.98724145,1.0151509,3,7,0,15.938651,0.89424058,2.9295331,2.6197074,0.30982571,-60.961992,-42.883261,-57.160099,-28.510311,-27.450426,-44.355313,-57.160099,-33.222736,-44.355313,-33.867979,8,1,6,4,7,4,8,5,2,7,8,1,8,6,8,2,7,3,2,7,-2.1586273,0.70182955,2.7409114,1.9236526,0.8172588
-15.120087,1,1.0151509,1,1,0,15.474692,0.8782221,2.6332553,2.312583,0.32067229,-57.935505,-41.474502,-54.115277,-28.100044,-27.140252,-43.051264,-54.115277,-32.481249,-43.051264,-33.623736,7,3,8,4,3,1,8,3,3,6,7,3,8,5,7,2,7,2,3,7,-1.7889959,0.80425737,1.8798528,1.5118854,0.36796732
-14.871279,0.88891187,1.0151509,2,3,0,16.72831,0.85802736,2.7930838,2.3965423,0.39654147,-57.521304,-41.154575,-53.261653,-28.094943,-27.215071,-42.970386,-53.261653,-32.335898,-42.970386,-34.220974,8,3,5,4,3,3,7,4,5,8,8,2,8,4,5,2,8,2,1,8,-1.7895292,0.4947845,2.1626582,1.0700498,1.0926085
-14.429748,0.99155618,1.0151509,2,3,0,15.013802,0.81307937,2.1275442,1.7298623,0.39768189,-50.802165,-37.781752,-46.714397,-27.082122,-26.45619,-39.755246,-46.714397,-30.518579,-39.755246,-33.543519,7,4,5,4,2,5,7,5,5,8,6,1,5,4,5,3,7,4,1,5,-1.0806417,0.085406265,1.3958107,0.11921098,1.2765997
-14.390915,0.95349693,1.0151509,3,7,0,15.015559,0.6603951,2.3574887,1.556874,0.80061474,-45.648025,-34.390867,-40.401222,-26.74575,-26.773276,-37.301146,-40.401222,-28.879456,-37.301146,-36.885233,8,4,7,3,3,7,7,4,4,8,7,1,6,7,6,2,8,3,3,8,-0.84060568,0.16639756,2.3386976,0.38915357,1.949544
-15.260596,0.83656864,1.0151509,2,3,0,15.938894,0.68363256,1.2274593,0.83913113,0.38832816,-39.169927,-31.226756,-35.623134,-25.043435,-24.983577,-33.305028,-35.623134,-26.85702,-33.305028,-32.119738,7,7,5,6,3,3,6,3,4,7,6,3,8,6,3,3,8,7,3,8,-0.64684392,0.44036597,1.1950162,0.52624448,0.66877176
-16.855716,0.85329589,1.0151509,2,3,0,17.211896,0.7777889,7.0411379,5.4765189,1.564619,-63.794708,-42.954062,-56.235689,-29.288796,-28.69437,-46.188865,-56.235689,-33.453495,-46.188865,-39.624597,8,2,8,5,5,1,7,3,2,8,8,1,8,5,5,1,8,4,2,7,-5.309491,0.88740284,3.4723417,3.0813659,0.39097582
-15.677082,0.97907896,1.0151509,2,7,0,18.118141,0.50335813,2.2826874,1.1490093,1.1336781,-40.475248,-31.172656,-35.070961,-26.662127,-27.374589,-34.420337,-35.070961,-27.417889,-34.420337,-40.298076,7,2,6,8,5,4,5,6,2,8,8,1,6,6,5,2,7,5,1,8,-0.68068178,0.16343122,1.7196688,0.28104756,1.4386212
-14.384902,0.98733849,1.0151509,2,3,0,15.804847,0.66785405,2.6097653,1.7429423,0.86682298,-47.012181,-35.079139,-41.525298,-27.004232,-26.998883,-38.074612,-41.525298,-29.27541,-38.074612,-37.377354,7,6,8,5,4,2,8,6,2,8,6,4,7,2,6,1,7,2,2,6,-1.040791,0.41659185,1.6203634,0.67503018,0.94533319
-14.370311,0.99582176,1.0151509,2,3,0,14.502437,0.76423348,1.8327317,1.4006349,0.43209676,-46.595621,-35.443229,-42.49326,-26.42774,-26.029474,-37.590245,-42.49326,-29.250201,-37.590245,-33.455728,8,2,5,4,1,5,8,1,3,4,7,1,4,4,6,3,7,2,2,8,-0.7688911,0.48934375,1.3655485,0.66822264,0.69732589
-14.476736,0.87023162,1.0151509,2,3,0,15.677826,0.81602092,2.0315017,1.6577479,0.37375381,-50.275265,-37.547994,-46.328135,-26.972547,-26.342551,-39.460074,-46.328135,-30.379135,-39.460074,-33.246512,8,1,7,4,6,2,8,3,2,6,7,3,7,6,6,2,6,3,1,8,-1.0395442,0.55155175,2.1311134,1.1754193,0.95569404
-14.348683,0.9633137,1.0151509,2,3,0,14.908768,0.76865236,3.0169462,2.3189828,0.6979634,-53.285262,-38.625447,-47.927487,-27.710818,-27.23493,-41.231376,-47.927487,-31.089251,-41.231376,-36.176216,8,5,5,5,4,2,5,4,2,8,4,3,8,8,3,4,8,3,1,5,-1.6032303,0.4800545,2.6738791,1.2836077,1.3902714
-14.348683,0.78015747,1.0151509,1,3,0,16.339439,0.76865236,3.0169462,2.3189828,0.6979634,-53.285262,-38.625447,-47.927487,-27.710818,-27.23493,-41.231376,-47.927487,-31.089251,-41.231376,-36.176216,7,4,7,5,4,4,5,5,3,8,8,1,8,2,6,3,8,3,2,8,-1.6032303,0.23287162,3.8232105,0.89031723,2.9328933
-14.259032,0.99524984,1.0151509,2,7,0,14.446272,0.78264807,2.3824381,1.8646106,0.51782752,-50.895396,-37.62983,-46.262789,-27.212917,-26.701746,-39.918379,-46.262789,-30.489496,-39.918379,-34.657494,6,7,7,6,4,3,8,7,1,6,8,4,8,6,4,3,8,3,3,8,-1.1346999,0.47314802,1.3723835,0.64934053,0.72304297
-14.246119,0.97703269,1.0151509,1,3,0,14.513177,0.7046108,2.2034371,1.5525656,0.65087153,-46.547019,-35.075588,-41.646895,-26.692,-26.528482,-37.723139,-41.646895,-29.169393,-37.723139,-35.591919,7,4,7,2,5,4,8,1,4,7,8,2,8,3,4,3,7,1,4,6,-0.8123896,0.83127695,0.87709233,0.72910664,0.14798569
-15.15353,0.78355904,1.0151509,2,3,0,16.226671,0.86113947,1.6284469,1.4023199,0.226127,-49.057252,-37.217044,-46.08957,-26.60466,-25.83947,-38.615468,-46.08957,-30.116957,-38.615468,-31.418391,7,1,7,6,6,2,6,1,4,6,8,4,7,4,7,1,8,1,1,7,-1.1299199,0.49559757,1.0014113,0.49629703,0.50511432
-15.970188,0.96509143,1.0151509,2,3,0,16.098021,0.49693697,2.97585,1.4788099,1.4970401,-42.420938,-32.067474,-36.374889,-27.3016,-28.092831,-35.636672,-36.374889,-28.050083,-35.636672,-42.602981,7,7,7,3,3,4,3,5,2,7,8,2,8,6,5,1,8,4,4,7,-1.2267193,0.41917255,1.1833647,0.49603399,0.6873307
-14.611779,1,1.0151509,2,7,0,15.969499,0.7472922,1.552647,1.160281,0.39236602,-43.840387,-33.96278,-40.036788,-25.895455,-25.584244,-36.031285,-40.036788,-28.400648,-36.031285,-32.708184,6,4,7,6,6,4,5,3,4,8,6,4,8,2,7,1,6,3,1,4,-0.66901977,0.62646521,1.2619388,0.79056076,0.47137804
-14.939434,0.95574166,1.0151509,2,7,0,15.492534,0.86051448,2.9127088,2.5064281,0.4062807,-58.360718,-41.537615,-54.029961,-28.218774,-27.318611,-43.359324,-54.029961,-32.541818,-43.359324,-34.378539,8,4,8,6,3,3,6,2,4,7,8,3,8,2,6,2,8,5,1,6,-1.905791,0.71487328,2.2664323,1.6202119,0.64622041
-14.746889,1,1.0151509,2,3,0,15.189539,0.81462181,3.4972536,2.848939,0.64831454,-57.980334,-41.022668,-52.620828,-28.31217,-27.59904,-43.406422,-52.620828,-32.336465,-43.406422,-36.032721,7,5,7,4,5,2,6,4,5,5,8,1,8,5,3,2,7,2,2,7,-2.2009821,0.23845152,1.662249,0.3963658,1.2658832
-15.178248,0.97388513,1.0151509,2,3,0,15.509086,0.57231173,1.6723469,0.95710376,0.71524317,-39.502898,-30.950146,-34.922315,-25.785218,-26.158969,-33.702355,-34.922315,-26.994472,-33.702355,-36.23641,1,1,7,5,5,3,7,3,1,7,6,3,8,4,5,1,6,5,2,6,-0.41971617,0.49701441,0.99362345,0.49384518,0.49977827
-16.573466,0.86242347,1.0151509,2,3,0,17.346616,0.86573308,5.5763789,4.8276557,0.74872325,-68.83625,-45.719698,-62.860264,-29.619053,-28.580058,-47.908818,-62.860264,-34.750266,-47.908818,-36.92075,7,2,7,4,1,3,4,3,3,7,8,3,8,5,6,2,8,3,1,8,-4.407535,0.20165054,0.88171559,0.17779842,0.70391717
-14.571071,0.98045878,1.0151509,2,3,0,16.847195,0.82963693,2.758524,2.2885734,0.4699506,-55.518589,-40.06745,-50.943188,-27.86112,-27.114833,-42.129613,-50.943188,-31.781245,-42.129613,-34.62799,8,8,5,3,5,5,8,2,1,7,8,4,7,6,4,1,8,1,1,8,-1.6121051,0.83435287,1.0295145,0.85897835,0.17053612
-14.404587,0.90989265,1.0151509,3,7,0,15.92066,0.72137491,1.7628562,1.2716802,0.49117595,-44.512629,-34.167833,-40.25994,-26.158634,-25.938217,-36.494332,-40.25994,-28.581008,-36.494332,-33.903011,4,3,6,7,2,3,7,6,3,8,8,3,8,3,3,2,8,3,4,7,-0.63731052,0.34373018,3.2802566,1.1275232,2.1527334
-15.493572,0.86732196,1.0151509,2,3,0,15.770405,0.7908199,1.1583288,0.9160295,0.24229935,-41.466831,-32.935237,-38.593893,-25.206724,-24.778691,-34.502534,-38.593893,-27.703063,-34.502534,-30.361913,8,5,6,4,3,2,5,4,3,5,8,1,8,4,5,2,8,3,1,7,-0.97685575,0.424262,2.3069992,0.97877211,1.3282271
-15.538428,0.9561057,1.0151509,2,3,0,16.678714,0.88664478,1.6070281,1.4248631,0.18216503,-50.077784,-37.862377,-47.46109,-26.733124,-25.870799,-39.045408,-47.46109,-30.45103,-39.045408,-31.030073,8,3,6,4,3,4,7,3,6,8,7,3,8,4,7,1,6,2,2,6,-1.3016705,0.40001924,2.9312561,1.1725588,1.7586973
-16.363253,0.99062034,1.0151509,2,3,0,16.553394,0.92705831,1.6921894,1.5687582,0.12343116,-53.205161,-39.590588,-51.153716,-27.198018,-26.157334,-40.428433,-51.153716,-31.37514,-40.428433,-30.808616,8,1,7,7,3,2,8,5,2,3,8,1,8,4,5,2,4,3,4,5,-1.7097496,0.59585111,1.197396,0.71346971,0.48392626
-18.218214,0.90366025,1.0151509,3,7,0,18.369272,0.47610736,5.9201057,2.8186059,3.1014998,-46.370364,-33.702107,-38.824899,-28.639605,-29.641625,-37.98067,-38.824899,-29.254876,-37.98067,-48.184328,7,3,6,4,4,3,4,3,2,8,7,4,8,6,3,1,8,2,5,7,-3.9563156,0.14068725,1.158233,0.16294862,0.99528441
-19.747846,0.987979,1.0151509,3,7,0,20.235492,0.95531233,0.7837755,0.7487504,0.035025097,-40.89883,-33.416779,-40.213713,-24.810861,-23.979955,-33.75327,-40.213713,-27.814148,-33.75327,-26.755257,7,1,8,4,6,1,7,5,3,4,8,5,6,2,3,3,7,5,6,3,-3.0992869,0.65018047,2.1569574,1.4024116,0.75454582
-19.169492,1,1.0151509,1,1,0,19.946559,0.95676318,0.90285152,0.86381509,0.03903643,-43.280449,-34.719542,-42.511029,-25.2982,-24.401509,-35.079062,-42.511029,-28.569611,-35.079062,-27.411187,5,6,7,7,5,2,4,3,2,7,7,5,7,5,1,1,8,5,3,5,-2.7822422,0.19360573,1.9687816,0.38116741,1.5876142
-16.494525,1,1.0151509,2,3,0,19.316552,0.92111623,1.4238351,1.3115176,0.11231748,-49.720135,-37.867716,-47.841165,-26.591837,-25.635979,-38.685144,-47.841165,-30.411441,-38.685144,-30.008832,7,4,8,1,4,4,6,5,4,8,8,1,8,4,3,2,8,3,2,8,-1.6402535,0.2346148,1.5773368,0.37006656,1.2072703
-16.886567,0.9895322,1.0151509,3,7,0,17.2992,0.94523842,1.9022549,1.7980845,0.10417048,-56.659492,-41.283495,-54.814992,-27.724378,-26.566759,-41.973036,-54.814992,-32.290636,-41.973036,-31.160945,7,2,5,6,4,2,5,2,4,7,7,3,8,3,4,1,8,2,1,5,-2.0431779,0.24267584,3.338964,0.8102859,2.5286781
-14.781729,0.97362669,1.0151509,1,3,0,18.76589,0.82995414,1.6953848,1.4070916,0.28829318,-48.25513,-36.642873,-44.866797,-26.536655,-25.885906,-38.302892,-44.866797,-29.833043,-38.302892,-32.049405,5,3,7,8,2,4,5,7,5,8,8,3,8,2,7,2,6,3,3,5,-0.97462037,0.031061344,3.0677379,0.095288062,2.9724499
-14.253957,0.90426477,1.0151509,2,3,0,15.821834,0.77438444,2.17516,1.6844101,0.49074994,-49.28827,-36.815825,-44.826761,-26.935735,-26.472755,-39.070846,-44.826761,-30.035127,-39.070846,-34.287846,8,3,8,3,6,3,8,5,2,8,7,5,8,5,6,2,8,4,1,7,-0.96984063,0.88711651,2.5709271,2.2807118,0.29021523
-14.737811,0.86843039,1.0151509,1,3,0,15.460981,0.68617193,3.6767293,2.5228684,1.1538609,-51.398452,-37.182178,-45.0761,-27.792164,-27.697483,-40.460898,-45.0761,-30.471979,-40.460898,-38.974966,8,4,7,5,3,3,8,3,3,6,8,1,8,3,5,3,6,3,3,8,-2.0130534,0.33710591,2.71484,0.91518862,1.7996514
-15.20618,0.96495292,1.0151509,2,3,0,15.336379,0.7591314,1.2325213,0.93564566,0.29687569,-41.308209,-32.700522,-38.104639,-25.269581,-24.942629,-34.480365,-38.104639,-27.614023,-34.480365,-31.124201,4,3,7,7,4,1,7,6,2,7,7,3,6,3,4,2,8,5,5,8,-0.81085497,0.60237127,3.4461415,2.0758567,1.3702849
-16.520544,0.83599164,1.0151509,3,7,0,18.764778,0.92527668,3.3978238,3.1439271,0.25389667,-66.478421,-45.31902,-63.014084,-29.171376,-27.925318,-46.486857,-63.014084,-34.473045,-46.486857,-34.018627,8,5,7,5,3,4,7,5,4,6,7,1,8,2,4,1,8,3,2,8,-2.8905671,0.47922907,2.7769799,1.3308095,1.4461704
-14.872232,0.85681207,1.0151509,3,7,0,18.908745,0.58572685,2.33394,1.3670513,0.96688865,-43.03844,-32.753481,-37.642827,-26.640674,-26.995204,-35.883841,-37.642827,-28.11099,-35.883841,-38.442548,7,2,6,8,6,2,5,3,2,7,6,6,7,2,3,3,7,7,2,8,-0.74540644,0.3355388,1.9993582,0.67086223,1.3284959
-14.886366,1,1.0151509,3,7,0,15.039105,0.86301689,2.5728114,2.2203797,0.3524317,-56.530613,-40.751047,-52.542586,-27.921084,-27.036021,-42.460742,-52.542586,-32.106168,-42.460742,-33.746674,7,4,8,7,2,4,6,3,3,8,8,6,8,3,4,1,8,4,2,6,-1.6411087,0.076773847,1.1103658,0.085247054,1.0251188
-15.323779,0.88983581,1.0151509,3,7,0,16.489863,0.87477145,3.3450525,2.9261564,0.41889608,-61.66853,-43.039606,-57.201613,-28.667558,-27.67093,-44.808014,-57.201613,-33.333046,-44.808014,-34.767842,8,5,5,5,6,3,6,6,5,8,8,3,7,3,6,2,8,1,2,7,-2.3820031,0.36464818,3.9077572,1.4249566,2.4828007
-15.999704,0.97471211,1.0151509,2,7,0,16.744448,0.92067898,2.1468963,1.9766023,0.17029401,-57.268989,-41.433864,-54.661653,-27.880684,-26.787352,-42.447015,-54.661653,-32.402555,-42.447015,-32.047955,8,3,8,5,4,1,7,4,3,6,8,1,8,5,5,1,8,2,1,8,-1.8249979,0.77155527,1.8727246,1.4449105,0.42781407
-16.684689,0.90921795,1.0151509,2,7,0,17.974354,0.50343889,4.2991783,2.1643735,2.1348048,-45.326803,-33.398502,-38.419169,-28.029225,-28.846768,-37.358264,-38.419169,-28.899204,-37.358264,-45.09128,8,2,5,3,3,4,4,1,1,8,6,4,8,5,7,3,4,6,1,8,-2.4500944,0.53391168,1.1866818,0.63358329,0.55309853
-16.997044,0.96638392,1.0151509,2,7,0,18.813115,0.53873822,0.92777054,0.49982545,0.42794509,-33.42543,-27.641557,-30.170607,-24.155615,-24.554849,-29.72089,-30.170607,-24.896399,-29.72089,-32.208166,7,5,7,3,3,4,5,4,3,6,6,6,7,3,3,3,6,1,4,7,-0.93138668,0.35428661,3.1684626,1.1225439,2.0459187
-17.491872,0.96058754,1.0151509,2,3,0,17.955573,0.60771466,0.75908133,0.46130486,0.29777648,-32.786875,-27.479966,-30.065673,-23.603341,-23.769645,-29.216326,-30.065673,-24.622132,-29.216326,-29.836843,7,2,5,3,3,3,7,1,1,8,8,5,3,6,5,2,8,4,5,8,-1.469323,0.45910683,2.2289655,1.0233333,1.2056322
-14.91366,0.99071555,1.0151509,2,7,0,17.462599,0.64624858,3.638461,2.3513502,1.2871107,-49.482904,-36.062116,-43.067676,-27.675265,-27.774181,-39.503678,-43.067676,-29.938328,-39.503678,-39.880708,8,1,8,7,4,1,8,5,2,7,4,4,8,4,3,1,5,4,1,6,-1.9175222,0.76609378,2.8970196,2.2193887,0.67763089
-14.59483,0.98961957,1.0151509,2,3,0,15.267517,0.77224708,3.5605528,2.7496265,0.8109263,-55.579254,-39.65632,-49.803158,-28.091957,-27.581938,-42.389699,-49.803158,-31.663629,-42.389699,-36.940291,6,3,4,5,5,2,8,2,4,6,7,2,8,4,4,3,5,6,2,5,-2.1072164,0.87807426,1.2030981,1.0564095,0.14668862
-14.545981,0.75043438,1.0151509,3,7,0,17.61671,0.65751408,1.8133718,1.1923175,0.62105431,-42.725181,-32.945784,-38.141133,-26.071838,-26.109042,-35.562868,-38.141133,-27.996632,-35.562868,-35.192481,8,2,5,4,4,4,6,6,1,7,6,1,8,4,8,2,6,4,5,6,-0.53922571,0.6891535,1.342684,0.92531538,0.41736862
-14.781464,0.92026025,1.0151509,3,7,0,15.448246,0.78494031,1.4852539,1.1658356,0.31941825,-44.583588,-34.540138,-41.124272,-25.920703,-25.471127,-36.366909,-41.124272,-28.674321,-36.366909,-31.905547,8,3,8,3,5,2,7,4,4,4,8,4,8,4,4,1,7,8,2,8,-0.7856905,0.6373971,2.3532266,1.4999398,0.85328679
-15.243391,0.96709723,1.0151509,3,7,0,15.392755,0.8477166,1.446076,1.2258626,0.22021337,-46.623337,-35.91921,-43.758165,-26.16059,-25.478153,-37.329345,-43.758165,-29.3853,-37.329345,-30.940368,4,4,7,6,6,2,5,4,4,8,7,3,7,5,4,3,8,2,2,8,-1.060439,0.098125502,0.97626163,0.095796163,0.88046547
-14.987433,1,1.0151509,2,3,0,15.256485,0.83403062,1.5382258,1.2829274,0.25529837,-46.983068,-36.027807,-43.850711,-26.270591,-25.62562,-37.580558,-43.850711,-29.469013,-37.580558,-31.45476,8,1,8,4,4,3,8,2,1,6,8,2,7,3,4,5,8,4,3,7,-0.97992959,0.7894858,2.2339258,1.7636527,0.47027311
-15.650499,0.97195914,1.0151509,2,3,0,15.856072,0.53830874,3.2987756,1.7757598,1.5230159,-44.530865,-33.219444,-38.231062,-27.448034,-28.059014,-36.849962,-38.231062,-28.608644,-36.849962,-42.152577,8,4,7,5,4,5,8,3,4,8,8,2,8,3,2,3,4,2,2,8,-1.5205739,0.44518514,2.4488679,1.0901996,1.3586683
-15.236272,1,1.0151509,3,7,0,16.120579,0.88290744,1.9449969,1.7172522,0.22774467,-53.098632,-39.298422,-50.037127,-27.286713,-26.384449,-40.634021,-50.037127,-31.268435,-40.634021,-32.063529,8,3,8,2,4,3,6,4,1,6,8,2,8,4,2,4,8,3,3,6,-1.3701731,0.93106971,1.4159413,1.31834,0.097601238
-17.043711,0.78250654,1.0151509,2,3,0,17.694006,0.87992367,0.93852455,0.82582997,0.11269458,-41.2937,-33.267995,-39.536726,-24.973643,-24.303438,-34.176345,-39.536726,-27.78836,-34.176345,-28.264518,5,2,8,7,5,3,7,3,3,8,7,1,8,5,8,2,6,5,1,7,-1.7630007,0.4675018,1.5606737,0.72961778,0.83105595
-14.315484,0.97268498,1.0151509,2,3,0,17.880535,0.76839737,1.9442587,1.4939633,0.45029543,-47.540774,-35.933253,-43.319833,-26.607808,-26.184799,-38.114865,-43.319833,-29.530883,-38.114865,-33.738176,5,6,6,7,4,3,6,4,5,8,4,3,8,4,5,1,7,4,3,7,-0.82669111,0.10863804,3.0656039,0.33304121,2.7325627
-14.308644,0.95228446,1.0151509,1,3,0,14.786002,0.71700744,2.9090658,2.0858218,0.82324397,-50.289697,-36.907649,-44.719232,-27.399912,-27.167135,-39.789533,-44.719232,-30.223364,-39.789533,-36.999905,8,2,6,4,2,4,7,5,4,8,8,2,8,5,4,3,8,4,1,7,-1.3776451,0.20690288,0.81507664,0.16864171,0.64643494
-18.01031,0.59111953,1.0151509,2,3,0,18.308286,0.34056881,1.9092022,0.65021472,1.2589875,-35.506389,-28.338376,-30.665442,-26.828259,-28.188516,-31.369689,-30.665442,-26.240897,-31.369689,-43.344069,8,1,8,5,3,1,8,6,1,7,6,2,6,3,3,5,6,2,2,6,-0.57855045,0.79450714,1.7158375,1.3632452,0.35259236
-14.282343,0.93347109,1.0151509,3,7,0,20.091365,0.76281064,2.8421486,2.1680212,0.67412739,-52.220965,-38.104813,-46.980876,-27.543703,-27.101175,-40.692759,-46.980876,-30.804878,-40.692759,-35.971849,6,5,7,5,4,1,8,4,3,8,7,3,8,5,5,2,7,4,1,7,-1.4352165,0.40417348,4.6934765,1.8969787,2.7964978
-14.780516,0.94112211,1.0151509,2,3,0,14.889973,0.68257844,3.728877,2.545251,1.183626,-51.371291,-37.143927,-44.99923,-27.809262,-27.731819,-40.454075,-44.99923,-30.460602,-40.454075,-39.135927,8,1,7,6,4,4,8,3,1,8,8,2,7,7,7,3,7,4,2,6,-2.0556995,0.37925819,1.8345415,0.69576489,1.1387766
-14.778323,0.74670734,1.0151509,1,3,0,17.054098,0.85464991,2.1806503,1.8636926,0.31695771,-53.368125,-39.25386,-49.667544,-27.413391,-26.602969,-40.918809,-49.667544,-31.284924,-40.918809,-33.045807,7,4,8,3,7,2,7,5,2,6,8,3,8,3,3,1,8,2,1,6,-1.3142846,0.66651017,2.1384138,1.4252746,0.71313926
-16.229665,0.92421782,1.0151509,3,7,0,16.790555,0.92827553,2.1096937,1.9583771,0.15131666,-57.478859,-41.568297,-55.066612,-27.894396,-26.773633,-42.489449,-55.066612,-32.466752,-42.489449,-31.865437,8,3,8,7,5,5,8,3,2,7,7,2,8,5,7,2,8,3,3,8,-1.8956269,0.47802858,1.9967289,0.9544935,1.0422354
-15.525155,0.77572626,1.0151509,3,7,0,18.840913,0.68684754,4.9543631,3.4028921,1.551471,-54.365573,-38.438613,-47.273147,-28.333671,-28.230661,-41.999618,-47.273147,-31.199012,-41.999618,-40.47409,6,4,8,3,2,1,8,4,4,6,8,5,8,6,4,3,6,3,3,7,-3.2167472,0.68129905,1.0587164,0.72130249,0.33741393
-15.620958,0.92596438,1.0151509,2,3,0,16.598719,0.86742647,1.3553439,1.1756612,0.17968273,-46.439903,-35.929968,-43.915454,-26.075207,-25.336426,-37.153531,-43.915454,-29.36434,-37.153531,-30.352754,5,2,7,6,2,6,6,3,1,8,8,1,8,5,5,1,7,5,3,4,-1.2037146,0.62800177,1.0824638,0.67978917,0.40267461
-15.018638,1,1.0151509,3,7,0,15.899641,0.86049787,3.1256386,2.6896053,0.43603323,-59.484826,-42.01917,-54.974564,-28.390532,-27.476142,-43.89075,-54.974564,-32.803974,-43.89075,-34.70462,7,3,8,5,4,3,6,3,3,8,8,1,3,6,4,1,8,4,1,6,-2.0922992,0.47592696,2.287938,1.0888914,1.1990466
-14.251586,0.98438477,1.0151509,3,7,0,15.389527,0.75062112,2.0370496,1.5290524,0.50799715,-47.414316,-35.766567,-42.960693,-26.655877,-26.301967,-38.096425,-42.960693,-29.470409,-38.096425,-34.303336,8,3,7,4,5,1,7,2,1,5,7,1,6,4,3,2,8,2,3,7,-0.82184436,0.86639502,2.6902495,2.3308188,0.35943073
-14.424928,0.97237391,1.0151509,3,7,0,14.619788,0.66218859,2.6755723,1.7717334,0.90383884,-47.055528,-35.065335,-41.484902,-27.049483,-27.069781,-38.111383,-41.484902,-29.284536,-38.111383,-37.654507,8,3,8,7,4,3,5,4,4,8,8,4,7,6,5,1,8,4,2,6,-1.0850483,0.29042754,1.5347321,0.44572847,1.0890036
-15.725776,0.8426764,1.0151509,2,3,0,16.118981,0.49863177,2.1108137,1.0525187,1.0582949,-39.703066,-30.780525,-34.489324,-26.474061,-27.191264,-33.937026,-34.489324,-27.174075,-33.937026,-39.772563,8,4,6,4,3,5,8,8,2,4,8,6,5,5,5,5,7,3,3,8,-0.57322333,0.46894263,1.1856055,0.55598094,0.62962451
-14.72054,0.9555596,1.0151509,2,3,0,17.045719,0.76684762,1.4926694,1.1446499,0.34801941,-44.009101,-34.150427,-40.416787,-25.858346,-25.476969,-36.080009,-40.416787,-28.474855,-36.080009,-32.185899,7,4,5,3,3,1,4,6,1,8,8,5,6,5,4,1,8,3,2,8,-0.7273356,0.39872691,4.1406332,1.6509819,2.4896513
-16.082251,0.8868615,1.0151509,2,3,0,16.354902,0.87317906,4.67395,4.0811953,0.59275474,-66.902435,-45.084294,-61.529708,-29.36703,-28.316261,-47.079664,-61.529708,-34.412968,-47.079664,-36.148772,8,3,5,5,2,4,6,5,3,8,8,3,7,4,6,2,8,1,2,7,-3.6177478,0.45520883,8.9965867,4.0953257,4.9012611
-15.084043,0.97816671,1.0151509,3,7,0,16.794292,0.85595316,3.3998802,2.9101382,0.48974199,-60.472773,-42.399724,-55.680996,-28.551366,-27.642652,-44.376175,-55.680996,-33.016761,-44.376175,-35.160109,8,3,8,5,5,1,8,2,1,6,8,3,8,4,5,1,8,3,2,8,-2.3139863,0.9193282,1.4237849,1.3089256,0.11485928
-15.114906,0.9977091,1.0151509,1,1,0,15.225752,0.85922644,3.3777508,2.9022528,0.475498,-60.617176,-42.485313,-55.888599,-28.562423,-27.639088,-44.423931,-55.888599,-33.05795,-44.423931,-35.074603,8,4,7,7,3,2,8,2,4,6,8,1,8,3,5,3,8,2,1,8,-2.3128511,0.47052562,2.2162208,1.0427887,1.1734322
-14.292536,0.98034877,1.0151509,3,7,0,15.514406,0.77206635,2.0173263,1.5575097,0.45981655,-48.183888,-36.268944,-43.896136,-26.724391,-26.281191,-38.464936,-43.896136,-29.720486,-38.464936,-33.893949,7,6,7,6,6,2,5,5,4,8,8,3,8,3,1,3,8,2,3,6,-0.87333918,0.28744785,1.2226299,0.35144233,0.87118753
-14.536962,0.9808976,1.0151509,3,7,0,14.571526,0.66314826,3.0437124,2.0184326,1.0252798,-48.433366,-35.705214,-42.528673,-27.34029,-27.356721,-38.889126,-42.528673,-29.667657,-38.889126,-38.424955,6,3,6,6,4,2,8,3,3,7,8,2,6,3,3,3,7,2,5,7,-1.3986627,0.29136126,1.2386079,0.36088235,0.87772553
-14.294012,1,1.0151509,2,3,0,14.610229,0.75436465,2.9157564,2.1995435,0.71621283,-52.114322,-37.99632,-46.749846,-27.562196,-27.15623,-40.663175,-46.749846,-30.761885,-40.663175,-36.27015,8,4,6,4,2,2,7,3,2,5,7,2,7,1,5,2,8,4,2,8,-1.4741787,0.53136779,2.7739983,1.4740133,1.299985
-14.892195,0.94161568,1.0151509,2,3,0,14.960226,0.61755166,1.6372978,1.011116,0.62618183,-40.486798,-31.633366,-36.046317,-25.744836,-25.937887,-34.252083,-36.046317,-27.288005,-34.252083,-35.208156,8,3,8,4,8,3,8,2,4,7,7,3,7,6,4,1,8,4,2,8,-0.45031333,0.79127218,4.3529848,3.4443957,0.90858902
-15.521413,0.93302616,1.0151509,2,3,0,15.985101,0.81926661,4.7569269,3.8971914,0.85973552,-62.488565,-42.89381,-56.342655,-28.958438,-28.181889,-45.474515,-56.342655,-33.34191,-45.474515,-37.265522,8,5,4,6,5,1,4,6,3,8,8,2,7,6,4,2,8,4,2,6,-3.4051992,0.51449186,1.2352161,0.63550861,0.59970745
-17.167946,0.87713598,1.0151509,3,7,0,17.847722,0.54621707,0.87825808,0.47971955,0.39853853,-33.077409,-27.471037,-29.949775,-23.998864,-24.364904,-29.474726,-29.949775,-24.760742,-29.474726,-31.678557,8,1,7,3,5,1,8,5,4,7,7,4,7,2,7,3,6,6,1,8,-1.053625,0.78944605,0.66382474,0.52405382,0.13977092
-16.768104,0.98386582,1.0151509,3,7,0,17.716333,0.87695484,5.5940325,4.9057139,0.68831859,-70.054332,-46.264013,-64.258825,-29.728833,-28.630077,-48.316821,-64.258825,-35.014646,-48.316821,-36.712654,7,3,8,2,7,1,8,1,3,8,8,2,8,5,6,5,8,4,2,7,-4.4980794,0.91074038,2.3688959,2.1574492,0.21144675
-16.585319,1,1.0151509,1,1,0,17.045515,0.8708136,5.4781998,4.7704908,0.70770891,-69.093507,-45.862439,-63.249287,-29.635241,-28.572007,-47.979692,-63.249287,-34.817025,-47.979692,-36.76081,6,5,3,6,1,3,6,4,2,8,6,2,7,4,6,1,7,5,1,8,-4.3502685,0.36650929,2.053393,0.75258761,1.3008054
-15.933273,1,1.0151509,2,3,0,16.849638,0.89304677,3.8514114,3.4394905,0.4119209,-65.618972,-44.76111,-61.118675,-29.150299,-28.034718,-46.404135,-61.118675,-34.219574,-46.404135,-35.04777,7,5,3,5,3,2,6,3,3,8,8,1,7,5,5,1,8,2,2,6,-2.989768,0.35280465,1.6268065,0.57394488,1.0528616
-16.061118,0.98463969,1.0151509,3,7,0,17.049135,0.54658549,1.2026119,0.65733019,0.54528168,-35.85955,-28.971835,-32.032635,-24.882112,-25.30262,-31.358332,-32.032635,-25.769712,-31.358332,-34.125918,7,2,7,6,3,1,8,4,3,8,8,3,6,5,4,1,7,5,3,7,-0.53099328,0.60387302,3.0280771,1.8285741,1.199503
-15.624796,0.99576467,1.0151509,2,3,0,16.8844,0.71624724,1.0822435,0.77515389,0.30708957,-38.576633,-31.045431,-35.444096,-24.758376,-24.592496,-32.871926,-35.444096,-26.676574,-32.871926,-30.858308,5,4,5,6,3,4,5,6,3,6,6,2,7,4,7,3,6,3,3,8,-0.86071456,0.34267492,2.4036555,0.82367246,1.579983
-14.828423,0.9616765,1.0151509,3,7,0,16.348432,0.8259512,3.4956892,2.8872687,0.60842052,-58.736705,-41.433676,-53.498441,-28.389182,-27.621188,-43.717362,-53.498441,-32.541356,-43.717362,-35.820668,6,1,7,5,3,1,8,7,1,7,8,1,8,4,5,3,8,5,3,8,-2.2487855,0.64545131,1.5067578,0.9725388,0.53421901
-16.066687,0.91594025,1.0151509,2,3,0,16.277968,0.51108579,1.3650576,0.69766156,0.66739607,-36.262965,-29.079819,-32.104965,-25.273459,-25.846897,-31.673226,-32.104965,-25.964515,-31.673226,-35.81811,8,7,6,7,5,4,5,5,1,8,8,3,6,1,2,4,6,1,3,2,-0.42378701,0.39750643,2.2805772,0.90654409,1.3740331
-15.301616,1,1.0151509,2,3,0,16.226094,0.63620695,1.2858934,0.81809433,0.46779909,-38.483706,-30.670576,-34.675873,-25.096881,-25.206381,-32.948258,-34.675873,-26.62038,-32.948258,-33.151314,8,3,7,6,6,2,8,3,4,5,8,5,5,6,7,4,8,5,2,6,-0.5390733,0.48467052,3.29327,1.5961509,1.6971191
-14.433326,0.98668376,1.0151509,3,7,0,15.420851,0.78021635,3.1630661,2.4678759,0.6951902,-54.529237,-39.262992,-49.131876,-27.879607,-27.344109,-41.83167,-49.131876,-31.425304,-41.83167,-36.197707,8,1,3,5,2,4,8,3,5,7,7,1,8,5,6,1,8,4,1,7,-1.7691207,0.75260381,1.9520479,1.4691187,0.48292922
-14.206432,0.98567932,1.0151509,2,3,0,14.631933,0.74992714,2.2253447,1.6688464,0.55649833,-48.509024,-36.290715,-43.825066,-26.88379,-26.523799,-38.714646,-43.825066,-29.780846,-38.714646,-34.835281,7,4,5,8,5,4,3,6,4,8,8,3,8,4,5,1,8,3,2,8,-0.93052329,0.27885417,1.8582026,0.51816754,1.3400351
-14.212204,0.98462395,1.0151509,3,7,0,14.339468,0.75587811,2.2226331,1.6800397,0.5425934,-48.750917,-36.44334,-44.10767,-26.906407,-26.520778,-38.831686,-44.10767,-29.857116,-38.831686,-34.725008,8,4,5,7,3,2,7,4,2,8,7,2,7,5,6,3,7,3,2,8,-0.94496691,0.038385077,1.2726222,0.048849699,1.2237725
-14.267248,0.95773678,1.0151509,3,7,0,14.580377,0.7645389,2.0437315,1.5625123,0.48121927,-48.035213,-36.151485,-43.662887,-26.724761,-26.311683,-38.405141,-43.662887,-29.667207,-38.405141,-34.091908,8,3,8,6,6,2,5,4,1,7,8,3,8,4,4,2,8,2,3,8,-0.86443686,0.47052957,1.1817579,0.55605203,0.62570586
-14.34247,0.99288492,1.0151509,3,7,0,14.362465,0.72292045,3.0335176,2.1929919,0.84052568,-51.049135,-37.292468,-45.397113,-27.516082,-27.253487,-40.185118,-45.397113,-30.432444,-40.185118,-37.112923,8,5,3,6,5,3,6,5,5,8,8,3,7,3,3,3,8,2,5,7,-1.4987321,0.22037681,2.1205832,0.46732735,1.6532558
-14.37275,0.93304366,1.0151509,1,3,0,15.00938,0.74795704,1.7996059,1.3460279,0.45357799,-45.732928,-34.922729,-41.573914,-26.310537,-25.980725,-37.139752,-41.573914,-28.974992,-37.139752,-33.602409,6,4,7,5,2,3,6,2,3,6,7,2,8,4,5,2,8,3,1,8,-0.71245909,0.23971338,1.9532719,0.46822543,1.4850465
-14.544573,0.98728654,1.0151509,2,3,0,14.672967,0.80401596,1.7787733,1.4301621,0.34861119,-47.823503,-36.280109,-44.08964,-26.533703,-25.97795,-38.157244,-44.08964,-29.665977,-38.157244,-32.683458,8,4,7,4,4,3,8,1,2,5,8,1,7,4,8,3,5,2,4,6,-0.88529662,0.75352731,2.7463359,2.0694391,0.67689679
-14.58978,0.99128399,1.0151509,3,7,0,14.953994,0.76786215,3.5688449,2.7403809,0.82846399,-55.352298,-39.523714,-49.538108,-28.07304,-27.584035,-42.290507,-49.538108,-31.598942,-42.290507,-37.040268,6,4,7,7,4,3,6,7,1,8,6,2,8,2,8,3,7,2,2,6,-2.1015444,0.23675244,1.5237569,0.36075316,1.1630037
-14.824111,0.98149953,1.0151509,3,7,0,15.149329,0.85957483,2.3231399,1.9969126,0.32622731,-54.667338,-39.88589,-50.879266,-27.622445,-26.775911,-41.55409,-50.879266,-31.631326,-41.55409,-33.294414,7,3,7,7,1,4,4,7,3,8,8,2,8,4,7,2,7,4,1,7,-1.4362131,0.14136978,3.0239461,0.42749458,2.5964515
-15.494466,0.93300679,1.0151509,3,7,0,15.822761,0.61611939,4.2631963,2.6266379,1.6365584,-49.608376,-35.910592,-42.736002,-27.930378,-28.182397,-39.622235,-42.736002,-29.958284,-39.622235,-41.58041,5,3,4,4,3,1,6,3,2,8,8,3,6,5,2,6,8,3,1,6,-2.4714997,0.66499587,2.3071438,1.5342411,0.77290269
-15.958624,0.95822173,1.0151509,3,7,0,17.055201,0.72075262,0.99166615,0.71474597,0.27692018,-37.690171,-30.581919,-34.764766,-24.51737,-24.343369,-32.301943,-34.764766,-26.380291,-32.301943,-30.249892,8,3,8,2,7,2,8,4,4,8,8,4,7,1,8,4,8,5,6,6,-1.0130289,0.89203285,1.1378186,1.0149715,0.12284702
-15.732052,1,1.0151509,3,7,0,16.943058,0.89209598,3.5304504,3.1495006,0.38094979,-64.034878,-44.129519,-59.736331,-28.944958,-27.852503,-45.734492,-59.736331,-33.889042,-45.734492,-34.708752,8,4,6,8,3,1,6,6,1,7,8,1,8,3,4,4,8,4,3,6,-2.6820324,0.56536778,1.8928185,1.0701386,0.8226799
-16.803924,0.96990942,1.0151509,2,7,0,17.322073,0.94424986,2.2218229,2.097956,0.12386693,-59.725853,-42.638504,-57.607278,-28.195108,-26.987083,-43.39387,-57.607278,-33.029151,-43.39387,-31.90098,7,4,8,4,6,1,6,4,3,7,8,1,8,6,6,3,8,5,3,3,-2.1987258,0.53978537,2.2112476,1.1935991,1.0176485
-15.018446,0.98263526,1.0151509,2,7,0,17.828568,0.86755592,2.8613939,2.4824192,0.37897468,-58.566721,-41.676779,-54.381615,-28.229327,-27.299999,-43.41645,-54.381615,-32.607197,-43.41645,-34.181522,5,4,5,2,7,1,8,4,4,5,6,4,6,2,2,4,8,4,4,7,-1.9055705,0.75229744,0.42256997,0.31789831,0.10467166
-14.3645,0.99922532,1.0151509,2,3,0,15.054293,0.74499154,1.8089227,1.3476321,0.4612906,-45.686936,-34.883354,-41.497693,-26.313183,-25.994888,-37.121165,-41.497693,-28.957891,-37.121165,-33.681033,6,4,6,6,4,2,8,5,3,8,7,1,8,3,4,4,7,3,2,3,-0.70777096,0.47186312,2.7414341,1.2935817,1.4478525
-14.202679,1,1.0151509,2,7,0,14.338233,0.73912854,2.5303296,1.8702388,0.66009079,-49.636564,-36.75483,-44.553465,-27.159616,-26.835505,-39.371326,-44.553465,-30.078084,-39.371326,-35.772733,6,4,6,7,2,4,5,3,2,6,8,3,5,4,6,2,6,4,1,7,-1.1190327,0.41180436,2.1046624,0.86670914,1.2379532
-14.706993,0.81027296,1.0151509,3,7,0,16.311471,0.7032603,1.5006981,1.0553814,0.4453167,-42.007505,-32.801527,-38.065112,-25.659207,-25.519722,-35.030496,-38.065112,-27.789816,-35.030496,-33.158075,8,3,3,5,5,4,6,3,4,5,8,8,4,3,3,1,8,2,3,7,-0.57187738,0.37839657,1.4362991,0.54349066,0.89280845
-15.772632,0.85678689,1.0151509,2,3,0,16.474179,0.82205679,1.1204268,0.92105447,0.19937235,-41.991807,-33.366315,-39.413054,-25.241932,-24.713465,-34.738563,-39.413054,-27.915616,-34.738563,-29.812424,7,5,5,7,4,2,6,3,7,5,6,6,8,3,5,1,6,3,1,7,-1.1414738,0.1369343,2.3391069,0.32030398,2.0188029
-15.441993,0.99483253,1.0151509,2,3,0,16.57281,0.89553472,1.9987856,1.7899819,0.2088037,-54.315076,-39.942068,-51.390552,-27.46281,-26.499385,-41.175954,-51.390552,-31.611147,-41.175954,-32.032401,6,5,7,3,4,1,6,6,3,7,7,1,8,6,7,2,8,3,2,6,-1.4958072,0.29163054,1.6996682,0.49567515,1.203993
-15.678476,0.94584371,1.0151509,2,3,0,16.920018,0.51471405,1.703962,0.8770532,0.82690883,-38.270204,-30.121508,-33.583757,-25.881582,-26.488,-32.991522,-33.583757,-26.659015,-32.991522,-37.600964,4,3,6,7,5,4,3,5,4,7,7,5,6,5,2,4,5,5,1,7,-0.40547111,0.24566344,2.1750014,0.53431834,1.6406831
-15.615838,0.99241429,1.0151509,3,7,0,16.31298,0.51464759,2.60674,1.3415525,1.2651876,-41.882199,-31.888241,-36.154289,-26.961938,-27.648289,-35.282472,-36.154289,-27.845139,-35.282472,-41.060306,7,4,5,3,4,2,7,6,2,6,7,2,5,3,4,3,6,5,3,7,-0.91968564,0.66585492,0.62326996,0.41500737,0.20826259
-16.400596,0.87629655,1.0151509,1,1,0,16.477225,0.45665004,2.7561341,1.2585888,1.4975454,-40.710159,-31.120721,-34.871855,-27.243228,-28.206621,-34.628746,-34.871855,-27.614138,-34.628746,-43.206686,7,4,7,4,3,3,8,3,1,8,7,2,7,4,2,3,7,3,2,8,-1.0473742,0.80620984,3.4618621,2.7909873,0.67087481
-17.571849,0.8095965,1.0151509,1,1,0,17.785039,0.41073703,3.5951718,1.4766702,2.1185016,-41.295997,-31.243841,-34.921779,-28.033038,-29.280026,-35.046567,-34.921779,-27.968947,-35.046567,-47.060638,6,3,6,4,5,3,8,4,7,6,7,3,8,6,3,3,7,4,5,5,-1.820143,0.43762124,1.7967949,0.78631563,1.0104793
-15.688445,1,1.0151509,1,1,0,17.247172,0.5218266,3.0058368,1.5685256,1.4373112,-43.253885,-32.558697,-37.178804,-27.273299,-27.949418,-36.109617,-37.178804,-28.254912,-36.109617,-41.9507,8,2,6,7,4,1,7,6,1,6,8,6,8,6,3,3,6,2,3,6,-1.2547535,0.70164449,1.7199609,1.2068011,0.51315982
-16.050382,0.91011987,1.0151509,2,3,0,17.699599,0.72082563,5.8824268,4.240204,1.6422228,-57.968716,-40.179766,-50.564039,-28.729752,-28.446563,-43.695774,-50.564039,-32.083317,-43.695774,-40.36306,8,1,8,3,5,3,8,4,2,5,8,3,7,5,3,3,7,5,1,6,-4.1369927,0.62759887,3.3635284,2.1109466,1.2525818
-15.059295,0.9732539,1.0151509,2,7,0,16.422381,0.68916553,1.3111415,0.9035935,0.40754797,-40.053342,-31.718032,-36.374255,-25.243126,-25.161624,-33.850594,-36.374255,-27.151408,-33.850594,-32.47986,8,2,8,4,6,2,7,5,4,8,8,1,6,6,5,1,5,1,4,5,-0.60228709,0.85192241,2.1355853,1.819353,0.31623233
-14.934353,0.94700691,1.0151509,2,3,0,15.867533,0.74186061,1.3473198,0.99952348,0.34779632,-41.894239,-32.927523,-38.393605,-25.469388,-25.193999,-34.876026,-38.393605,-27.784442,-34.876026,-31.904462,8,2,7,8,4,2,8,4,5,8,7,3,5,3,4,3,7,5,2,6,-0.69709588,0.63247386,2.4956681,1.5784449,0.91722327
-15.311728,0.98013406,1.0151509,2,3,0,15.397705,0.7055408,1.1904448,0.83990735,0.35053742,-39.393378,-31.438969,-36.003143,-25.006058,-24.870612,-33.40601,-36.003143,-26.94225,-33.40601,-31.612579,7,2,6,4,3,6,7,3,1,7,7,2,6,6,5,4,8,5,1,8,-0.71811315,0.63530151,1.150766,0.73108338,0.41968262
-14.982081,0.99865376,1.0151509,2,7,0,15.783196,0.80364829,1.40944,1.1326941,0.27674596,-44.544924,-34.618054,-41.34234,-25.851889,-25.341025,-36.289726,-41.34234,-28.688523,-36.289726,-31.350231,5,2,6,5,5,1,6,5,4,5,7,3,8,3,5,1,8,4,4,7,-0.86860228,0.50429932,0.98341531,0.49593567,0.48747964
-14.383634,1,1.0151509,2,7,0,14.986714,0.80199632,2.7394704,2.1970452,0.54242521,-53.814693,-39.105266,-48.981632,-27.668959,-27.050832,-41.383528,-48.981632,-31.292333,-41.383528,-35.066764,3,5,5,5,4,1,6,5,4,8,8,2,5,3,4,2,5,3,3,7,-1.4798857,0.30494884,2.7872778,0.84997711,1.9373007
-14.378588,0.91488925,1.0151509,3,7,0,15.346116,0.6633583,2.2712435,1.5066482,0.76459527,-45.355445,-34.267191,-40.214966,-26.66054,-26.674915,-37.123589,-40.214966,-28.794863,-37.123589,-36.582803,8,2,8,7,4,2,7,5,2,5,6,2,8,2,7,2,7,2,4,7,-0.78588514,0.53932824,3.3519379,1.8077948,1.5441431
-14.393977,0.98651598,1.0151509,3,7,0,14.64762,0.80366662,2.7466804,2.2074154,0.53926504,-53.944451,-39.175729,-49.119691,-27.685335,-27.059154,-41.443596,-49.119691,-31.328875,-41.443596,-35.051084,8,2,7,4,5,4,5,4,1,8,8,2,8,6,6,6,8,4,1,6,-1.4922267,0.77063919,1.3813055,1.0644881,0.31681733
-14.5906,0.9633641,1.0151509,2,3,0,14.882393,0.69080562,1.6189803,1.1184007,0.5005796,-42.500522,-32.994354,-38.320687,-25.83755,-25.743048,-35.357631,-38.320687,-27.938326,-35.357631,-33.854836,8,3,7,7,4,2,8,2,3,6,6,3,7,4,6,1,8,5,1,7,-0.54884853,0.65036387,3.3459957,2.1761147,1.169881
-14.490017,1,1.0151509,3,7,0,14.746869,0.80988725,1.9153234,1.551196,0.3641274,-49.136679,-36.959771,-45.276328,-26.774125,-26.180785,-38.863502,-45.276328,-30.050627,-38.863502,-33.013361,6,4,8,6,4,2,7,7,2,7,7,3,8,6,4,3,6,3,5,8,-0.95865957,0.52866631,0.85384138,0.45139717,0.40244421
-14.478146,0.99780319,1.0151509,2,7,0,14.674804,0.76507934,1.6970801,1.2984009,0.39867918,-45.621529,-34.961397,-41.712621,-26.217181,-25.825405,-37.027235,-41.712621,-28.962557,-37.027235,-32.98414,5,2,3,6,2,5,6,4,2,5,8,1,6,6,7,3,7,1,1,7,-0.73317247,0.35420861,1.6404186,0.58105039,1.0593682
-14.507929,0.98896605,1.0151509,2,3,0,14.683246,0.67589739,3.116278,2.1062842,1.0099939,-49.216608,-36.143275,-43.292225,-27.422076,-27.378748,-39.298018,-43.292225,-29.889716,-39.298018,-38.277066,4,4,4,2,3,4,6,5,2,8,8,3,7,3,7,3,8,3,1,7,-1.4824509,0.23189859,2.1361884,0.49537908,1.6408093
-14.337386,0.97702928,1.0151509,2,3,0,14.861184,0.73818749,1.8476446,1.3639082,0.48373647,-45.697896,-34.851028,-41.417032,-26.345153,-26.052569,-37.145832,-41.417032,-28.953562,-37.145832,-33.920239,8,7,5,4,5,3,5,5,2,7,8,2,8,3,5,3,8,5,2,7,-0.70418416,0.29868284,2.1216259,0.63369325,1.4879326
-14.279743,0.99928651,1.0151509,3,7,0,14.398173,0.68930184,2.2725558,1.5664769,0.7060789,-46.316716,-34.875893,-41.270594,-26.72466,-26.626287,-37.626563,-41.270594,-29.090257,-37.626563,-36.075015,8,6,7,3,4,1,5,3,3,7,7,5,6,3,6,3,7,2,2,7,-0.82859055,0.71053254,2.1299784,1.513419,0.61655946
-15.762271,0.83652514,1.0151509,3,7,0,15.989149,0.50806124,2.8067596,1.4260058,1.3807538,-42.289295,-32.052214,-36.38134,-27.145479,-27.874655,-35.541631,-36.38134,-27.985342,-35.541631,-41.822018,7,1,5,5,3,1,7,4,2,6,8,4,6,6,4,3,7,6,3,8,-1.0823009,0.61906708,2.2787732,1.4107134,0.86805972
-15.584229,0.92310556,1.0151509,2,7,0,17.9067,0.7238046,1.0932023,0.79126485,0.30193745,-38.883568,-31.243305,-35.762626,-24.807649,-24.615632,-33.051861,-35.762626,-26.785021,-33.051861,-30.82692,7,4,8,5,6,3,7,4,3,8,8,1,7,4,1,3,8,4,3,3,-0.86274239,0.41750685,2.7474744,1.1470894,1.600385
-15.637198,0.95789669,1.0151509,3,7,0,17.384529,0.5645568,3.7570092,2.1210451,1.6359641,-46.499886,-34.238335,-39.891635,-27.685251,-28.183549,-37.959672,-39.891635,-29.140411,-37.959672,-42.274188,4,3,8,4,2,3,7,4,3,8,7,3,6,8,4,2,8,4,1,7,-1.9557603,0.61155226,2.8242478,1.7271751,1.0970726
-15.566445,1,1.0151509,3,7,0,15.593071,0.88131363,1.5115601,1.3321585,0.17940158,-48.802453,-37.200832,-46.234015,-26.505671,-25.682506,-38.389639,-46.234015,-30.079845,-38.389639,-30.77271,7,2,5,6,5,1,5,6,1,8,8,2,8,1,7,2,8,4,3,7,-1.2615922,0.28452037,4.1431914,1.1788224,2.9643691
-16.898555,0.83114411,1.0151509,2,3,0,17.984245,0.62575981,6.433633,4.025909,2.407724,-53.332067,-37.512248,-45.492759,-28.586307,-28.802543,-41.56673,-45.492759,-30.877269,-41.56673,-43.399775,7,3,7,6,7,4,7,3,2,6,7,4,8,3,5,2,7,3,2,7,-4.4774981,0.60112323,1.2938421,0.77775856,0.51608356
-16.14076,1,1.0151509,1,1,0,16.951157,0.68635216,5.8598796,4.021941,1.8379386,-55.859915,-39.033368,-48.345665,-28.592958,-28.490114,-42.743224,-48.345665,-31.540679,-42.743224,-41.247137,6,3,5,6,5,4,3,8,2,7,7,2,7,7,2,3,8,2,2,8,-4.0491819,0.14874268,2.2220113,0.3305079,1.8915034
-15.109546,0.82764819,1.0151509,3,7,0,18.28551,0.74565327,4.501466,3.3565329,1.1449332,-56.75409,-39.924097,-50.171862,-28.408241,-28.010692,-43.052201,-50.171862,-31.875624,-43.052201,-38.612169,8,1,7,5,7,2,7,4,2,6,7,7,7,7,4,2,5,6,4,8,-2.9172589,0.8051368,2.5393665,2.0445374,0.4948291
-14.304368,0.94879145,1.0151509,2,3,0,15.725507,0.79461384,2.3911525,1.9000429,0.49110965,-51.536509,-38.008699,-46.991201,-27.286353,-26.721732,-40.218595,-46.991201,-30.683205,-40.218595,-34.475095,6,7,8,8,2,5,5,1,2,8,8,4,8,4,6,3,8,6,2,5,-1.1823859,0.3288219,1.3712934,0.45091132,0.92038212
-14.642533,0.97109498,1.0151509,2,3,0,14.700647,0.84082699,2.6233728,2.2058026,0.41757015,-55.441827,-40.111953,-51.121877,-27.811165,-27.022994,-42.037812,-51.121877,-31.787113,-42.037812,-34.194162,4,2,6,4,6,2,8,4,2,6,8,3,8,6,4,2,7,3,5,3,-1.5568478,0.74763581,1.392612,1.0411666,0.35144541
-15.396269,0.94674559,1.0151509,3,7,0,15.642591,0.57361144,3.4914507,2.0027361,1.4887147,-46.228238,-34.169118,-39.804969,-27.536996,-27.984645,-37.79107,-39.804969,-29.057266,-37.79107,-41.538562,6,2,7,4,3,4,7,4,4,8,7,4,5,5,4,5,8,4,2,7,-1.7134336,0.5321706,2.1868365,1.1637701,1.0230664
-15.3853,0.96919352,1.0151509,3,7,0,16.611706,0.89355749,2.5847777,2.3096475,0.27513021,-58.70674,-41.911669,-55.185227,-28.176076,-27.150733,-43.31756,-55.185227,-32.698436,-43.31756,-33.305294,6,2,6,8,2,2,8,6,2,8,7,1,6,3,4,3,8,4,1,7,-1.8679429,0.53285381,0.87975685,0.46878179,0.41097506
-15.133199,1,1.0151509,1,1,0,15.387789,0.8807699,2.4463642,2.154684,0.29168025,-56.863164,-41.015998,-53.256473,-27.922961,-26.969546,-42.519437,-53.256473,-32.226142,-42.519437,-33.233285,8,1,8,6,5,3,6,5,2,5,8,1,6,5,6,1,7,5,2,7,-1.6634626,0.71035458,2.6308319,1.8688234,0.76200841
-14.534871,0.92371073,1.0151509,1,3,0,16.985314,0.7040328,3.3942455,2.3896602,1.0045853,-51.407301,-37.316761,-45.367104,-27.687886,-27.509303,-40.425002,-45.367104,-30.498065,-40.425002,-38.133579,8,2,7,5,5,2,8,2,3,7,7,1,7,5,5,4,6,5,1,6,-1.7840934,0.63389905,3.148286,1.9956955,1.1525905
-15.104066,0.93601903,1.0151509,2,3,0,15.460961,0.82924788,3.9548621,3.2795611,0.67530108,-60.726335,-42.283831,-55.193251,-28.674894,-27.872365,-44.632199,-55.193251,-32.997255,-44.632199,-36.305345,8,5,7,7,2,4,4,7,3,8,8,1,8,4,7,2,7,3,3,7,-2.6934547,0.39598031,2.080798,0.82395501,1.2568429
-14.266087,0.91049786,1.0151509,1,3,0,16.230484,0.69442077,2.252958,1.5645008,0.68845718,-46.412858,-34.951734,-41.410448,-26.717436,-26.5971,-37.670191,-41.410448,-29.122,-37.670191,-35.922398,5,2,8,6,5,3,7,5,3,7,7,7,7,4,7,3,8,5,1,7,-0.8248674,0.60985024,1.2337305,0.75239083,0.48133964
-14.825543,0.94332815,1.0151509,3,7,0,14.916565,0.85518141,2.7518219,2.353307,0.39851496,-57.095649,-40.947624,-52.835078,-28.035991,-27.172375,-42.779595,-52.835078,-32.226554,-42.779595,-34.195711,5,4,6,7,2,4,6,4,4,4,8,2,7,4,6,2,7,7,1,8,-1.7386803,0.12583631,2.0488394,0.25781838,1.791021
-14.317988,0.98324125,1.0151509,2,3,0,15.210676,0.79123058,2.1336515,1.6882103,0.44544118,-49.797691,-37.165001,-45.513673,-26.969528,-26.436868,-39.292924,-45.513673,-30.204074,-39.292924,-33.904158,3,3,6,5,3,5,8,4,5,6,8,2,7,7,3,1,4,2,3,6,-1.0009264,0.38126125,2.4041463,0.91660782,1.4875385
-14.195519,0.91983411,1.0151509,3,7,0,15.402815,0.73322358,2.3464853,1.7204984,0.62598696,-48.454547,-36.160807,-43.535186,-26.950041,-26.658154,-38.732054,-43.535186,-29.743348,-38.732054,-35.444006,7,3,8,4,4,2,8,1,4,7,6,3,8,4,6,2,8,4,2,7,-0.96965325,0.89412594,1.7111287,1.5299646,0.18116414
-14.197603,0.99930276,1.0151509,2,3,0,14.202964,0.74340727,2.2790666,1.6942747,0.58479192,-48.529345,-36.259925,-43.744223,-26.917427,-26.583472,-38.745055,-43.744223,-29.777651,-38.745055,-35.089326,8,3,8,3,3,3,8,5,2,6,8,1,7,3,2,2,8,4,2,8,-0.94869677,0.91279314,1.9663815,1.7948996,0.17148196
-14.301336,0.97996767,1.0151509,1,3,0,14.373826,0.79158262,2.2318911,1.7667262,0.46516492,-50.43548,-37.471058,-46.040765,-27.090758,-26.549759,-39.638408,-46.040765,-30.380181,-39.638408,-34.148467,6,3,7,6,4,2,4,4,3,8,5,2,8,3,4,6,8,4,3,6,-1.0628838,0.25292411,1.6207096,0.40991653,1.2107931
-15.234334,0.79602531,1.0151509,1,3,0,16.603717,0.60174244,1.4322912,0.86187042,0.57042082,-38.735296,-30.668892,-34.586517,-25.367947,-25.611277,-33.164752,-34.586517,-26.716269,-33.164752,-34.509603,5,3,8,5,6,2,7,6,3,8,7,2,8,4,6,2,6,3,2,8,-0.44483011,0.66899654,3.2522793,2.1757636,1.0765157
-15.834619,0.90732951,1.0151509,2,3,0,16.622713,0.77631739,5.5433444,4.3033947,1.2399497,-61.110035,-41.939289,-54.17037,-28.929605,-28.359997,-45.012267,-54.17037,-32.912454,-45.012267,-38.792534,8,6,6,6,4,1,7,4,1,6,7,3,8,6,6,3,8,4,1,5,-3.9759108,0.87469584,1.8962524,1.6586441,0.23760831
-14.271001,1,1.0151509,2,3,0,15.652519,0.69174693,2.29489,1.5874831,0.70740689,-46.520257,-34.987676,-41.458769,-26.755727,-26.646436,-37.738441,-41.458769,-29.150961,-37.738441,-36.089072,8,3,4,2,3,3,5,4,3,5,8,2,8,5,7,4,6,6,2,2,-0.84791931,0.39049084,1.3131493,0.51277278,0.80037653
-17.571039,0.50107293,1.0151509,1,3,0,19.648716,0.77014734,0.71914998,0.55385145,0.16529854,-35.138069,-29.356128,-33.060226,-23.734575,-23.450828,-30.597686,-33.060226,-25.549742,-30.597686,-27.831564,7,1,6,4,5,3,7,6,1,8,8,2,8,1,7,4,8,2,4,8,-1.9282095,0.29089872,1.7118831,0.4979846,1.2138985
-15.882341,0.98725794,1.0151509,2,3,0,18.190151,0.62732648,4.9782628,3.1229961,1.8552667,-51.412521,-36.749642,-44.175991,-28.207334,-28.408315,-40.572824,-44.175991,-30.419037,-40.572824,-42.107366,8,3,7,6,4,2,5,2,1,7,8,2,8,5,4,3,6,2,1,7,-3.1557001,0.66623931,4.1353096,2.7551058,1.3802038
-15.91625,0.99773086,1.0151509,3,7,0,16.13455,0.67854259,5.4812423,3.7192564,1.7619859,-54.833291,-38.556547,-47.462667,-28.468592,-28.407097,-42.24896,-47.462667,-31.293344,-42.24896,-41.160427,6,1,7,4,4,6,8,8,6,8,8,2,8,3,6,3,8,3,2,7,-3.6909343,0.25078757,0.82299029,0.20639573,0.61659456
-16.499251,0.9088321,1.0151509,1,1,0,16.638715,0.67359858,6.2966233,4.2413965,2.0552268,-55.741951,-38.871528,-48.021393,-28.65652,-28.61998,-42.705219,-48.021393,-31.490108,-42.705219,-41.904816,8,3,7,5,6,1,8,7,5,8,6,3,8,4,7,5,8,6,3,8,-4.4193984,0.76922646,1.8428465,1.4175663,0.42528021
-15.188463,0.96266545,1.0151509,3,7,0,17.665604,0.88058536,1.970301,1.7350182,0.23528277,-53.184117,-39.325198,-50.061054,-27.307806,-26.411776,-40.690224,-50.061054,-31.286711,-40.690224,-32.160645,8,2,6,7,8,2,8,2,1,8,8,6,8,5,3,4,8,6,6,8,-1.3649878,0.90115284,2.1168288,1.9075863,0.20924252
-14.661092,0.98505333,1.0151509,2,3,0,15.500674,0.76062926,3.7269427,2.8348217,0.89212105,-55.461232,-39.511624,-49.480047,-28.123912,-27.666155,-42.36842,-49.480047,-31.608609,-42.36842,-37.399982,8,5,7,4,4,4,6,6,5,8,5,1,8,3,3,3,8,3,4,8,-2.2278368,0.080743576,3.8437832,0.3103608,3.5334224
-15.097748,0.94107089,1.0151509,2,3,0,15.599894,0.5927249,3.2455726,1.9237317,1.3218409,-46.297779,-34.308829,-40.075999,-27.387535,-27.737847,-37.802368,-40.075999,-29.065818,-37.802368,-40.544569,8,5,8,6,6,1,6,5,6,8,8,2,5,1,6,2,7,7,3,8,-1.501407,0.28224467,2.4187487,0.68267893,1.7360698
-14.455307,1,1.0151509,2,3,0,15.218558,0.79576938,3.0698154,2.4428651,0.62695031,-55.023749,-39.598646,-49.834983,-27.901296,-27.296123,-42.024823,-49.834983,-31.582091,-42.024823,-35.755953,7,2,6,3,6,5,8,3,4,8,8,5,8,4,1,2,8,2,3,7,-1.7397741,0.60652453,6.6173068,4.0135589,2.6037479
-14.230243,0.93826388,1.0151509,3,7,0,15.091074,0.73470971,2.6897132,1.9761584,0.71355479,-50.178934,-36.977109,-44.909603,-27.287747,-26.978784,-39.681082,-44.909603,-30.218712,-39.681082,-36.204438,6,2,7,4,4,5,7,6,4,6,8,3,7,6,6,1,8,2,2,6,-1.2342493,0.42289523,1.6093005,0.6805655,0.928735
-15.496187,0.73708778,1.0151509,1,3,0,16.857539,0.59568814,1.3014332,0.77524831,0.52618486,-37.650351,-30.079405,-33.718182,-25.098687,-25.355136,-32.471989,-33.718182,-26.35149,-32.471989,-33.898062,8,6,5,6,4,4,6,5,5,7,8,5,6,5,4,2,8,6,3,4,-0.49035642,0.17189539,1.6545402,0.28440782,1.3701324
-15.453833,0.99678082,1.0151509,3,7,0,15.664846,0.60284516,1.3001923,0.78381462,0.51637765,-37.805267,-30.186806,-33.890173,-25.099257,-25.329745,-32.562096,-33.890173,-26.400552,-32.562096,-33.771226,8,5,5,6,3,3,8,4,1,8,7,1,8,3,2,4,7,6,4,8,-0.49696103,0.10509512,2.6528263,0.2787991,2.3740272
-15.012774,1,1.0151509,1,1,0,15.414261,0.6323631,1.4629204,0.92509686,0.5378235,-39.724961,-31.304176,-35.598062,-25.452023,-25.581569,-33.74608,-35.598062,-27.034817,-33.74608,-34.134409,8,2,7,4,3,1,8,4,2,7,8,3,8,2,1,3,6,7,2,8,-0.46899582,0.55177892,4.0195828,2.217921,1.8016617
-16.083179,0.87705905,1.0151509,2,3,0,16.680074,0.75387137,5.9633324,4.4955856,1.4677468,-60.295513,-41.401342,-53.018231,-28.912174,-28.455093,-44.70379,-53.018231,-32.671212,-44.70379,-39.600778,8,7,5,5,5,1,6,5,5,8,8,4,7,1,4,2,7,2,2,7,-4.2911309,0.21952649,1.8411936,0.40419077,1.4370029
-18.20561,0.87962579,1.0151509,2,3,0,18.655486,0.85567612,8.1853365,7.003997,1.1813395,-72.968255,-47.008238,-65.786272,-30.09414,-29.063544,-49.532154,-65.786272,-35.415443,-49.532154,-38.300913,8,2,6,6,3,2,7,4,2,8,8,3,8,3,5,2,6,4,2,7,-6.5996081,0.41034749,4.2815282,1.7569143,2.5246138
-15.996061,1,1.0151509,2,3,0,18.507438,0.56735646,1.1645823,0.66073327,0.50384899,-35.984037,-29.101946,-32.260777,-24.783849,-25.12689,-31.414466,-32.260777,-25.792535,-31.414466,-33.523879,4,4,8,3,2,4,8,2,2,8,7,1,8,3,6,2,6,5,5,8,-0.5758992,0.32557478,1.6674565,0.54288177,1.1245747
-15.603786,1,1.0151509,1,1,0,16.06656,0.5612532,1.3796658,0.77434187,0.60532397,-37.429634,-29.844001,-33.299512,-25.26055,-25.650298,-32.377453,-33.299512,-26.303808,-32.377453,-34.950758,7,7,6,5,4,3,7,6,4,7,7,1,8,8,3,3,5,4,6,5,-0.43302522,0.11414686,2.0032205,0.22866132,1.7745592
-15.324805,0.94480322,1.0151509,3,7,0,16.880248,0.79796284,4.6509607,3.7112938,0.93966691,-60.597335,-41.94962,-54.305797,-28.769081,-28.10383,-44.705539,-54.305797,-32.873679,-44.705539,-37.6144,8,3,7,3,6,6,7,3,2,6,7,4,6,5,5,2,6,4,3,6,-3.2205269,0.67272052,1.067486,0.71811976,0.34936627
-15.293294,0.98669686,1.0151509,3,7,0,16.09799,0.59762254,1.4108298,0.84314367,0.56768609,-38.486345,-30.523884,-34.365441,-25.324224,-25.581549,-33.010864,-34.365441,-26.634748,-33.010864,-34.469345,7,5,7,5,2,1,5,5,3,8,6,3,8,2,6,1,6,4,5,8,-0.44692946,0.44420777,4.1015949,1.8219603,2.2796346
-15.942514,0.95348796,1.0151509,2,3,0,16.316995,0.48352963,1.8669631,0.90273197,0.96423112,-38.319018,-30.04793,-33.401771,-26.185351,-26.938908,-33.065345,-33.401771,-26.740777,-33.065345,-39.105319,8,3,7,1,6,3,7,3,2,7,8,2,5,4,6,4,6,6,4,8,-0.45520128,0.85064451,1.9081162,1.6231286,0.28498763
-14.548064,1,1.0151509,2,3,0,15.988046,0.67332504,1.7224423,1.1597635,0.56267877,-42.654327,-32.987211,-38.253626,-25.965662,-25.939045,-35.487791,-38.253626,-27.97882,-35.487791,-34.562607,6,5,7,5,4,3,7,6,2,8,8,2,7,8,4,3,6,3,3,6,-0.53673489,0.34402688,3.385084,1.1645599,2.2205241
-14.650044,0.86259422,1.0151509,3,7,0,16.352145,0.83921407,2.7334584,2.2939567,0.43950163,-55.969705,-40.336552,-51.526586,-27.904004,-27.115306,-42.30865,-51.526586,-31.914587,-42.30865,-34.423563,7,2,8,4,5,4,7,3,2,4,8,6,7,4,5,1,7,3,1,5,-1.6377834,0.68879819,2.9795304,2.0522952,0.92723524
-14.690547,0.98250939,1.0151509,2,7,0,15.111456,0.73197735,3.7906164,2.7746453,1.015971,-54.051878,-38.678702,-47.852646,-28.020819,-27.701818,-41.737608,-47.852646,-31.207402,-41.737608,-38.095965,7,1,8,8,3,4,8,3,1,5,8,4,8,3,6,3,7,2,2,7,-2.2128673,0.78411521,1.7726361,1.3899509,0.38268516
-14.531472,0.95424681,1.0151509,2,3,0,15.3882,0.68012284,1.7145708,1.1661187,0.54845203,-42.816686,-33.102521,-38.452653,-25.968416,-25.914708,-35.572303,-38.452653,-28.032154,-35.572303,-34.414518,8,4,8,4,7,6,8,3,4,5,7,2,6,5,7,5,7,2,3,7,-0.54591712,0.68306843,0.98219342,0.67090532,0.3112881
-14.755205,0.8025571,1.0151509,2,3,0,16.725332,0.62720036,1.7330726,1.0869838,0.64608884,-41.339063,-32.107451,-36.781039,-25.90708,-26.065183,-34.767645,-36.781039,-27.559873,-34.767645,-35.437586,8,3,8,4,5,6,6,4,3,8,7,2,8,3,3,2,6,4,7,5,-0.47817305,0.50057086,1.5708369,0.7863152,0.78452175
-17.012479,0.715711,1.0151509,2,3,0,17.5003,0.41102809,2.6132468,1.0741179,1.539129,-39.170162,-30.258373,-33.50803,-27.298922,-28.459098,-33.707125,-33.50803,-27.259622,-33.707125,-44.198084,8,4,7,8,2,6,4,5,3,7,7,2,8,5,5,1,7,6,4,7,-0.95615085,0.17554802,1.0824667,0.19002489,0.89244183
-17.525198,0.92964871,1.0151509,1,1,0,17.828071,0.38460534,2.7919189,1.0737869,1.718132,-38.988442,-30.108726,-33.220619,-27.595345,-28.898372,-33.621387,-33.220619,-27.30959,-33.621387,-45.733095,8,2,6,6,4,5,7,2,2,7,6,3,7,7,4,3,8,5,2,6,-1.1243439,0.50733686,0.71777804,0.36415525,0.35362278
-15.211337,1,1.0151509,2,3,0,18.383355,0.80918388,1.305665,1.0565231,0.24914193,-43.681294,-34.197161,-40.687946,-25.648419,-25.13229,-35.769868,-40.687946,-28.429677,-35.769868,-30.837902,7,4,6,6,4,3,6,4,1,8,7,1,7,7,5,3,8,4,1,4,-0.93261161,0.5404558,2.345505,1.2676418,1.0778632
-14.417423,1,1.0151509,2,7,0,15.18353,0.78592645,3.0741898,2.416087,0.6581027,-54.478331,-39.283825,-49.202693,-27.847287,-27.288236,-41.785073,-49.202693,-31.425095,-41.785073,-35.945913,7,3,6,2,4,3,8,1,3,8,8,2,8,3,4,2,8,4,3,7,-1.709019,0.71980804,1.3474271,0.96988884,0.37753823
-15.348425,0.90736491,1.0151509,2,3,0,15.59451,0.68670019,4.6851997,3.2173275,1.4678722,-53.829464,-38.2173,-46.879184,-28.239666,-28.138273,-41.72797,-46.879184,-31.07208,-41.72797,-40.209933,8,2,8,5,3,1,8,3,3,8,8,1,7,3,5,2,7,4,3,4,-2.9641844,0.77174499,1.571093,1.2124831,0.35860985
-14.668184,1,1.0151509,2,3,0,15.440389,0.80438192,1.6426712,1.321335,0.32133619,-46.714749,-35.728773,-43.1709,-26.3066,-25.763953,-37.532221,-43.1709,-29.342654,-37.532221,-32.224032,8,1,7,5,5,2,8,2,1,8,8,1,8,2,6,2,7,3,5,5,-0.85710674,0.50432565,3.9382536,1.9861623,1.9520913
-14.750529,0.81652983,1.0151509,1,3,0,16.630666,0.74603806,3.906954,2.9147364,0.9922176,-55.177019,-39.271282,-48.976331,-28.144732,-27.754801,-42.26952,-48.976331,-31.508026,-42.26952,-37.938546,8,3,8,5,6,2,8,3,1,8,8,5,7,4,5,1,7,2,3,7,-2.3570969,0.61875856,1.6943539,1.048396,0.64595793
-15.122644,0.94046862,1.0151509,1,1,0,15.143235,0.73260194,4.5129851,3.3062217,1.2067635,-56.003482,-39.502067,-49.342975,-28.350953,-28.01904,-42.717708,-49.342975,-31.672172,-42.717708,-38.922505,6,5,3,5,2,7,7,2,2,7,7,4,8,4,4,3,8,2,2,8,-2.8957391,0.23822963,1.2657225,0.30153261,0.96418991
-15.120851,0.96163857,1.0151509,2,3,0,15.766974,0.83796428,1.4669887,1.2292841,0.23770458,-46.43927,-35.772961,-43.447059,-26.14922,-25.500275,-37.261266,-43.447059,-29.314317,-37.261266,-31.140765,6,1,8,4,7,1,6,1,2,6,8,1,5,7,3,2,8,5,4,5,-1.0060818,0.9060044,3.8202134,3.4611301,0.35908323
-15.217952,0.99359005,1.0151509,2,7,0,15.289177,0.63959108,4.0881937,2.6147722,1.4734215,-50.271888,-36.358409,-43.544384,-27.885364,-28.019361,-39.94497,-43.544384,-30.139483,-39.94497,-40.71249,7,2,7,4,6,5,8,4,1,6,8,5,5,3,5,2,8,2,3,6,-2.3319017,0.43986132,1.9457729,0.85587025,1.0899027
-15.862942,0.89184647,1.0151509,1,1,0,15.921465,0.62365009,4.9091931,3.0616187,1.8475744,-51.126305,-36.603619,-43.918743,-28.179932,-28.399248,-40.426746,-43.918743,-30.346082,-40.426746,-42.139298,8,3,5,4,3,2,7,3,4,7,8,3,7,5,6,4,6,3,3,7,-3.0872163,0.54525257,1.7028983,0.92850966,0.77438861
-17.388585,0.68671311,1.0151509,2,7,0,19.334258,0.37768649,1.9432165,0.73392664,1.2092899,-36.345496,-28.811668,-31.406828,-26.6767,-27.88623,-31.892734,-31.406828,-26.38701,-31.892734,-42.368403,8,6,6,5,6,3,5,5,2,8,6,6,4,4,4,4,6,6,2,8,-0.54803776,0.22048914,2.6707376,0.58886864,2.081869
-14.256288,0.93494023,1.0151509,2,3,0,18.781663,0.78141497,2.4376852,1.9048437,0.5328415,-51.143814,-37.737774,-46.442462,-27.264708,-26.755931,-40.056209,-46.442462,-30.554147,-40.056209,-34.804385,6,2,7,4,4,3,8,1,2,8,8,3,8,5,4,2,7,2,1,6,-1.1706401,0.71416078,2.1249658,1.5175672,0.60739856
-15.645847,0.76004261,1.0151509,1,3,0,16.86239,0.90442563,1.9418763,1.7562827,0.1855936,-54.348489,-40.007949,-51.631658,-27.445841,-26.453389,-41.138712,-51.631658,-31.636099,-41.138712,-31.771757,5,4,5,4,2,7,6,5,4,8,8,1,8,3,6,1,6,2,1,7,-1.547732,0.28447095,2.5969145,0.73874672,1.8581678
-16.274616,0.97796047,1.0151509,2,7,0,16.472984,0.4568622,2.3916307,1.0926456,1.298985,-39.647719,-30.616755,-34.144481,-26.899109,-27.827646,-33.956524,-34.144481,-27.262748,-33.956524,-41.977482,8,3,6,6,3,3,5,5,3,6,7,3,7,4,5,3,5,5,4,8,-0.76373207,0.41227494,4.0599121,1.6738,2.3861121
-14.817916,1,1.0151509,2,3,0,16.70643,0.78272006,3.9198136,3.0681167,0.85169685,-57.421873,-40.522087,-51.466306,-28.348046,-27.777049,-43.261789,-51.466306,-32.123287,-43.261789,-37.182586,6,6,7,5,6,3,8,4,3,7,8,2,7,6,2,4,8,3,3,7,-2.4772054,0.33229271,2.1291643,0.70750579,1.4216585
-15.060166,0.75559766,1.0151509,1,3,0,17.702491,0.77915213,1.3168839,1.0260529,0.29083102,-42.784279,-33.576326,-39.557161,-25.541846,-25.133324,-35.321262,-39.557161,-28.108002,-35.321262,-31.266741,7,2,8,6,1,4,4,3,5,7,8,1,8,2,3,1,5,2,3,6,-0.81837584,0.13263201,1.3637234,0.18087337,1.18285
-16.314814,0.88421279,1.0151509,2,3,0,16.584654,0.73802248,6.3026773,4.6515176,1.6511598,-59.755471,-41.035338,-52.252303,-28.910105,-28.533655,-44.493204,-52.252303,-32.510303,-44.493204,-40.202507,6,2,7,5,2,4,6,6,3,8,8,2,5,6,5,4,7,2,2,4,-4.5532992,0.10041679,1.0899778,0.10945207,0.98052574
-15.565199,1,1.0151509,1,1,0,16.249521,0.74251023,5.1995932,3.8607512,1.3388421,-58.112776,-40.442393,-51.13079,-28.639266,-28.249112,-43.715224,-51.13079,-32.171906,-43.715224,-39.317728,8,4,6,4,6,2,5,6,4,8,7,4,6,6,5,3,8,3,1,8,-3.5628115,0.38478144,4.0265144,1.549328,2.4771864
-14.866313,1,1.0151509,1,1,0,15.45411,0.74791165,4.1051203,3.0702673,1.034853,-55.852585,-39.57089,-49.530351,-28.249211,-27.84654,-42.601799,-49.530351,-31.672156,-42.601799,-38.13465,8,3,7,3,3,2,8,2,1,5,6,2,8,3,4,1,8,6,3,7,-2.5488878,0.34489578,1.1595319,0.39991767,0.75961426
-14.916457,0.99674415,1.0151509,2,7,0,14.954718,0.73589405,1.3556333,0.99760248,0.35803081,-41.787446,-32.843018,-38.241184,-25.467388,-25.213264,-34.824624,-38.241184,-27.744793,-34.824624,-32.025922,7,2,4,8,3,4,7,4,4,8,7,3,7,8,5,1,8,5,2,4,-0.67882758,0.21559569,1.7388903,0.37489726,1.363993
-17.729146,0.75174725,1.0151509,2,3,0,18.160831,0.37688496,1.3328921,0.502347,0.83054513,-33.618857,-27.415918,-29.531844,-25.57715,-26.639935,-30.028665,-29.531844,-25.342312,-30.028665,-38.534211,7,4,3,5,4,5,5,7,1,7,8,6,8,5,2,3,7,3,3,7,-0.4995633,0.15291656,2.0016281,0.30608207,1.695546
-14.512601,0.97005397,1.0151509,2,3,0,18.779834,0.63829636,2.4431617,1.5594612,0.88370047,-45.229388,-34.06881,-39.825129,-26.792874,-26.918577,-37.099967,-39.825129,-28.751469,-37.099967,-37.58505,8,5,6,6,3,2,6,4,2,7,8,5,8,4,2,4,6,5,6,7,-0.87332419,0.15468811,1.9781119,0.30599039,1.6721215
-14.406499,0.69059649,1.0151509,3,7,0,17.303997,0.72507098,3.2021023,2.3217515,0.88035084,-51.77662,-37.63347,-45.991632,-27.642972,-27.367122,-40.568593,-45.991632,-30.624801,-40.568593,-37.364268,8,6,6,7,8,3,6,5,2,8,8,4,7,7,4,3,7,2,4,7,-1.6536099,0.45908241,1.4958693,0.68672727,0.809142
-14.623017,0.94318737,1.0151509,2,7,0,15.118658,0.84049358,2.2322351,1.8761793,0.35605583,-52.944068,-38.966062,-49.019799,-27.382256,-26.628306,-40.767872,-49.019799,-31.145349,-40.767872,-33.378199,8,3,8,7,6,3,7,4,2,6,7,2,6,7,5,4,8,4,4,7,-1.2706091,0.57842801,1.9440747,1.1245072,0.81956743
-14.545798,1,1.0151509,3,7,0,14.668969,0.8285046,2.095443,1.7360842,0.35935885,-51.350713,-38.13953,-47.450633,-27.13246,-26.443305,-39.985191,-47.450633,-30.696297,-39.985191,-33.225805,7,5,7,7,4,6,4,5,3,5,8,2,7,4,6,2,8,1,2,4,-1.129475,0.27518156,1.15902,0.31894093,0.84007908
-15.640607,0.75965214,1.0151509,2,3,0,17.399487,0.88852171,1.5448909,1.3726691,0.1722218,-49.509679,-37.591865,-46.995206,-26.622663,-25.764942,-38.735083,-46.995206,-30.294243,-38.735083,-30.801351,8,2,6,5,4,2,8,1,5,5,6,2,8,6,6,2,8,3,1,7,-1.314435,0.2256245,1.8272021,0.41226155,1.4149405
-15.462796,0.98248083,1.0151509,3,7,0,16.35214,0.53291081,1.7627683,0.93939826,0.82337,-39.003543,-30.552828,-34.247246,-25.949843,-26.48942,-33.440675,-34.247246,-26.877022,-33.440675,-37.478302,8,2,5,5,6,1,7,2,4,7,6,3,8,6,5,4,8,5,5,7,-0.42343764,0.48874582,2.1630234,1.0571686,1.1058547
-15.590805,0.98449552,1.0151509,3,7,0,16.123589,0.88024189,3.6817477,3.2408285,0.44091912,-63.706032,-43.908076,-59.084905,-28.93422,-27.89138,-45.675926,-59.084905,-33.787554,-45.675926,-35.08293,5,5,7,6,4,5,6,5,2,6,8,1,8,7,3,1,8,2,3,6,-2.7320459,0.18048188,4.7268292,0.85310701,3.8737222
-16.320542,0.9799148,1.0151509,2,3,0,16.39982,0.91138225,3.768754,3.4347755,0.3339785,-67.021333,-45.437787,-62.968718,-29.277459,-28.075085,-46.837604,-62.968718,-34.550292,-46.837604,-34.655207,7,3,6,5,3,1,6,4,6,8,8,1,7,3,5,3,8,5,4,4,-3.0798833,0.54657325,1.8567352,1.0148418,0.84189341
-16.049034,1,1.0151509,1,1,0,16.414226,0.90418613,3.6180138,3.2713579,0.3466559,-65.576304,-44.8271,-61.462132,-29.11415,-27.956742,-46.298291,-61.462132,-34.240571,-46.298291,-34.610031,6,2,7,4,3,1,8,4,4,8,7,3,8,5,5,1,6,2,5,8,-2.8687966,0.59915436,2.500924,1.4984395,1.0024845
-14.305422,0.9970482,1.0151509,3,7,0,15.96889,0.79453495,2.4424776,1.9406338,0.50184379,-51.826168,-38.143026,-47.225647,-27.340212,-26.772787,-40.372886,-47.225647,-30.760219,-40.372886,-34.590973,6,4,7,5,5,3,8,6,3,7,7,1,7,5,4,1,6,5,1,7,-1.2194151,0.4610519,2.0855718,0.96155683,1.124015
-14.609701,0.91740653,1.0151509,1,3,0,15.198496,0.69060368,3.462545,2.3912463,1.0712987,-50.983842,-37.03294,-44.835975,-27.685009,-27.57016,-40.229192,-44.835975,-30.371105,-40.229192,-38.544168,7,3,8,8,2,4,8,5,4,5,8,2,6,4,6,2,6,4,4,7,-1.8218445,0.66558657,1.1969023,0.7966421,0.40026021
-15.265757,0.84913192,1.0151509,3,7,0,16.189976,0.83866294,1.383213,1.1600495,0.22316352,-45.593541,-35.343121,-42.731778,-25.973523,-25.336118,-36.780786,-42.731778,-29.061738,-36.780786,-30.804707,8,2,8,2,3,3,7,2,2,7,8,2,6,6,6,2,7,3,7,8,-1.0305825,0.61775637,1.4295607,0.88312025,0.54644048
-16.79174,0.81913284,1.0151509,2,3,0,17.77479,0.71704447,6.9575194,4.9888508,1.9686686,-59.258029,-40.634245,-51.420694,-28.947203,-28.678466,-44.304885,-51.420694,-32.346022,-44.304885,-41.116828,8,2,8,3,6,4,7,1,3,7,8,1,8,3,3,1,8,3,4,7,-5.077339,0.85056317,1.9396821,1.6498222,0.28985994
-14.2405,0.83187672,1.0151509,1,3,0,18.756272,0.76120952,2.1147165,1.6097423,0.50497417,-48.338741,-36.278234,-43.857645,-26.800338,-26.397343,-38.585457,-43.857645,-29.748691,-38.585457,-34.345745,8,2,8,4,5,5,6,3,4,6,7,5,8,2,5,1,8,4,2,5,-0.89418943,0.70706369,1.8392463,1.3004643,0.53878203
-14.259379,0.94040097,1.0151509,3,7,0,14.859016,0.72736721,2.7890801,2.0286854,0.76039469,-50.274486,-36.971393,-44.868877,-27.343093,-27.065102,-39.753603,-44.868877,-30.233746,-39.753603,-36.553168,8,6,6,5,4,4,8,6,1,7,8,2,7,4,4,3,8,3,4,7,-1.2988955,0.3142802,1.3572883,0.42656884,0.93071949
-14.385752,0.98674533,1.0151509,2,3,0,14.421642,0.72013775,1.7899787,1.2890313,0.50094747,-44.6536,-34.231873,-40.356684,-26.196133,-25.979634,-36.580617,-40.356684,-28.622603,-36.580617,-34.019457,8,2,5,6,3,2,7,3,3,7,7,2,8,5,2,2,7,1,1,5,-0.64262304,0.69459428,1.4168375,0.98412723,0.43271028
-14.435438,0.97989132,1.0151509,3,7,0,14.706961,0.81352461,2.6752851,2.1764103,0.49887483,-54.127057,-39.328197,-49.463861,-27.68083,-27.013641,-41.496719,-49.463861,-31.396244,-41.496719,-34.746223,3,3,7,5,5,2,6,6,6,8,8,3,8,7,4,2,7,6,2,5,-1.4731788,0.38609969,1.7469213,0.67448578,1.0724355
-14.522413,0.98554935,1.0151509,3,7,0,14.694186,0.80841396,3.0752875,2.4861054,0.58918215,-55.797861,-40.034408,-50.720122,-27.983031,-27.318064,-42.362755,-50.720122,-31.801177,-42.362755,-35.534039,8,1,8,4,4,3,8,6,1,8,8,5,8,6,5,3,7,3,4,6,-1.7927618,0.77328293,1.4480509,1.119753,0.32829785
-14.763134,0.94315735,1.0151509,3,7,0,15.555165,0.60908671,2.7289974,1.662196,1.0668013,-45.291175,-33.93816,-39.536077,-27.018057,-27.280386,-37.189681,-39.536077,-28.771805,-37.189681,-38.986142,7,3,6,7,4,3,6,4,3,7,8,1,6,4,4,1,8,1,3,8,-1.0662075,0.29143403,4.419165,1.2878951,3.1312699
-15.537353,0.8343631,1.0151509,2,3,0,16.963435,0.7595114,5.1467018,3.9089787,1.2377231,-59.114737,-40.999137,-52.259432,-28.711495,-28.234395,-44.142998,-52.259432,-32.43778,-44.142998,-38.878372,8,5,7,5,6,2,8,7,4,8,6,3,8,4,5,1,8,3,3,7,-3.5593903,0.22264895,2.5480066,0.56731099,1.9806956
-15.075255,1,1.0151509,1,1,0,15.50368,0.7501503,4.4453609,3.3346888,1.1106721,-56.888245,-40.018685,-50.366122,-28.40814,-27.98877,-43.105225,-50.366122,-31.917404,-43.105225,-38.454039,8,3,8,2,5,4,5,2,2,6,7,1,8,4,3,2,8,4,2,8,-2.8761581,0.9184609,1.5789423,1.4501968,0.12874553
-14.648103,0.85124548,1.0151509,3,7,0,16.895448,0.7422334,1.5226478,1.1301601,0.39248775,-43.424866,-33.723762,-39.639372,-25.821722,-25.532075,-35.796703,-39.639372,-28.266788,-35.796703,-32.66192,8,2,5,7,5,5,4,5,4,8,8,2,8,7,3,3,6,4,2,8,-0.6570016,0.19763565,1.7868456,0.3531444,1.4337012
-14.500735,1,1.0151509,1,1,0,14.642191,0.73549741,1.6465318,1.2110199,0.43551194,-44.168662,-34.068787,-40.157641,-26.018235,-25.747117,-36.255742,-40.157641,-28.489456,-36.255742,-33.250631,7,5,3,7,5,4,5,6,3,8,8,5,8,4,3,1,5,3,4,5,-0.64545738,0.045983478,3.9053969,0.17958373,3.7258132
-14.383984,0.99545512,1.0151509,2,7,0,14.613867,0.79293057,2.8967465,2.2969188,0.59982763,-54.076137,-39.157154,-49.016749,-27.749561,-27.165401,-41.553149,-49.016749,-31.339423,-41.553149,-35.51461,7,1,8,5,6,3,8,3,1,7,8,4,7,5,7,2,7,3,3,5,-1.5787939,0.93271172,2.4714627,2.3051622,0.16630047
-14.984892,0.93860583,1.0151509,2,3,0,15.159076,0.6476314,3.7802904,2.4482348,1.3320556,-49.905378,-36.256344,-43.395273,-27.752294,-27.845177,-39.732131,-43.395273,-30.049878,-39.732131,-40.065265,6,2,7,7,3,4,8,6,3,8,8,6,7,6,4,3,8,3,2,5,-2.0519995,0.26497505,1.014991,0.26894728,0.74604369
# 
#  Elapsed Time: 0.012 seconds (Warm-up)
#                0.019 seconds (Sampling)
#                0.031 seconds (Total)
# 
