# stan_version_major = 2
# stan_version_minor = 38
# stan_version_patch = 0
# model = WeightedAgent_model
# start_datetime = 2026-05-11 08:30:10 UTC
# method = sample (Default)
#   sample
#     num_samples = 1000 (Default)
#     num_warmup = 300
#     save_warmup = true
#     thin = 1 (Default)
#     adapt
#       engaged = true (Default)
#       gamma = 0.05 (Default)
#       delta = 0.8 (Default)
#       kappa = 0.75 (Default)
#       t0 = 10 (Default)
#       init_buffer = 75 (Default)
#       term_buffer = 50 (Default)
#       window = 25 (Default)
#       save_metric = false (Default)
#     algorithm = hmc (Default)
#       hmc
#         engine = nuts (Default)
#           nuts
#             max_depth = 10 (Default)
#         metric = diag_e (Default)
#         metric_file =  (Default)
#         stepsize = 1 (Default)
#         stepsize_jitter = 0 (Default)
#     num_chains = 1 (Default)
# id = 1 (Default)
# data
#   file = /var/folders/7_/txf_yc3n3ws8m_z7jz1j51nr0000gn/T/RtmpCZXZ45/standata-16d8c2e19011d.json
# init = 2 (Default)
# random
#   seed = 1134942318
# output
#   file = /Users/magnusseverin/Documents/GitHub/Advanced_Cognitive_Modeling/Assignment03/src/simmodels/temp/WeightedAgent-202605111030-1-79cc4b.csv
#   diagnostic_file =  (Default)
#   refresh = 0
#   sig_figs = 8 (Default)
#   profile_file = /Users/magnusseverin/Documents/GitHub/Advanced_Cognitive_Modeling/Assignment03/src/simmodels/temp/WeightedAgent-profile-202605111030-1-1997a9.csv
#   save_cmdstan_config = false (Default)
# num_threads = 1 (Default)
# stanc_version = stanc3 v2.38.0
# stancflags = --name=WeightedAgent_model
lp__,accept_stat__,stepsize__,treedepth__,n_leapfrog__,divergent__,energy__,rho,kappa,weight_direct,weight_social,log_lik.1,log_lik.2,log_lik.3,log_lik.4,log_lik.5,log_lik.6,log_lik.7,log_lik.8,log_lik.9,log_lik.10,prior_pred.1,prior_pred.2,prior_pred.3,prior_pred.4,prior_pred.5,prior_pred.6,prior_pred.7,prior_pred.8,prior_pred.9,prior_pred.10,posterior_pred.1,posterior_pred.2,posterior_pred.3,posterior_pred.4,posterior_pred.5,posterior_pred.6,posterior_pred.7,posterior_pred.8,posterior_pred.9,posterior_pred.10,lprior,rho_prior,kappa_prior,wd_prior,ws_prior
-13.326574,0.96044868,0.5,2,3,0,14.81736,0.71672303,2.8357646,2.0324578,0.80330682,-0.81337366,-1.4438004,-1.2793471,-1.4441591,-0.57916625,-1.5213337,-1.8775825,-1.1086161,-0.81337366,-0.57916625,8,5,3,2,7,4,5,5,4,7,8,1,3,7,8,1,4,7,8,7,-1.314571,0.24452792,4.3214275,1.0567097,3.2647178
-13.326574,0,13.387347,0,1,1,13.460552,0.71672303,2.8357646,2.0324578,0.80330682,-0.81337366,-1.4438004,-1.2793471,-1.4441591,-0.57916625,-1.5213337,-1.8775825,-1.1086161,-0.81337366,-0.57916625,7,2,5,3,8,4,2,3,7,6,7,1,5,5,8,5,5,7,7,8,-1.314571,0.30369311,2.1383982,0.64941678,1.4889814
-13.326574,0.0075402235,2.2147692,1,1,0,14.375273,0.71672303,2.8357646,2.0324578,0.80330682,-0.81337366,-1.4438004,-1.2793471,-1.4441591,-0.57916625,-1.5213337,-1.8775825,-1.1086161,-0.81337366,-0.57916625,6,1,2,6,8,1,6,5,4,8,8,1,2,4,8,5,6,7,8,8,-1.314571,0.49678964,1.7636656,0.87617081,0.8874948
-14.145023,0.99064012,0.22018534,3,7,0,14.344963,0.58678965,1.8925495,1.1105284,0.78202102,-1.1417403,-1.6440861,-1.3295201,-1.4264592,-0.80875761,-1.6735714,-1.6731606,-1.2233244,-1.1417403,-0.80875761,7,2,4,2,7,5,5,8,7,7,6,3,4,6,7,3,3,5,7,7,-0.4949431,0.44596441,2.2211285,0.99054426,1.2305842
-13.237903,0.99565983,0.28817449,3,7,0,14.487548,0.7167966,2.0567763,1.4742903,0.58248603,-0.82371452,-1.422762,-1.3196433,-1.4779073,-0.60064022,-1.5284479,-1.8708041,-1.1449234,-0.82371452,-0.60064022,6,2,4,4,6,3,5,6,6,7,7,1,3,6,5,3,8,6,8,5,-0.75129199,0.41329733,2.362055,0.976231,1.385824
-13.456586,0.94536952,0.44258481,2,3,0,13.755927,0.7779102,1.4918719,1.1605424,0.33132954,-0.70149983,-1.3006591,-1.3777623,-1.5612161,-0.53962945,-1.482874,-1.9658703,-1.1684456,-0.70149983,-0.53962945,8,4,3,3,8,3,2,7,7,7,8,2,3,6,8,4,3,6,5,8,-0.76171461,0.43508221,1.5725763,0.68419998,0.88837635
-13.139995,0.99222899,0.63499582,1,3,0,13.403145,0.81187759,1.8244222,1.4812075,0.34321471,-0.60863883,-1.2540301,-1.3532001,-1.5655773,-0.46733422,-1.4395755,-2.0383862,-1.1282262,-0.60863883,-0.46733422,7,2,3,5,7,3,3,6,8,5,8,2,3,4,7,2,7,4,8,5,-0.93124862,0.61998977,3.5120662,2.1774451,1.3346211
-13.176403,1,1.1034916,1,1,0,13.188254,0.86674572,2.4505668,2.1240183,0.32654851,-0.45667021,-1.1696624,-1.3298686,-1.5964606,-0.35327218,-1.3714734,-2.1781189,-1.0773332,-0.45667021,-0.35327218,5,4,3,6,7,2,6,6,8,7,8,1,6,4,8,4,5,8,7,7,-1.5714148,0.35311687,1.0171868,0.35918581,0.65800097
-13.176403,6.1080318e-08,2.0253472,1,1,0,13.491651,0.86674572,2.4505668,2.1240183,0.32654851,-0.45667021,-1.1696624,-1.3298686,-1.5964606,-0.35327218,-1.3714734,-2.1781189,-1.0773332,-0.45667021,-0.35327218,8,2,3,8,8,3,3,8,8,8,7,2,5,5,8,2,5,7,8,7,-1.5714148,0.66870896,1.6974174,1.1350782,0.56233917
-13.389165,0.99274437,0.16068703,3,15,0,13.695115,0.78676268,1.539141,1.2109387,0.3282023,-0.6793185,-1.2879089,-1.3742272,-1.5639975,-0.52326025,-1.4729231,-1.9824958,-1.1608595,-0.6793185,-0.52326025,8,1,1,5,6,3,4,5,5,6,8,4,3,2,8,5,5,7,8,8,-0.78764156,0.41227185,1.9534309,0.80534457,1.1480863
-14.966619,0.96860602,0.29389907,3,7,0,15.152219,0.93965726,4.3391727,4.0773352,0.26183757,-0.237044,-1.0470444,-1.3065541,-1.6712552,-0.18810489,-1.2746715,-2.4281925,-1.014848,-0.237044,-0.18810489,7,2,3,6,7,2,4,8,5,8,8,2,4,5,8,4,5,7,8,8,-3.971484,0.50361716,3.715695,1.8712878,1.8444073
-13.884938,0.99473635,0.50260867,2,7,0,15.223377,0.82181397,1.2583237,1.034108,0.2242157,-0.62331437,-1.2245846,-1.4159917,-1.6176993,-0.49965793,-1.457777,-2.031341,-1.1858132,-0.62331437,-0.49965793,6,1,4,5,7,3,3,6,3,7,8,3,4,4,8,4,3,7,7,8,-1.0143982,0.2848945,2.800072,0.79772512,2.0023469
-13.399764,0.38644756,0.93642853,1,3,0,13.526166,0.69163129,2.64839,1.8317094,0.81668062,-0.87832522,-1.4854613,-1.2847256,-1.4337473,-0.62385327,-1.5510175,-1.8306885,-1.1277098,-0.87832522,-0.62385327,7,5,5,4,5,4,5,8,8,6,7,1,4,7,8,6,4,6,8,8,-1.1108478,0.5066812,1.0351107,0.52447113,0.51063955
-13.922265,0.97757314,0.25877194,4,15,0,14.502769,0.8834195,3.9920452,3.5266506,0.46539463,-0.38070537,-1.1492798,-1.2886296,-1.5920803,-0.28532458,-1.332612,-2.2672202,-1.0247001,-0.38070537,-0.28532458,8,3,5,2,8,6,6,4,7,7,8,5,4,4,8,2,2,6,8,8,-3.0468586,0.4454399,1.7023528,0.75829586,0.94405694
-13.699642,1,0.4592952,1,1,0,13.943824,0.87959209,3.6531816,3.2133096,0.43987197,-0.39577965,-1.1547848,-1.2944475,-1.5906149,-0.29802534,-1.3399128,-2.2489592,-1.0330518,-0.39577965,-0.29802534,8,2,6,5,8,2,5,8,7,7,8,2,2,5,8,3,4,7,8,7,-2.7006924,0.59793017,2.5742659,1.5392312,1.0350346
-13.699642,0.60271462,0.87026328,1,3,0,14.833626,0.87959209,3.6531816,3.2133096,0.43987197,-0.39577965,-1.1547848,-1.2944475,-1.5906149,-0.29802534,-1.3399128,-2.2489592,-1.0330518,-0.39577965,-0.29802534,7,4,4,3,6,5,3,6,4,8,8,3,4,7,8,1,5,6,8,8,-2.7006924,0.16230116,1.9317513,0.31352549,1.6182258
-13.331655,1,0.48235352,1,1,0,13.617311,0.87598495,2.8936697,2.5348111,0.35885858,-0.42121246,-1.1569365,-1.3148952,-1.5973596,-0.32307077,-1.3539473,-2.2166977,-1.0568218,-0.42121246,-0.32307077,7,1,4,4,8,1,7,8,8,7,7,2,2,4,8,2,5,7,8,8,-1.9891968,0.85295329,2.3020377,1.9635306,0.33850707
-14.047004,0.82878665,0.90863509,1,3,0,14.089369,0.93613039,2.3877817,2.235275,0.15250668,-0.29866298,-1.0503769,-1.3585199,-1.6847363,-0.25022572,-1.3114445,-2.3383606,-1.0751199,-0.29866298,-0.25022572,8,5,3,5,7,5,6,6,8,8,7,2,4,6,7,2,6,8,8,8,-2.184121,0.80906241,0.71186819,0.57594579,0.1359224
-14.695606,0.59129529,1.0100827,1,3,0,15.525448,0.53788766,1.6779734,0.90256117,0.77541219,-1.2590296,-1.7150681,-1.3533683,-1.4334568,-0.89006362,-1.7289431,-1.618622,-1.2681807,-1.2590296,-0.89006362,7,2,4,3,6,4,3,4,8,8,7,2,2,5,6,2,6,7,6,8,-0.40531437,0.7330566,2.455613,1.8001033,0.65550968
-14.055922,1,0.54938034,2,3,0,14.754868,0.63284339,1.5027454,0.95100251,0.55174291,-1.0301485,-1.5390482,-1.3640563,-1.4775803,-0.75135896,-1.623871,-1.7448613,-1.227036,-1.0301485,-0.75135896,8,3,5,4,8,2,5,3,8,8,7,2,5,3,5,5,4,5,8,6,-0.4642491,0.76186555,1.9314952,1.4715396,0.45995554
-14.055922,5.538716e-06,1.0213997,1,1,0,15.734635,0.63284339,1.5027454,0.95100251,0.55174291,-1.0301485,-1.5390482,-1.3640563,-1.4775803,-0.75135896,-1.623871,-1.7448613,-1.227036,-1.0301485,-0.75135896,6,4,2,3,8,4,5,8,7,6,4,6,1,4,5,3,2,8,6,7,-0.4642491,0.65202864,1.3357946,0.87097637,0.46481827
-13.286319,0.99998889,0.097789472,4,19,0,14.087035,0.83074972,3.2576573,2.7062979,0.55135939,-0.52297754,-1.2411219,-1.2885076,-1.5376448,-0.38533173,-1.3937925,-2.1215284,-1.0534492,-0.52297754,-0.38533173,3,7,1,4,7,5,2,6,5,6,8,1,4,5,8,1,6,5,7,8,-2.0528606,0.079189945,1.8790575,0.14880246,1.730255
-13.297878,0.99924946,0.18276509,4,15,0,13.681399,0.76293696,3.1934626,2.4364106,0.75705195,-0.69287951,-1.3648271,-1.2739036,-1.4713189,-0.49664579,-1.4670011,-1.9725962,-1.07716,-0.69287951,-0.49664579,8,2,3,4,8,4,5,7,7,8,7,4,2,7,8,2,3,6,8,8,-1.7431172,0.90913107,3.5131594,3.1939223,0.31923704
-13.349899,0.98879685,0.33744036,3,7,0,14.082384,0.88202854,2.8063735,2.4753015,0.33107196,-0.40925013,-1.1456837,-1.3201906,-1.6064741,-0.31641242,-1.3497833,-2.2278543,-1.0593718,-0.40925013,-0.31641242,8,1,6,5,8,3,4,8,7,8,7,3,7,5,8,4,3,8,8,8,-1.958266,0.85670702,1.384241,1.185889,0.19835201
-15.146164,0.7843816,0.59847481,1,3,0,16.441073,0.96319529,3.1992021,3.0814564,0.11774571,-0.20576045,-1.0039993,-1.3416431,-1.714615,-0.17700171,-1.2690744,-2.4529602,-1.043721,-0.20576045,-0.17700171,3,4,2,5,5,3,5,5,4,8,7,2,7,6,8,2,3,5,6,8,-3.3778999,0.2711699,2.4515091,0.66477547,1.7867336
-13.844466,0.95681547,0.58628635,2,7,0,15.444165,0.89250697,1.4943385,1.3337075,0.16063098,-0.45230051,-1.1186352,-1.4055311,-1.663655,-0.37624235,-1.3856055,-2.177107,-1.1448118,-0.45230051,-0.37624235,8,1,5,4,4,3,2,8,5,8,8,1,4,5,8,4,6,8,8,5,-1.3496677,0.70464555,1.1819104,0.83282787,0.34908249
-14.029431,0.49217609,0.93655847,1,3,0,14.331281,0.78021201,4.5254412,3.5308035,0.99463762,-0.63623548,-1.3462636,-1.2468303,-1.4651193,-0.44860332,-1.4401933,-2.0260929,-1.0410932,-0.63623548,-0.44860332,7,3,5,2,5,5,3,2,7,7,8,1,1,5,7,5,2,5,8,8,-3.0405946,0.52234376,2.1789711,1.1381719,1.0407991
-13.174386,0.86100069,0.40251358,2,3,0,15.522297,0.82963484,1.8119633,1.5032678,0.30869541,-0.5689548,-1.2242689,-1.3585074,-1.582604,-0.44176151,-1.4237613,-2.0721924,-1.1249277,-0.5689548,-0.44176151,7,2,5,3,8,1,7,7,7,7,8,2,4,5,7,5,7,7,8,6,-1.0045213,0.84564271,2.4043055,2.0331834,0.37112208
-13.104618,1,0.49017265,2,3,0,13.203974,0.7679729,2.7087896,2.080277,0.62851261,-0.68737896,-1.3478755,-1.2925478,-1.4891066,-0.49958049,-1.4659614,-1.9752716,-1.0920523,-0.68737896,-0.49958049,8,2,2,3,7,4,7,8,8,7,7,2,2,4,8,4,5,6,8,6,-1.3394839,0.7596055,2.8323837,2.1514943,0.68088947
-13.045785,0.98527832,0.87340229,2,3,0,13.16478,0.79818731,2.0291,1.6196019,0.40949813,-0.63192713,-1.2815044,-1.3350493,-1.5425392,-0.47691997,-1.4467091,-2.0190316,-1.1171531,-0.63192713,-0.47691997,4,3,3,1,8,3,6,7,7,8,7,2,3,4,8,4,5,6,8,8,-0.96786882,0.74778148,1.302144,0.97371914,0.32842483
-13.58402,0.40709298,1.4804703,1,1,0,14.203669,0.70379324,1.5636098,1.100458,0.4631518,-0.86539486,-1.4247067,-1.3601612,-1.5057045,-0.64297932,-1.5506932,-1.8467966,-1.1880612,-0.86539486,-0.64297932,8,3,3,5,5,5,3,6,8,8,8,4,2,3,8,1,5,8,8,7,-0.57017691,0.51205547,0.95548708,0.48926239,0.46622469
-13.136317,0.93270369,0.51737676,2,7,0,14.414095,0.82718929,2.9028451,2.4012024,0.50164271,-0.53866982,-1.2440398,-1.2990849,-1.5411574,-0.39993035,-1.4018522,-2.1046597,-1.0661516,-0.53866982,-0.39993035,6,6,4,5,8,3,6,6,6,8,7,3,3,5,7,4,7,6,8,8,-1.7225817,0.58514472,2.4502848,1.4337712,1.0165136
-14.17356,0.39040735,0.75785671,2,3,0,14.86021,0.91202544,3.8925189,3.5500763,0.34244264,-0.31211726,-1.0965845,-1.3022046,-1.632639,-0.24091287,-1.305592,-2.3397064,-1.0242814,-0.31211726,-0.24091287,6,1,1,4,8,3,4,8,7,6,8,2,3,5,8,5,5,7,7,8,-3.2027538,0.6813718,1.3234662,0.90177255,0.42169365
-13.01573,0.99671299,0.25905351,3,7,0,14.440291,0.82010584,2.3218281,1.9041448,0.41768333,-0.5707514,-1.2490457,-1.3227155,-1.5507571,-0.43044253,-1.4187882,-2.0723401,-1.0937214,-0.5707514,-0.43044253,8,1,3,4,5,4,3,5,6,8,8,2,6,6,8,1,6,7,8,7,-1.2346211,0.61905674,1.9632526,1.2153647,0.74788783
-13.011599,0.99904266,0.44932545,2,5,0,13.024959,0.79020785,2.3373353,1.8469807,0.49035461,-0.6413747,-1.3014953,-1.3147538,-1.5219044,-0.47619081,-1.4481378,-2.0119144,-1.1014489,-0.6413747,-0.47619081,8,2,4,8,8,6,8,6,8,8,8,2,6,6,8,2,3,7,7,8,-1.128728,0.90059956,2.351872,2.1180949,0.23377712
-13.011599,0.20897572,0.77724946,1,3,0,15.12809,0.79020785,2.3373353,1.8469807,0.49035461,-0.6413747,-1.3014953,-1.3147538,-1.5219044,-0.47619081,-1.4481378,-2.0119144,-1.1014489,-0.6413747,-0.47619081,7,1,3,6,6,4,4,7,5,7,8,1,6,5,8,3,5,7,6,8,-1.128728,0.61322934,0.91792477,0.5628984,0.35502637
-13.172548,0.99791344,0.16970201,3,7,0,13.193116,0.74387662,2.7020881,2.0100201,0.69206792,-0.74703617,-1.3913612,-1.2885886,-1.4692484,-0.53833763,-1.4920776,-1.9277688,-1.1017171,-0.74703617,-0.53833763,7,2,4,5,7,2,4,6,7,8,8,2,4,5,8,2,3,7,6,7,-1.2670875,0.60464914,3.3445461,2.022277,1.3222692
-13.074294,0.98149531,0.29237103,3,7,0,13.642496,0.82629158,2.007727,1.6589679,0.34875908,-0.56762545,-1.2333426,-1.3432129,-1.5696012,-0.43547299,-1.4205901,-2.0737404,-1.1111788,-0.56762545,-0.43547299,8,3,2,5,5,3,3,7,8,7,7,3,4,6,7,4,4,8,7,6,-1.0722496,0.61216865,0.78146845,0.47839049,0.30307797
-13.86466,0.55704416,0.47883564,2,3,0,17.042093,0.64170727,3.0105471,1.9318899,1.0786572,-1.0051559,-1.5881357,-1.2682509,-1.3922754,-0.69973841,-1.6097053,-1.745083,-1.1428129,-1.0051559,-0.69973841,7,2,4,5,8,2,5,8,3,4,8,3,3,4,8,1,5,7,8,6,-1.3407022,0.59416766,0.90340187,0.53677217,0.36662969
-15.265184,0.97516232,0.26379492,3,7,0,15.606009,0.47954658,2.3866762,1.1445224,1.2421538,-1.4282469,-1.8716691,-1.3170546,-1.3776407,-0.97712265,-1.8137949,-1.5258667,-1.2759644,-1.4282469,-0.97712265,7,3,2,4,8,5,5,6,5,7,5,3,5,7,6,5,1,4,8,8,-0.75438705,0.40833467,2.4357826,0.99461447,1.4411681
-13.020991,0.99599082,0.42226004,3,7,0,15.373097,0.81864936,2.1984553,1.799764,0.39869127,-0.57820606,-1.249602,-1.3292401,-1.554023,-0.4378898,-1.4229167,-2.065236,-1.1010033,-0.57820606,-0.4378898,7,4,2,5,8,5,5,6,5,8,8,2,6,5,8,2,5,7,7,8,-1.1471104,0.3466908,3.7692899,1.3067781,2.4625118
-13.984856,0.72797789,0.7071688,2,3,0,14.237012,0.9060973,1.5062572,1.3648156,0.14144161,-0.42225467,-1.0973975,-1.4086284,-1.6774214,-0.35593739,-1.3742055,-2.205451,-1.1423608,-0.42225467,-0.35593739,4,3,2,3,7,5,3,7,8,5,8,3,5,7,8,4,5,7,8,8,-1.4685309,0.3052661,1.6337871,0.49873983,1.1350473
-14.523557,0.75180872,0.6025663,1,1,0,14.828247,0.89329201,1.1650928,1.0407681,0.12432472,-0.48643166,-1.1157757,-1.4478434,-1.6896387,-0.41500245,-1.4104248,-2.1495043,-1.1885191,-0.48643166,-0.41500245,8,3,2,5,8,4,2,8,8,7,4,5,1,4,8,6,6,8,8,8,-1.5212821,0.4540308,1.9759543,0.8971441,1.0788102
-14.523557,0.1728183,0.54584368,1,1,0,17.997451,0.89329201,1.1650928,1.0407681,0.12432472,-0.48643166,-1.1157757,-1.4478434,-1.6896387,-0.41500245,-1.4104248,-2.1495043,-1.1885191,-0.48643166,-0.41500245,8,1,3,6,7,4,4,7,7,8,8,1,5,5,8,2,2,7,6,8,-1.5212821,0.85515968,1.8760183,1.6042952,0.27172309
-14.233916,0.99119883,0.11938495,4,15,0,15.983861,0.81553486,4.8787083,3.9787567,0.89995163,-0.54218781,-1.2809643,-1.2505996,-1.4993599,-0.38539638,-1.3986022,-2.1127182,-1.0236834,-0.54218781,-0.38539638,7,5,2,5,7,1,5,6,5,7,8,3,3,4,8,3,7,8,8,8,-3.5034949,0.15901172,0.90864096,0.14448456,0.7641564
-14.392493,0.99357628,0.19639672,2,3,0,14.578673,0.82720793,5.0995365,4.2183771,0.88115948,-0.51039203,-1.259767,-1.2510836,-1.5110874,-0.36352042,-1.3846197,-2.1439195,-1.0172266,-0.51039203,-0.36352042,7,2,2,5,7,3,4,7,7,8,7,3,3,5,8,5,5,7,8,6,-3.7607483,0.29935277,3.2303311,0.96700858,2.2633225
-13.547766,0.96905176,0.32264662,2,3,0,15.072081,0.82841611,1.4465957,1.1983832,0.24821251,-0.59390004,-1.2188354,-1.3933043,-1.6058464,-0.47129129,-1.4408369,-2.0524609,-1.160355,-0.59390004,-0.47129129,6,3,5,2,6,5,3,6,6,4,8,3,5,2,8,3,8,8,8,8,-0.96403429,0.24090215,3.753634,0.90425851,2.8493755
-13.531456,0.84007347,0.4962007,2,3,0,14.783566,0.69197922,1.6821665,1.1640243,0.51814224,-0.88985047,-1.4502856,-1.3473772,-1.4886269,-0.65435967,-1.560109,-1.8284852,-1.1826426,-0.88985047,-0.65435967,5,2,2,6,7,2,7,8,8,8,8,3,2,3,7,3,4,6,4,8,-0.55980455,0.79933966,3.9389977,3.1485971,0.79040061
-15.231869,0.83439861,0.55738989,2,3,0,15.657416,0.4895697,2.6579839,1.3012684,1.3567155,-1.4077215,-1.8669616,-1.3018393,-1.3646265,-0.95924677,-1.8048435,-1.5307001,-1.2596799,-1.4077215,-0.95924677,6,2,4,2,8,1,4,5,7,8,4,6,3,3,7,3,3,7,7,7,-0.96011972,0.76078538,1.871724,1.4239802,0.44774374
-13.27862,0.43326234,0.61671728,2,3,0,18.27484,0.76857748,3.1825836,2.4460621,0.73652151,-0.67882656,-1.3542512,-1.2753611,-1.476635,-0.48766101,-1.4608517,-1.9841358,-1.0753238,-0.67882656,-0.48766101,8,4,5,4,7,3,4,6,8,8,8,2,3,6,8,4,5,4,8,8,-1.7500555,0.53530781,1.9392244,1.038082,0.90114244
-13.373557,0.98641193,0.26470633,3,7,0,13.874382,0.68698246,2.3668931,1.626014,0.74087904,-0.89235346,-1.4857962,-1.2981787,-1.4428525,-0.63794204,-1.5578915,-1.8215038,-1.1420881,-0.89235346,-0.63794204,7,4,1,6,8,5,5,6,8,8,8,3,3,3,8,2,4,8,6,8,-0.88929058,0.47246929,2.7407169,1.2949046,1.4458123
-13.4265,0.99412896,0.41950984,1,1,0,13.444042,0.67867278,2.4032506,1.6310208,0.77222983,-0.91274158,-1.5019762,-1.2957109,-1.4362065,-0.6503238,-1.5670695,-1.8074881,-1.1445904,-0.91274158,-0.6503238,6,3,1,3,8,4,3,6,7,7,6,2,5,4,7,2,5,6,7,8,-0.90123867,0.51352287,2.7127239,1.3930457,1.3196781
-13.044922,0.93091146,0.67274806,2,3,0,13.641235,0.78143453,2.0807774,1.6259913,0.45478609,-0.66945527,-1.3113694,-1.328091,-1.5254613,-0.50008495,-1.4619052,-1.9883071,-1.1189529,-0.66945527,-0.50008495,8,5,6,4,8,4,5,6,7,7,8,3,3,7,8,1,2,8,7,6,-0.93720244,0.74753536,1.2556208,0.93862095,0.31699985
-13.044922,0.0069900837,0.92643983,2,5,0,14.099791,0.78143453,2.0807774,1.6259913,0.45478609,-0.66945527,-1.3113694,-1.328091,-1.5254613,-0.50008495,-1.4619052,-1.9883071,-1.1189529,-0.66945527,-0.50008495,6,5,3,5,8,8,1,6,8,7,8,1,7,4,8,4,4,6,6,7,-0.93720244,0.037703802,1.4824628,0.055894485,1.4265683
-13.541409,0.99558965,0.1522412,4,15,0,13.60671,0.90018537,2.8661743,2.5800882,0.28608614,-0.36440645,-1.1140583,-1.324761,-1.6284539,-0.28605011,-1.3317153,-2.2741896,-1.0551393,-0.36440645,-0.28605011,6,3,2,3,8,2,5,7,8,8,8,2,3,4,7,1,5,8,8,8,-2.1555617,0.81399904,3.724113,3.0314244,0.69268861
-13.618187,0.97385467,0.24424909,3,11,0,14.551498,0.72721978,1.4592829,1.0612194,0.39806351,-0.8158476,-1.3812147,-1.3741377,-1.5296635,-0.61526359,-1.5309921,-1.8827467,-1.1892425,-0.8158476,-0.61526359,8,2,1,4,6,6,4,6,5,8,8,4,3,2,8,3,5,7,8,8,-0.62829707,0.42843606,2.2579023,0.96736676,1.2905355
-13.828206,0.99572475,0.370774,3,7,0,14.184019,0.6349218,1.7550502,1.1143197,0.64073057,-1.0239828,-1.5515794,-1.338845,-1.4546912,-0.73798417,-1.619526,-1.7427139,-1.2049516,-1.0239828,-0.73798417,8,1,1,2,8,5,3,7,8,6,7,2,2,6,7,3,4,7,8,8,-0.4925652,0.48657545,0.74383601,0.36193234,0.38190367
-14.130945,0.95496188,0.58817191,1,1,0,14.234789,0.58372741,2.1769306,1.2707341,0.90619654,-1.1520175,-1.6654935,-1.3101046,-1.4062384,-0.80782532,-1.6784972,-1.6631372,-1.2099127,-1.1520175,-0.80782532,8,2,1,5,8,4,4,4,6,7,8,1,2,4,8,2,5,5,5,6,-0.6410554,0.65141966,1.8406171,1.1990142,0.64160295
-14.130945,0.089581844,0.84675238,1,3,0,15.812725,0.58372741,2.1769306,1.2707341,0.90619654,-1.1520175,-1.6654935,-1.3101046,-1.4062384,-0.80782532,-1.6784972,-1.6631372,-1.2099127,-1.1520175,-0.80782532,8,2,3,2,7,7,6,7,7,8,8,4,3,5,7,3,5,5,6,6,-0.6410554,0.81169872,2.6043236,2.1139261,0.49039745
-14.62614,0.99204016,0.17672867,3,7,0,14.840279,0.56640808,3.1963224,1.8104228,1.3858995,-1.2063749,-1.7382159,-1.2668407,-1.3566136,-0.82507187,-1.7068767,-1.6253873,-1.1874495,-1.2063749,-0.82507187,8,3,2,4,8,5,2,7,6,7,7,3,3,4,5,4,8,5,8,8,-1.4397723,0.64530737,2.9539186,1.9061854,1.0477331
-15.869905,0.97709683,0.27691441,3,7,0,16.812793,0.44818343,2.8937671,1.2969385,1.5968287,-1.5276089,-1.9596239,-1.3054579,-1.3557577,-1.0301723,-1.8666991,-1.4774399,-1.2882168,-1.5276089,-1.0301723,7,1,3,6,8,3,4,7,7,8,7,3,1,4,6,3,3,8,7,8,-1.1666138,0.50030185,2.2054367,1.103384,1.1020526
-13.752228,1,0.41759165,2,3,0,15.857421,0.70288145,1.4320054,1.00653,0.42547537,-0.87142356,-1.4192885,-1.3750078,-1.5182337,-0.65240689,-1.555072,-1.8455336,-1.2018096,-0.87142356,-0.65240689,7,2,4,3,8,1,5,4,8,6,8,3,5,5,7,1,6,6,7,8,-0.58250614,0.83423847,1.3411943,1.1188759,0.22231841
-13.752228,0.68015108,0.65884758,1,1,0,14.43655,0.70288145,1.4320054,1.00653,0.42547537,-0.87142356,-1.4192885,-1.3750078,-1.5182337,-0.65240689,-1.555072,-1.8455336,-1.2018096,-0.87142356,-0.65240689,8,2,3,1,7,3,3,7,8,6,6,5,2,7,8,5,5,6,8,7,-0.58250614,0.73967439,1.8440227,1.3639764,0.48004634
-14.887992,0.90426137,0.51572871,2,3,0,15.47797,0.50860185,2.0529138,1.0441158,1.008798,-1.3426195,-1.7959664,-1.3292733,-1.3994256,-0.93120063,-1.7700218,-1.5699947,-1.267093,-1.3426195,-0.93120063,8,7,5,6,7,2,2,8,6,7,7,1,4,3,7,1,8,5,6,8,-0.54124619,0.89847892,2.4660805,2.2157213,0.25035916
-13.838888,0.63346769,0.65717786,2,3,0,16.821608,0.61816065,2.1867159,1.3517417,0.8349742,-1.065015,-1.6033364,-1.3073631,-1.4177822,-0.75228555,-1.6375366,-1.7124982,-1.1882817,-1.065015,-0.75228555,8,2,6,7,8,1,6,7,8,8,8,6,3,7,8,4,6,7,5,8,-0.67612737,0.90990266,2.3093181,2.1012547,0.20806342
-13.951941,0.98509587,0.46652694,2,3,0,14.150529,0.62736954,2.9518531,1.8519027,1.0999504,-1.0426625,-1.6137245,-1.2705608,-1.3873354,-0.72443832,-1.6273979,-1.7215801,-1.153246,-1.0426625,-0.72443832,8,1,4,5,8,1,6,8,8,8,6,1,2,3,8,4,6,6,7,7,-1.2729398,0.97316624,1.9905863,1.9371714,0.053414911
-13.543351,0.52348167,0.70499048,2,3,0,15.445503,0.78399619,1.4278001,1.1193898,0.30841025,-0.69178469,-1.2887392,-1.3862686,-1.5715509,-0.5360641,-1.4802532,-1.9742657,-1.1737681,-0.69178469,-0.5360641,4,1,3,4,7,4,2,8,8,6,8,1,3,3,8,3,3,5,8,8,-0.79313172,0.34943998,2.3684789,0.82764123,1.5408377
-13.090385,1,0.39741265,2,3,0,13.568311,0.76037741,2.0517233,1.560084,0.49163925,-0.71997416,-1.3469462,-1.3261166,-1.5097558,-0.53362223,-1.48355,-1.9482515,-1.1279753,-0.71997416,-0.53362223,6,4,2,4,8,3,1,6,7,8,8,1,4,5,8,3,4,8,8,8,-0.8566463,0.27125708,0.85155995,0.23099167,0.62056829
-13.119583,0.90346681,0.61741125,2,3,0,13.329398,0.80666433,2.9027605,2.3415534,0.56120714,-0.58878265,-1.2809795,-1.2935833,-1.5198645,-0.43263943,-1.4229143,-2.059696,-1.0717839,-0.58878265,-0.43263943,6,3,3,2,6,5,1,5,6,7,8,5,2,6,8,1,7,4,7,8,-1.6354039,0.39932256,4.0212907,1.6057921,2.4154986
-13.212618,0.94229467,0.77916846,2,3,0,13.610403,0.85065478,2.9411486,2.5019021,0.43924647,-0.48090468,-1.2023828,-1.3047627,-1.5663405,-0.36161595,-1.3777989,-2.158892,-1.0594239,-0.48090468,-0.36161595,8,4,3,3,8,5,6,8,4,7,7,2,3,5,8,2,6,7,7,7,-1.8735322,0.51056092,1.7203104,0.87832329,0.84198715
-13.212618,0.21581074,1.0637574,1,3,0,13.82023,0.85065478,2.9411486,2.5019021,0.43924647,-0.48090468,-1.2023828,-1.3047627,-1.5663405,-0.36161595,-1.3777989,-2.158892,-1.0594239,-0.48090468,-0.36161595,6,3,2,4,7,5,4,7,4,5,7,2,3,3,8,2,3,7,6,8,-1.8735322,0.1923774,1.7240784,0.33167371,1.3924047
-13.407361,0.98521321,0.31927439,3,7,0,13.695868,0.86819555,1.7104801,1.4850312,0.22544888,-0.48862893,-1.1594761,-1.3775535,-1.6261257,-0.39226331,-1.3940424,-2.1435523,-1.1263409,-0.48862893,-0.39226331,5,3,5,3,8,1,4,7,7,8,6,4,4,3,8,3,3,7,8,7,-1.1874853,0.56649641,1.3233589,0.74967808,0.57368085
-15.11199,0.94112199,0.47698839,3,7,0,15.564193,0.9590707,3.5107275,3.3670359,0.1436916,-0.20696413,-1.0113111,-1.3318357,-1.7061644,-0.17461994,-1.2673268,-2.4552034,-1.034341,-0.20696413,-0.17461994,7,5,1,3,7,4,2,8,7,8,8,3,7,3,7,3,5,7,7,8,-3.5607636,0.49638178,1.3423156,0.666301,0.6760146
-14.550236,0.99258232,0.64799959,2,3,0,15.605648,0.94082773,1.56802,1.4752367,0.092783295,-0.34264504,-1.0429753,-1.4146824,-1.713947,-0.30089396,-1.3437249,-2.2840753,-1.1347036,-0.34264504,-0.30089396,7,2,4,2,8,3,4,6,6,7,8,2,5,6,8,3,6,7,8,8,-1.8905655,0.57422065,3.2775729,1.88205,1.3955228
-17.032991,0.080593979,0.97501418,1,1,0,17.575169,0.94483629,7.1981473,6.8010708,0.39707648,-0.19513206,-1.0399271,-1.2804548,-1.672266,-0.14882626,-1.2521669,-2.49571,-0.9818659,-0.19513206,-0.14882626,7,3,2,6,8,3,6,5,7,8,8,2,1,7,8,1,2,8,8,8,-6.6423137,0.52479364,2.2167133,1.163317,1.0533963
-16.983955,1,0.22778646,1,1,0,17.176461,0.94446465,7.1413641,6.7447659,0.39659819,-0.19643669,-1.0405982,-1.2806212,-1.671712,-0.14983452,-1.2527509,-2.4938696,-0.98226508,-0.19643669,-0.14983452,8,4,2,4,8,1,7,7,6,7,8,2,5,4,7,3,7,7,8,7,-6.587627,0.69544737,1.3351425,0.92852135,0.40662117
-15.936234,0.91780973,0.34828682,2,7,0,19.413728,0.86212177,7.1991518,6.2065455,0.99260629,-0.40730346,-1.1989456,-1.2433582,-1.5448423,-0.28861525,-1.3387379,-2.2558177,-0.98819737,-0.40730346,-0.28861525,6,3,3,6,6,2,2,6,8,8,5,3,2,6,7,6,3,7,7,8,-5.8187177,0.74072273,4.0355433,2.9892187,1.0463246
-16.778054,0.98275355,0.44921585,2,7,0,16.980866,0.57596975,0.73957253,0.4259714,0.31360112,-1.1564008,-1.5409935,-1.5091298,-1.6017718,-0.88697852,-1.6971897,-1.7362197,-1.373284,-1.1564008,-0.88697852,6,4,2,5,5,1,3,6,5,7,8,2,4,6,7,5,6,5,8,8,-1.5213735,0.30019131,2.0378007,0.61173007,1.4260706
-15.342478,0.76229877,0.65834836,3,15,0,18.370398,0.69229453,5.8877763,4.0760753,1.811701,-0.86571658,-1.5292055,-1.2141233,-1.3738904,-0.58990323,-1.5455423,-1.8442444,-1.0658494,-0.86571658,-0.58990323,7,1,2,1,6,2,3,7,7,6,7,3,4,3,7,2,5,4,7,7,-4.0849053,0.41027237,2.7150561,1.1139125,1.6011436
-13.286952,1,0.61881817,1,1,0,14.526316,0.71413618,2.6680996,1.9053865,0.76271313,-0.82159488,-1.4447618,-1.2860171,-1.4481139,-0.58702162,-1.5253421,-1.871384,-1.1160844,-0.82159488,-0.58702162,1,2,2,3,6,2,5,4,4,8,6,1,3,7,7,4,7,7,8,7,-1.1704604,0.22300991,2.22265,0.49567298,1.726977
-14.435983,0.37690098,0.93345352,1,1,0,14.878256,0.65727905,4.2166044,2.7714857,1.4451186,-0.96306327,-1.5816244,-1.2363805,-1.3717289,-0.66105755,-1.590756,-1.7725815,-1.1069844,-0.96306327,-0.66105755,6,4,1,5,6,6,5,6,7,8,7,2,1,5,8,2,6,7,7,5,-2.4762302,0.54360201,3.6901617,2.0059793,1.6841824
-14.946644,0.97048458,0.40888696,3,7,0,16.010533,0.91285344,5.0914365,4.6477354,0.44370119,-0.29319051,-1.0978355,-1.2836459,-1.6265128,-0.22100868,-1.2944777,-2.3697001,-1.0030994,-0.29319051,-0.22100868,5,4,4,5,6,3,4,4,7,6,8,1,4,6,8,4,4,5,8,8,-4.3391905,0.36315817,5.0891632,1.8481712,3.240992
-14.952391,0.97842339,0.58075998,2,3,0,15.661622,0.68781223,0.9744341,0.67022769,0.30420641,-0.92396977,-1.4110183,-1.4480276,-1.5770165,-0.71403999,-1.5886479,-1.8328279,-1.2739682,-0.92396977,-0.71403999,6,3,5,2,8,3,2,7,7,8,8,3,2,7,7,6,2,8,8,8,-0.98057639,0.50542943,0.931406,0.47076001,0.460646
-13.676205,1,0.83497156,1,1,0,14.487254,0.66887298,1.6584205,1.1092727,0.54914784,-0.94431966,-1.4881166,-1.3483519,-1.4784684,-0.69024492,-1.5843273,-1.7934755,-1.1953266,-0.94431966,-0.69024492,3,1,4,7,6,4,6,2,4,8,7,4,6,5,7,4,6,4,7,8,-0.51746062,0.75477604,1.1487194,0.86702585,0.28169352
-13.676205,0.29316515,1.247709,1,1,0,13.692274,0.66887298,1.6584205,1.1092727,0.54914784,-0.94431966,-1.4881166,-1.3483519,-1.4784684,-0.69024492,-1.5843273,-1.7934755,-1.1953266,-0.94431966,-0.69024492,8,1,2,8,7,4,5,8,7,8,8,2,5,4,7,4,7,7,6,8,-0.51746062,0.89414621,2.3915479,2.1383935,0.25315441
-13.132108,0.96487323,0.47106973,2,7,0,14.032619,0.83155031,1.8946103,1.5754638,0.31914653,-0.56058227,-1.2225538,-1.3526119,-1.5801025,-0.4338822,-1.4192034,-2.0795853,-1.1180662,-0.56058227,-0.4338822,5,4,4,4,8,4,4,7,5,8,7,1,4,3,8,6,6,5,7,8,-1.0444877,0.39804561,5.0953577,2.0281848,3.067173
-13.980042,0.64838491,0.65696773,1,1,0,14.045196,0.82501077,1.2208326,1.0072,0.21363255,-0.62011791,-1.2187576,-1.4221762,-1.6242726,-0.49963618,-1.4578499,-2.0347999,-1.1905569,-0.62011791,-0.49963618,6,2,2,6,6,5,5,7,4,5,8,1,6,4,7,1,5,6,6,8,-1.0562644,0.25814578,2.0924866,0.54016658,1.55232
-13.234834,0.98789822,0.4969558,2,3,0,14.299643,0.71390865,2.383,1.7012443,0.6817557,-0.82558228,-1.4378446,-1.299744,-1.459479,-0.59464177,-1.5278703,-1.8685799,-1.1285485,-0.82558228,-0.59464177,6,3,2,4,8,4,2,8,5,8,7,1,3,4,7,2,5,8,7,8,-0.95223566,0.10104847,2.0587267,0.20803118,1.8506955
-13.234834,0.51789295,0.7218575,1,3,0,14.313965,0.71390865,2.383,1.7012443,0.6817557,-0.82558228,-1.4378446,-1.299744,-1.459479,-0.59464177,-1.5278703,-1.8685799,-1.1285485,-0.82558228,-0.59464177,4,4,5,4,7,5,3,6,7,7,7,3,4,5,8,4,4,7,8,8,-0.95223566,0.61506628,1.7830119,1.0966705,0.68634141
-13.160777,0.9689275,0.42665734,2,7,0,13.581591,0.77591859,1.8104292,1.4047457,0.40568353,-0.69152169,-1.3138327,-1.34684,-1.5359927,-0.52178109,-1.4738824,-1.9710733,-1.1397776,-0.69152169,-0.52178109,8,1,6,2,3,2,4,7,8,6,8,3,3,6,7,1,5,8,7,7,-0.79688299,0.53001766,0.61883763,0.32799487,0.29084276
-14.640183,0.67771694,0.59618277,2,3,0,14.942712,0.76224787,5.3627296,4.0877292,1.2750004,-0.67858893,-1.3868696,-1.2307307,-1.438578,-0.47160097,-1.4587377,-1.9925132,-1.0366442,-0.67858893,-0.47160097,5,2,7,3,8,3,6,4,8,7,5,2,2,7,8,2,4,5,8,8,-3.7671927,0.60761941,1.0528443,0.63972862,0.41311566
-13.570736,1,0.47914687,2,3,0,14.668314,0.88027175,1.6282827,1.4333313,0.19495144,-0.46783673,-1.1391212,-1.3885289,-1.6430927,-0.38139092,-1.3879082,-2.1625926,-1.1323347,-0.46783673,-0.38139092,6,2,1,3,4,6,3,5,5,7,8,4,5,7,8,3,3,7,8,6,-1.2561733,0.37432139,3.5664597,1.3350021,2.2314575
-13.570736,0.60304307,0.70729872,1,3,0,15.480837,0.88027175,1.6282827,1.4333313,0.19495144,-0.46783673,-1.1391212,-1.3885289,-1.6430927,-0.38139092,-1.3879082,-2.1625926,-1.1323347,-0.46783673,-0.38139092,8,2,1,2,8,3,5,7,7,8,7,5,6,7,8,2,6,8,8,8,-1.2561733,0.79187958,1.6277334,1.2889688,0.33876455
-13.098821,0.95283662,0.49479336,2,7,0,14.616243,0.76609159,2.6698135,2.0453217,0.62449184,-0.69268362,-1.3505648,-1.2938454,-1.4887362,-0.50363345,-1.4684092,-1.9708331,-1.0943258,-0.69268362,-0.50363345,6,1,3,6,7,5,6,5,5,5,6,3,3,4,8,3,3,8,7,7,-1.3022016,0.31984708,1.6905357,0.5407129,1.1498228
-13.035069,0.45696124,0.66650293,2,3,0,14.771009,0.83056429,2.2574556,1.874962,0.38249358,-0.54824052,-1.2299767,-1.3289942,-1.563565,-0.41703944,-1.4101135,-2.0919451,-1.0946936,-0.54824052,-0.41703944,7,2,5,6,5,6,7,6,5,8,8,3,3,5,8,2,5,7,5,6,-1.238528,0.67095972,1.7805891,1.1947036,0.58588552
-13.433609,0.97479103,0.35664626,2,3,0,13.486223,0.88008935,3.0902775,2.7197203,0.37055719,-0.40633362,-1.1508768,-1.3098259,-1.5990158,-0.31078789,-1.3468062,-2.2333952,-1.049286,-0.40633362,-0.31078789,8,2,2,5,8,1,4,8,8,8,8,1,2,5,7,2,6,6,7,8,-2.1896809,0.8590624,2.7983988,2.4039992,0.39439961
-14.045336,0.95104378,0.49969125,2,3,0,14.543016,0.62614435,1.5562295,0.97442428,0.58180519,-1.0455402,-1.5540171,-1.3582691,-1.4694357,-0.75900153,-1.6303928,-1.7344666,-1.2256365,-1.0455402,-0.75900153,5,4,4,3,7,1,5,5,5,8,4,2,3,3,8,2,3,7,8,8,-0.45424048,0.35382311,1.8751784,0.66348145,1.211697
-13.228455,1,0.66822925,2,3,0,14.010084,0.80179607,3.1747887,2.5455331,0.62925558,-0.59598669,-1.2931163,-1.2831266,-1.5086211,-0.43390862,-1.4249897,-2.0548871,-1.0641109,-0.59598669,-0.43390862,7,5,1,5,8,5,4,6,8,8,8,1,1,6,8,5,4,8,8,8,-1.8556943,0.52979704,1.3573158,0.7191019,0.63821391
-13.228455,0.0063336843,0.97510947,1,3,0,15.589098,0.80179607,3.1747887,2.5455331,0.62925558,-0.59598669,-1.2931163,-1.2831266,-1.5086211,-0.43390862,-1.4249897,-2.0548871,-1.0641109,-0.59598669,-0.43390862,7,3,2,5,7,4,4,7,7,7,8,2,2,7,7,5,6,7,8,8,-1.8556943,0.5698107,2.255967,1.2854741,0.97049286
-14.316672,0.96869057,0.23118058,3,11,0,14.895336,0.90447249,4.294383,3.8841513,0.41023171,-0.32413441,-1.1115406,-1.2915666,-1.6187576,-0.24593173,-1.3089214,-2.3298568,-1.0164928,-0.32413441,-0.24593173,7,4,4,3,6,3,4,6,4,8,8,2,4,6,7,1,5,7,8,8,-3.5079674,0.28248461,2.3454954,0.66256635,1.682929
-14.316672,0.00057043614,2.5524065,1,3,1,14.69652,0.90447249,4.294383,3.8841513,0.41023171,-0.32413441,-1.1115406,-1.2915666,-1.6187576,-0.24593173,-1.3089214,-2.3298568,-1.0164928,-0.32413441,-0.24593173,8,1,4,6,6,2,7,8,7,8,8,1,3,6,8,2,4,6,8,8,-3.5079674,0.81385024,1.9242488,1.5660503,0.35819846
-14.316672,0,5.9662192,0,1,1,14.667381,0.90447249,4.294383,3.8841513,0.41023171,-0.32413441,-1.1115406,-1.2915666,-1.6187576,-0.24593173,-1.3089214,-2.3298568,-1.0164928,-0.32413441,-0.24593173,6,3,2,3,7,5,4,8,5,5,8,3,4,4,8,3,7,7,8,8,-3.5079674,0.26826597,2.5633613,0.6876626,1.8756987
-14.792558,0.98582425,0.58844612,2,3,0,14.811847,0.91376349,4.8404545,4.4230306,0.4174239,-0.29382517,-1.0956406,-1.2872931,-1.6290917,-0.22270064,-1.2953286,-2.3673118,-1.0066962,-0.29382517,-0.22270064,8,4,2,5,4,3,4,6,6,8,6,1,6,5,8,2,5,8,7,8,-4.1143077,0.51873625,2.7273262,1.414763,1.3125632
-15.204144,0.92558127,0.59025346,2,3,0,16.215598,0.87625857,6.0136444,5.2695074,0.74413698,-0.37761577,-1.1690643,-1.2583138,-1.5690969,-0.27273891,-1.3273442,-2.2824832,-0.99589945,-0.37761577,-0.27273891,6,3,2,2,6,3,7,8,4,7,8,2,2,7,8,1,7,8,8,8,-4.8736082,0.6025916,0.89992639,0.54228808,0.35763831
-13.473629,1,0.64374861,2,3,0,15.266759,0.84159737,3.5822291,3.0147946,0.56743452,-0.49070123,-1.2239026,-1.2830425,-1.5446124,-0.36092909,-1.3791822,-2.154226,-1.0418328,-0.49070123,-0.36092909,8,3,6,3,7,3,6,3,8,8,8,1,6,4,7,3,5,7,8,8,-2.4044863,0.67726883,1.9959232,1.3517766,0.64414663
-13.027609,0.89845684,0.99576972,2,3,0,14.063821,0.79245257,2.5283065,2.003563,0.52474351,-0.63128952,-1.3009416,-1.3056907,-1.5170315,-0.46608289,-1.4427208,-2.0211101,-1.0914122,-0.63128952,-0.46608289,4,5,2,5,8,2,5,5,7,3,5,2,2,3,7,2,7,7,7,7,-1.2764887,0.085641037,0.59597481,0.051039901,0.54493491
-13.256671,0.90173818,1.2333121,2,3,0,13.352469,0.87592474,2.1099904,1.8481928,0.26179761,-0.44919074,-1.1508459,-1.3510904,-1.6173435,-0.35531204,-1.3722553,-2.1825541,-1.0951275,-0.44919074,-0.35531204,4,3,1,2,8,5,1,4,5,6,6,3,4,7,8,2,7,6,7,7,-1.4057896,0.29761752,2.1841414,0.65003873,1.5341026
-13.256671,0.046654969,1.6098193,2,3,0,15.36126,0.87592474,2.1099904,1.8481928,0.26179761,-0.44919074,-1.1508459,-1.3510904,-1.6173435,-0.35531204,-1.3722553,-2.1825541,-1.0951275,-0.44919074,-0.35531204,6,5,1,4,6,5,1,6,6,7,7,2,3,6,8,2,7,7,8,8,-1.4057896,0.44396626,0.88431797,0.39260734,0.49171062
-13.419473,0.99362773,0.14688714,4,15,0,14.775344,0.81462263,1.5209829,1.239027,0.28195581,-0.61886925,-1.2425368,-1.3818982,-1.5881183,-0.48452687,-1.4489515,-2.0311202,-1.1553181,-0.61886925,-0.48452687,8,2,2,4,8,3,6,6,8,8,8,2,6,2,7,1,3,7,5,8,-0.89370301,0.95917421,2.0036133,1.9218142,0.081799104
-13.993196,0.99129564,0.26406045,3,7,0,14.133964,0.83592496,1.227574,1.0261597,0.20141425,-0.59673684,-1.2023664,-1.4236089,-1.6324456,-0.48393384,-1.4486456,-2.053638,-1.1873252,-0.59673684,-0.48393384,8,2,1,3,3,5,5,6,7,6,8,1,1,6,8,2,6,8,8,8,-1.1022171,0.55474483,1.0735096,0.59552392,0.47798571
-13.626045,0.99784936,0.48046938,2,7,0,14.492433,0.86803556,1.5080646,1.3090537,0.1990109,-0.50362233,-1.1572871,-1.3968001,-1.637957,-0.40948077,-1.4044559,-2.1301153,-1.1462919,-0.50362233,-0.40948077,6,3,1,3,7,4,4,6,5,8,7,1,7,7,8,4,6,6,7,7,-1.1710136,0.13225907,2.4989551,0.33050947,2.1684457
-13.178861,0.99639685,0.9016397,3,7,0,13.614598,0.76784485,1.8023788,1.3839473,0.41843152,-0.71041381,-1.32716,-1.3460544,-1.5301722,-0.53431074,-1.4818805,-1.9563654,-1.1430645,-0.71041381,-0.53431074,4,1,2,3,6,7,2,8,8,7,7,4,2,3,8,1,4,7,8,5,-0.76930477,0.057655218,1.2091074,0.069711353,1.1393961
-13.191131,0.61632979,1.6904785,2,3,0,13.326623,0.75583108,1.8256331,1.3798703,0.44576287,-0.73738971,-1.3481224,-1.3421349,-1.5195432,-0.55111974,-1.4929967,-1.9355691,-1.1454068,-0.73738971,-0.55111974,8,2,1,8,6,3,4,6,7,7,8,3,3,4,8,4,6,7,5,8,-0.74243339,0.51701932,2.4915225,1.2881652,1.2033572
-13.317768,0.96877014,0.96190233,1,1,0,13.342492,0.74126539,1.6977465,1.2584807,0.43926577,-0.77527499,-1.3681898,-1.3510762,-1.5181011,-0.57979103,-1.5104859,-1.9082769,-1.1610854,-0.77527499,-0.57979103,8,1,5,4,6,3,5,7,5,8,8,7,6,7,8,2,6,7,6,7,-0.66837326,0.49290818,3.4782901,1.7144777,1.7638124
-13.317768,0.083688422,1.6576342,2,3,0,15.578926,0.74126539,1.6977465,1.2584807,0.43926577,-0.77527499,-1.3681898,-1.3510762,-1.5181011,-0.57979103,-1.5104859,-1.9082769,-1.1610854,-0.77527499,-0.57979103,7,3,1,6,5,4,3,4,6,8,7,1,3,2,6,4,5,6,8,6,-0.66837326,0.32402389,0.51520437,0.16693852,0.34826585
-13.268668,0.99897349,0.1832731,4,15,0,13.606496,0.73597805,2.9078119,2.1400857,0.76772616,-0.76411904,-1.4098209,-1.2791488,-1.456434,-0.54636278,-1.4991421,-1.9149895,-1.0974491,-0.76411904,-0.54636278,7,2,4,2,7,5,4,7,5,8,8,3,2,5,7,3,2,7,7,8,-1.4198424,0.25058741,2.1258103,0.53270131,1.593109
-13.663287,0.9899043,0.34981334,3,11,0,13.90191,0.90086682,1.7482176,1.5749112,0.17330637,-0.41413546,-1.1068558,-1.3847465,-1.6595776,-0.34199009,-1.3650326,-2.2139251,-1.1192811,-0.41413546,-0.34199009,6,2,2,4,7,4,4,7,5,7,7,2,4,4,8,3,5,7,7,8,-1.4445252,0.1671508,1.1904353,0.19898221,0.99145308
-14.212164,0.99750587,0.64493162,3,7,0,14.351394,0.93816331,2.9613677,2.7782466,0.18312117,-0.27190652,-1.0477315,-1.3371794,-1.6792354,-0.22368551,-1.2955482,-2.3746119,-1.050343,-0.27190652,-0.22368551,8,1,2,2,8,2,4,5,7,8,8,1,2,3,8,5,5,8,8,8,-2.6748917,0.66280458,3.0395951,2.0146576,1.0249375
-13.646734,0.49321896,1.2073871,2,3,0,15.934107,0.91399459,2.1810008,1.9934229,0.18757787,-0.35904193,-1.087224,-1.360319,-1.6604489,-0.29430306,-1.3367737,-2.2725172,-1.0871658,-0.35904193,-0.29430306,8,1,4,6,7,2,5,6,7,7,8,1,1,8,8,4,2,6,8,8,-1.7721032,0.75270941,3.2625792,2.455774,0.80680512
-13.468705,0.99927283,0.49199796,1,3,0,13.711455,0.90141968,2.2883568,2.0627699,0.22558696,-0.38264,-1.1089743,-1.3498881,-1.6420207,-0.30763406,-1.3443009,-2.2495906,-1.0817336,-0.38264,-0.30763406,5,5,2,4,7,5,6,6,6,6,8,2,4,5,8,4,8,8,7,8,-1.7188149,0.5459816,1.6834628,0.91913973,0.7643231
-13.467418,0.81228246,0.92062703,2,3,0,14.856392,0.87956448,3.181005,2.797899,0.38310598,-0.40545071,-1.1523456,-1.3068652,-1.5969191,-0.30914581,-1.3459528,-2.2350967,-1.0463908,-0.40545071,-0.30914581,5,5,2,3,6,8,2,8,7,5,7,1,3,6,8,2,6,8,5,8,-2.2668831,0.57133528,2.1106103,1.2058662,0.90474418
-16.225379,0.67946866,0.98155828,2,3,0,17.766068,0.44189101,3.3631704,1.4861548,1.8770156,-1.5560854,-1.992163,-1.2932701,-1.340554,-1.0417307,-1.8837605,-1.4609659,-1.2849625,-1.5560854,-1.0417307,7,3,1,4,7,3,1,7,7,8,4,2,6,4,7,5,5,7,6,8,-1.5870619,0.37140163,4.3518396,1.6162803,2.7355593
-14.281571,0.93258283,0.70863719,2,7,0,17.848125,0.60875426,1.4583075,0.8877509,0.5705566,-1.0863119,-1.5759212,-1.3697726,-1.4738344,-0.78919181,-1.6495363,-1.7144472,-1.2439516,-1.0863119,-0.78919181,5,3,2,2,8,3,3,5,7,8,8,1,6,5,7,4,2,8,5,7,-0.44561698,0.47123301,2.2387138,1.0549558,1.1837579
-13.925648,1,1.074061,2,3,0,14.345614,0.60754517,2.1545058,1.3089596,0.84554621,-1.0916111,-1.6210614,-1.3098281,-1.4156127,-0.76997332,-1.6499881,-1.6973295,-1.1962274,-1.0916111,-0.76997332,8,3,3,4,7,7,4,8,8,8,8,3,4,5,8,1,7,6,5,7,-0.64633076,0.87523992,1.2366712,1.082384,0.1542872
-15.047932,0.15047051,1.9637236,1,1,0,16.416266,0.7138574,0.92847756,0.66280057,0.26567699,-0.87442263,-1.3694092,-1.4601581,-1.5982198,-0.68583691,-1.570371,-1.867072,-1.273805,-0.87442263,-0.68583691,5,4,1,7,8,3,2,7,7,7,8,1,1,8,5,4,5,3,7,6,-1.1258311,0.32349992,8.0974693,2.6195307,5.4779386
-14.533117,0.9857598,0.31378313,3,7,0,16.23247,0.75625624,1.0317258,0.78024906,0.25147672,-0.77971592,-1.3143378,-1.4427275,-1.6019828,-0.61605339,-1.5277342,-1.9227236,-1.2397543,-0.77971592,-0.61605339,7,1,3,6,7,3,6,7,4,8,8,4,3,6,8,1,3,7,7,6,-1.0325386,0.77940037,3.4066873,2.6551733,0.75151394
-13.532911,1,0.55137467,2,3,0,14.593694,0.77032144,1.4442649,1.1125482,0.33171668,-0.72085066,-1.3111487,-1.3819364,-1.5599485,-0.55426221,-1.4917386,-1.9518713,-1.176005,-0.72085066,-0.55426221,8,3,2,2,7,2,5,7,7,8,5,1,4,4,6,1,5,7,8,8,-0.74561559,0.78294441,2.4712022,1.9348139,0.53638825
-13.135337,0.96515007,0.99897459,2,3,0,13.638835,0.84296637,2.7823775,2.3454507,0.43692685,-0.50331289,-1.2145977,-1.3082101,-1.5611878,-0.3784923,-1.3878772,-2.1365078,-1.0670578,-0.50331289,-0.3784923,7,4,3,6,7,5,3,6,5,8,8,1,6,5,8,2,5,8,7,8,-1.6974706,0.34000345,1.8829077,0.64019509,1.2427126
-13.982577,0.56190275,1.6262813,1,1,0,14.198994,0.89124281,3.9788874,3.5461548,0.4327326,-0.36160886,-1.1348546,-1.2919456,-1.6027863,-0.27286066,-1.3249506,-2.2871745,-1.0240537,-0.36160886,-0.27286066,8,3,6,4,8,6,3,8,8,7,7,2,5,1,8,2,5,6,8,8,-3.0950992,0.9113684,0.84720501,0.77211587,0.075089136
-13.643495,0.96638362,0.86232216,3,7,0,14.713627,0.83599983,3.909161,3.2680579,0.64110305,-0.4999559,-1.2365168,-1.2737739,-1.533555,-0.36416417,-1.3821587,-2.1475048,-1.0354137,-0.4999559,-0.36416417,8,4,1,4,6,1,5,7,4,8,7,1,5,6,8,4,7,8,8,8,-2.68264,0.65736346,1.9962379,1.3122539,0.68398406
-14.533459,0.76460641,1.3990048,1,3,0,14.573503,0.85196303,1.0640435,0.90652574,0.15751777,-0.58291958,-1.1754522,-1.4541276,-1.6645554,-0.48504852,-1.450625,-2.0699454,-1.2112733,-0.58291958,-0.48504852,5,4,4,3,7,2,6,6,8,7,8,4,3,6,8,7,2,7,7,7,-1.3631145,0.2930793,3.1427116,0.92106371,2.2216479
-13.444261,0.9026436,1.3016444,1,3,0,14.299327,0.78614508,1.4959518,1.1760351,0.31991665,-0.68307273,-1.2875456,-1.3788045,-1.5671185,-0.52745594,-1.475286,-1.9800576,-1.1655703,-0.68307273,-0.52745594,7,3,3,5,7,4,4,6,7,5,7,2,2,3,8,1,4,5,6,8,-0.78851224,0.37128771,1.3962939,0.51842676,0.87786713
-13.444261,4.6514127e-08,1.7585602,1,1,0,17.956015,0.78614508,1.4959518,1.1760351,0.31991665,-0.68307273,-1.2875456,-1.3788045,-1.5671185,-0.52745594,-1.475286,-1.9800576,-1.1655703,-0.68307273,-0.52745594,6,3,4,1,8,7,3,6,7,8,8,4,2,4,8,1,6,6,8,5,-0.78851224,0.49778729,2.6040198,1.296248,1.3077718
-13.642667,0.99436738,0.21196871,3,7,0,14.022033,0.79897262,1.366145,1.0915124,0.27463254,-0.66329954,-1.2630664,-1.3967117,-1.5888196,-0.52032823,-1.4702937,-1.9974316,-1.1770139,-0.66329954,-0.52032823,8,1,2,4,8,4,6,5,7,6,8,2,4,5,6,3,4,6,5,8,-0.86532474,0.76948356,1.8663912,1.4361573,0.43023386
-14.26761,0.99538909,0.36873216,3,7,0,14.491863,0.61335963,3.3538708,2.057129,1.2967419,-1.0806384,-1.6511621,-1.2577617,-1.3685895,-0.74364171,-1.6460751,-1.6972624,-1.1515268,-1.0806384,-0.74364171,6,5,3,2,8,2,5,4,8,8,8,1,2,2,8,3,1,5,8,8,-1.6177229,0.67986275,3.8069805,2.5882242,1.2187563
-14.158583,1,0.63746274,3,7,0,14.304397,0.92478289,3.4877823,3.2254414,0.2623409,-0.28944253,-1.0724903,-1.3166478,-1.6545232,-0.22946069,-1.2986712,-2.3608863,-1.0338437,-0.28944253,-0.22946069,6,5,4,5,6,2,4,7,8,6,8,1,4,5,8,4,3,5,8,8,-2.9674074,0.46912638,1.6157689,0.75799982,0.85776911
-13.801884,0.99457004,1.1057137,2,3,0,14.478144,0.88318379,1.4636449,1.2926674,0.17097744,-0.47491672,-1.133004,-1.4059874,-1.656019,-0.3924164,-1.3949065,-2.156307,-1.1492513,-0.47491672,-0.3924164,5,1,3,2,5,4,1,5,4,8,6,1,2,4,5,4,6,8,7,8,-1.2812965,0.10724126,1.4985439,0.16070574,1.3378381
-13.878145,0.77954409,1.8748503,1,1,0,14.073374,0.84384201,4.261621,3.5961348,0.66548619,-0.47588282,-1.2240218,-1.2693767,-1.5388057,-0.34582021,-1.371222,-2.1729386,-1.0263965,-0.47588282,-0.34582021,8,2,1,3,8,3,6,6,8,7,8,1,1,4,8,1,7,8,7,8,-3.0549503,0.58872654,2.9384009,1.7299146,1.2084863
-13.728003,0.56884601,1.8149645,2,3,0,13.767347,0.84671847,1.3726709,1.1622658,0.2104051,-0.56055632,-1.1886658,-1.4065728,-1.6280863,-0.45276598,-1.4299767,-2.0813822,-1.1655737,-0.56055632,-0.45276598,7,1,3,6,8,2,5,4,8,7,8,2,2,5,6,2,8,6,8,8,-1.0759933,0.67555593,1.747939,1.1808306,0.56710844
-13.547486,0.95901324,1.0273235,1,3,0,14.251636,0.7331207,1.4976258,1.0979405,0.39968533,-0.80109168,-1.3734063,-1.3704204,-1.5296441,-0.60407106,-1.524144,-1.8923824,-1.1829738,-0.80109168,-0.60407106,7,4,3,5,7,3,6,7,6,7,7,1,2,4,6,2,6,5,8,6,-0.63666643,0.61516633,1.6196642,0.9963629,0.62330133
-13.137387,1,1.5736168,1,1,0,13.30927,0.73624546,2.3194929,1.7077161,0.6117768,-0.7719013,-1.3962809,-1.3060011,-1.4782688,-0.56124105,-1.5043991,-1.908312,-1.1220248,-0.7719013,-0.56124105,8,3,3,5,6,3,5,8,7,6,8,3,3,8,7,2,6,4,7,7,-0.95823589,0.56845877,1.8508381,1.0521252,0.79871296
-13.137387,0.031181848,2.6545638,1,3,0,13.92418,0.73624546,2.3194929,1.7077161,0.6117768,-0.7719013,-1.3962809,-1.3060011,-1.4782688,-0.56124105,-1.5043991,-1.908312,-1.1220248,-0.7719013,-0.56124105,5,4,2,4,7,3,3,4,7,7,7,2,3,6,8,2,3,8,7,8,-0.95823589,0.14610468,2.7532506,0.4022628,2.3509878
-13.158796,0.96207313,0.39714568,2,7,0,14.673315,0.79387933,1.7880678,1.41951,0.36855772,-0.65127847,-1.2831853,-1.3522169,-1.5521001,-0.49626385,-1.4574972,-2.0032765,-1.136076,-0.65127847,-0.49626385,8,5,4,2,8,3,4,5,5,7,7,2,6,3,8,2,2,5,7,7,-0.85037798,0.34755761,2.2962796,0.79808946,1.4981901
-13.561063,0.98000466,0.61128496,3,7,0,13.914177,0.90721958,2.5990988,2.3579533,0.24114547,-0.35669454,-1.1005533,-1.3376607,-1.6423835,-0.28492492,-1.3309879,-2.2794036,-1.0657158,-0.35669454,-0.28492492,5,1,1,3,7,2,3,5,4,7,7,2,3,3,7,2,3,7,8,8,-2.0013935,0.52449725,2.2679962,1.1895578,1.0784384
-13.007474,0.97131758,0.97706594,1,3,0,14.100169,0.81000873,2.2975867,1.8610653,0.43652142,-0.59538394,-1.2662111,-1.3214841,-1.5418355,-0.44701425,-1.4291706,-2.0507735,-1.0977137,-0.59538394,-0.44701425,8,2,5,2,5,3,3,8,8,8,8,2,3,7,7,5,3,7,8,6,-1.1758608,0.65910767,2.9940067,1.9733728,1.0206339
-13.045597,0.97151906,1.518658,1,1,0,13.048605,0.81344398,2.6355918,2.1439063,0.49168552,-0.57807013,-1.2653108,-1.3059388,-1.5339166,-0.4296042,-1.4197046,-2.0676077,-1.0804259,-0.57807013,-0.4296042,6,4,2,5,7,6,6,8,7,8,8,1,3,3,8,3,4,6,6,8,-1.44095,0.46345383,3.2921856,1.525776,1.7664096
-13.045597,0.13359722,2.3468076,2,3,0,13.970983,0.81344398,2.6355918,2.1439063,0.49168552,-0.57807013,-1.2653108,-1.3059388,-1.5339166,-0.4296042,-1.4197046,-2.0676077,-1.0804259,-0.57807013,-0.4296042,5,3,2,2,8,4,6,7,8,6,8,2,4,6,7,3,5,7,8,7,-1.44095,0.32407452,1.1507232,0.37292005,0.77780311
-13.612518,0.97780392,0.48024908,3,7,0,13.855931,0.66051259,2.7076367,1.7884282,0.91920858,-0.95703662,-1.5445285,-1.2804281,-1.4130032,-0.67337937,-1.5871246,-1.7770271,-1.1418956,-0.95703662,-0.67337937,7,1,4,1,6,5,6,6,6,7,8,2,3,7,8,4,4,7,6,8,-1.1086976,0.31672703,1.0569652,0.33476945,0.72219575
-13.815981,0.91344026,0.75465949,2,3,0,14.964047,0.63999395,1.7179963,1.0995072,0.61848906,-1.0120212,-1.5406995,-1.3421574,-1.4599547,-0.73157429,-1.6142794,-1.7505593,-1.2050445,-1.0120212,-0.73157429,8,1,2,5,7,3,5,6,8,8,8,3,2,6,8,3,3,7,7,6,-0.48932256,0.64959479,2.3421878,1.521473,0.82071482
-13.428875,0.77166353,1.0115672,1,3,0,15.797959,0.88058327,1.7977095,1.5830329,0.21467659,-0.45562143,-1.1402118,-1.3741575,-1.634918,-0.36780269,-1.3796868,-2.1744954,-1.1171701,-0.45562143,-0.36780269,8,2,1,3,7,5,8,5,6,7,8,1,4,7,8,6,4,7,6,8,-1.2955935,0.62088143,3.0852409,1.9155688,1.1696721
-13.975446,0.86148085,0.96684767,3,7,0,16.500575,0.91119591,3.5540743,3.238458,0.31561635,-0.32073743,-1.0970939,-1.3092704,-1.6344985,-0.24950242,-1.3104836,-2.3272647,-1.0325541,-0.32073743,-0.24950242,6,5,3,8,7,7,5,3,8,7,8,3,5,5,8,2,4,6,8,7,-2.8775756,0.54100613,1.3672554,0.73969355,0.62756186
-13.975446,0,10.811973,0,1,1,17.080367,0.91119591,3.5540743,3.238458,0.31561635,-0.32073743,-1.0970939,-1.3092704,-1.6344985,-0.24950242,-1.3104836,-2.3272647,-1.0325541,-0.32073743,-0.24950242,8,2,2,7,8,1,5,7,8,8,8,1,2,7,8,1,6,8,7,8,-2.8775756,0.63890215,3.0606158,1.955434,1.1051818
-13.088562,0.96263235,1.6958167,2,3,0,13.75166,0.81981624,2.7833151,2.281807,0.50150819,-0.5592183,-1.2558696,-1.3015483,-1.5363373,-0.41503495,-1.411025,-2.0852712,-1.0726113,-0.5592183,-0.41503495,8,2,6,6,8,3,7,8,7,7,7,1,4,5,8,4,6,7,8,8,-1.5885823,0.97477304,1.4748265,1.4376211,0.037205394
-13.088562,0.0019101717,2.0840413,1,1,0,15.514242,0.81981624,2.7833151,2.281807,0.50150819,-0.5592183,-1.2558696,-1.3015483,-1.5363373,-0.41503495,-1.411025,-2.0852712,-1.0726113,-0.5592183,-0.41503495,7,4,3,3,5,3,4,7,7,7,7,2,2,6,8,3,5,8,8,8,-1.5885823,0.57988071,1.8624303,1.0799874,0.7824429
-15.25543,0.99083316,0.19075284,4,19,0,15.590436,0.89082846,0.9531651,0.84910659,0.1040585,-0.52407079,-1.1193089,-1.4853626,-1.7116518,-0.45461317,-1.4361312,-2.1242097,-1.2279884,-0.52407079,-0.45461317,8,2,2,4,8,3,4,6,8,8,8,5,5,3,7,6,6,8,8,8,-1.8150039,0.90269336,3.4906442,3.1509813,0.33966286
-14.425747,1,0.28405667,4,15,0,15.834149,0.81630479,1.0617735,0.86673081,0.19504271,-0.65479664,-1.2274269,-1.4468749,-1.6372728,-0.53235287,-1.4777133,-2.0127824,-1.2185548,-0.65479664,-0.53235287,7,2,1,2,8,5,4,7,6,8,8,2,1,6,7,2,6,7,8,8,-1.1933184,0.29587737,5.1063005,1.5108388,3.5954617
-14.074588,0.99113329,0.47645641,3,7,0,15.15651,0.68882751,3.9895974,2.7481444,1.2414529,-0.8789944,-1.5167239,-1.2427712,-1.3959961,-0.60898724,-1.55096,-1.8312645,-1.0928325,-0.8789944,-0.60898724,7,3,2,2,7,2,5,8,8,8,8,2,3,7,7,4,3,8,5,8,-2.3115941,0.60504395,1.9245775,1.164454,0.76012352
-13.227878,0.79352646,0.82170107,2,7,0,17.118665,0.86711426,2.0085768,1.7416656,0.26691122,-0.4741515,-1.164641,-1.354719,-1.6113646,-0.37417179,-1.3833776,-2.1582333,-1.1031266,-0.4741515,-0.37417179,7,2,3,3,8,4,6,7,8,7,8,3,2,4,8,7,4,8,6,7,-1.2923451,0.64324787,0.85601563,0.55063023,0.3053854
-13.404973,0.9874147,0.78621777,3,7,0,13.564745,0.85872754,3.3204549,2.851366,0.46908883,-0.45312436,-1.1907896,-1.295539,-1.5689758,-0.33891666,-1.3646038,-2.1887397,-1.0454683,-0.45312436,-0.33891666,8,2,1,7,6,5,4,8,8,4,7,2,2,4,8,4,6,6,8,7,-2.2575081,0.79821162,0.92736287,0.74023182,0.18713105
-15.397012,0.4860629,1.4037948,1,1,0,15.422645,0.86977215,6.3531927,5.52583,0.82736263,-0.3920451,-1.182309,-1.2527304,-1.5585966,-0.2810523,-1.3330009,-2.2686836,-0.99368307,-0.3920451,-0.2810523,7,3,5,5,7,2,6,8,8,8,7,3,5,3,8,1,6,6,8,8,-5.1327779,0.85887153,1.4693937,1.2620204,0.20737328
-14.828442,0.98903419,0.51879034,3,7,0,16.335349,0.87197476,5.5067191,4.8017201,0.70499904,-0.39240413,-1.1759065,-1.2618003,-1.565651,-0.28442417,-1.3341516,-2.2644164,-1.002166,-0.39240413,-0.28442417,3,2,2,2,7,6,5,6,6,8,8,3,4,3,7,2,4,5,8,8,-4.3841397,0.53323733,4.5734195,2.438718,2.1347015
-15.110861,0.91106259,0.94569362,2,3,0,16.763426,0.92502243,5.0424419,4.6643719,0.37807005,-0.2634292,-1.0750581,-1.2897679,-1.645319,-0.20159629,-1.2828055,-2.4031263,-1.0033939,-0.2634292,-0.20159629,7,5,6,3,7,5,6,3,7,6,8,3,2,3,7,2,5,8,8,8,-4.4307262,0.23778217,1.329166,0.31605199,1.0131141
-13.198551,0.93415448,1.3510968,2,3,0,15.48444,0.85782503,1.9534245,1.6756964,0.27772806,-0.49799094,-1.1795336,-1.3556584,-1.6037504,-0.39125316,-1.3935121,-2.1358325,-1.1085291,-0.49799094,-0.39125316,6,6,1,2,6,5,3,6,4,7,4,2,2,7,7,2,6,7,7,8,-1.2087782,0.074550686,1.7939029,0.13373669,1.6601662
-13.198551,0.35926697,2.075549,1,1,0,13.489886,0.85782503,1.9534245,1.6756964,0.27772806,-0.49799094,-1.1795336,-1.3556584,-1.6037504,-0.39125316,-1.3935121,-2.1358325,-1.1085291,-0.49799094,-0.39125316,8,2,5,5,7,3,2,5,6,8,8,1,3,5,8,1,4,8,7,8,-1.2087782,0.18636045,1.7125894,0.31915893,1.3934305
-13.810503,0.98047102,0.5296425,2,7,0,14.177694,0.71898447,3.8337584,2.7564127,1.0773457,-0.80023282,-1.4564723,-1.2494357,-1.4210165,-0.55964735,-1.5145354,-1.8895446,-1.0803673,-0.80023282,-0.55964735,6,4,3,5,7,4,7,8,7,8,8,3,6,4,8,1,3,7,8,7,-2.2239553,0.80188249,3.2171207,2.5797527,0.63736795
-17.799793,0.69727947,0.94358399,3,7,0,17.887634,0.98924527,1.429782,1.4144051,0.015376916,-0.25663795,-0.96965453,-1.4473741,-1.7795943,-0.24927938,-1.3193364,-2.3736974,-1.1525357,-0.25663795,-0.24927938,7,4,1,3,5,4,1,7,7,7,7,1,3,6,8,5,7,8,8,8,-3.5600652,0.35290782,1.1196715,0.39514084,0.72453069
-15.603394,0.99033779,0.69906361,2,7,0,17.818426,0.97286844,1.8695784,1.8188539,0.050724581,-0.24794842,-0.9905104,-1.4033461,-1.7454651,-0.22834157,-1.302424,-2.3871721,-1.1096419,-0.24794842,-0.22834157,6,1,4,3,7,4,2,7,7,7,8,1,4,3,8,3,7,8,8,7,-2.7034037,0.42497168,3.5360906,1.5027384,2.0333522
-18.828772,0.3045263,1.2747465,2,3,0,20.376571,0.96340536,8.8820372,8.5570022,0.32503499,-0.13904383,-1.0051809,-1.2818476,-1.7035626,-0.10816764,-1.2285445,-2.5721005,-0.97334349,-0.13904383,-0.10816764,8,1,3,5,7,2,4,5,8,7,8,3,5,7,8,1,3,8,8,8,-8.408666,0.88243816,1.3218684,1.1664671,0.15540128
-15.550571,1,0.28850419,3,7,0,19.352033,0.97146945,3.0962977,3.0079586,0.088339067,-0.18959744,-0.98956636,-1.3485178,-1.7282701,-0.16743857,-1.2640255,-2.4706898,-1.047904,-0.18959744,-0.16743857,7,4,2,2,8,4,3,6,8,5,8,1,1,6,8,4,4,7,8,7,-3.5320072,0.62833267,2.4459885,1.5368945,0.90909402
-13.324791,0.99593692,0.54137995,3,7,0,16.087139,0.8437418,1.6697021,1.4087974,0.26090464,-0.54531691,-1.1986035,-1.3743075,-1.6041628,-0.43085113,-1.4168585,-2.0927822,-1.1342383,-0.54531691,-0.43085113,6,3,5,3,6,3,2,8,6,7,4,1,4,6,8,3,5,7,7,7,-1.0379933,0.42543498,2.1552633,0.91692441,1.2383389
-13.337135,0.99628013,0.99425054,3,7,0,13.580741,0.77062198,3.3167874,2.5559893,0.76079812,-0.67201135,-1.352284,-1.2716702,-1.4754437,-0.48172909,-1.4575743,-1.9903718,-1.0706281,-0.67201135,-0.48172909,8,2,4,5,8,4,3,7,7,8,8,1,2,4,8,7,2,6,7,7,-1.8777372,0.66897945,5.0927547,3.4069482,1.6858065
-13.337135,0.012948018,1.8104063,1,1,0,16.90497,0.77062198,3.3167874,2.5559893,0.76079812,-0.67201135,-1.352284,-1.2716702,-1.4754437,-0.48172909,-1.4575743,-1.9903718,-1.0706281,-0.67201135,-0.48172909,3,4,2,1,8,5,4,4,6,7,8,4,3,7,8,4,7,7,7,7,-1.8777372,0.34258257,1.1110239,0.38061741,0.73040645
-13.09239,0.99048177,0.18276789,4,19,0,16.31671,0.78145248,2.7569392,2.154417,0.60252222,-0.65338394,-1.3243735,-1.2933104,-1.4996555,-0.47677051,-1.451091,-2.0035114,-1.0853533,-0.65338394,-0.47677051,6,1,6,4,6,7,2,7,6,7,8,2,2,2,7,3,6,4,7,8,-1.4215542,0.40159207,0.94022151,0.3775855,0.56263601
-20.206315,0.93980465,0.32886036,4,15,0,20.256703,0.25576598,0.74993206,0.19180711,0.55812495,-1.8141745,-2.0011103,-1.5797812,-1.6337366,-1.298872,-1.9973335,-1.5341262,-1.5579107,-1.8141745,-1.298872,6,4,2,6,8,3,4,8,8,8,5,7,4,5,5,3,6,3,6,4,-1.7295588,0.74269794,2.0751534,1.5412121,0.53394123
-18.163788,1,0.50642565,2,3,0,20.254245,0.32082503,1.0560865,0.33881897,0.7172675,-1.7359051,-1.9938005,-1.492979,-1.5396232,-1.2206559,-1.9585329,-1.4938874,-1.4747778,-1.7359051,-1.2206559,5,6,4,1,7,5,5,4,7,5,8,1,2,4,7,8,2,7,6,7,-0.8278993,0.096854948,1.9522763,0.18908762,1.7631887
-17.665147,1,0.91964919,3,7,0,18.565595,0.99069538,3.131502,3.1023646,0.029137431,-0.14368336,-0.95601283,-1.3571722,-1.7590819,-0.13648593,-1.2472644,-2.5264011,-1.0495953,-0.14368336,-0.13648593,5,2,5,1,6,5,5,4,6,8,8,1,6,7,8,6,5,7,8,8,-4.6642006,0.54825105,1.5422517,0.84554109,0.69671058
-13.087576,0.47943736,1.6534244,2,3,0,17.444326,0.84767971,2.2192826,1.8812409,0.33804176,-0.50966086,-1.2000394,-1.3359605,-1.5826593,-0.39258288,-1.3948809,-2.126639,-1.093186,-0.50966086,-0.39258288,8,2,3,3,8,2,6,6,8,3,7,4,3,7,8,2,4,5,7,7,-1.2998854,0.28907776,3.1860678,0.92102134,2.2650465
-15.080726,0.92973663,0.68213501,2,7,0,15.084681,0.4915408,2.0639018,1.0144919,1.0494098,-1.3872492,-1.828256,-1.3324055,-1.397512,-0.95891224,-1.7919386,-1.54994,-1.2791795,-1.3872492,-0.95891224,7,5,3,5,7,5,4,5,7,6,8,3,1,2,5,6,6,8,8,8,-0.54718913,0.39184288,4.8279292,1.8917897,2.9361395
-15.24112,1,1.0011902,3,7,0,15.845477,0.96678599,2.9880863,2.8888399,0.099246331,-0.20411596,-0.99781099,-1.3494577,-1.7217333,-0.17839366,-1.2702569,-2.4522199,-1.0510845,-0.20411596,-0.17839366,7,6,2,3,8,3,1,7,7,8,8,1,3,4,8,3,7,8,8,8,-3.2896086,0.14893589,2.5471588,0.37936337,2.1677955
-15.24112,0.72055881,1.7727816,1,1,0,16.180822,0.96678599,2.9880863,2.8888399,0.099246331,-0.20411596,-0.99781099,-1.3494577,-1.7217333,-0.17839366,-1.2702569,-2.4522199,-1.0510845,-0.20411596,-0.17839366,4,5,3,1,8,4,5,7,8,6,6,3,6,5,8,2,6,5,8,8,-3.2896086,0.39897243,1.6763781,0.66882865,1.0075495
-14.552001,0.89714221,1.4464686,2,3,0,15.950953,0.91456234,4.452215,4.0718282,0.38038685,-0.29694293,-1.09333,-1.2933162,-1.6324225,-0.22698473,-1.2976425,-2.3610148,-1.0130173,-0.29694293,-0.22698473,8,2,2,3,6,3,3,5,6,8,8,2,4,5,8,3,5,8,8,8,-3.7575262,0.72358946,1.1318716,0.81901035,0.31286123
-14.964361,0.59187121,1.9129758,2,3,0,15.632918,0.9456942,4.0711218,3.8500363,0.22108553,-0.22699104,-1.0357386,-1.3139823,-1.6820496,-0.18327758,-1.2719038,-2.4374973,-1.0203075,-0.22699104,-0.18327758,7,4,4,3,5,4,8,5,8,7,8,3,3,6,8,1,5,8,8,8,-3.8173027,0.40553644,1.6464175,0.66768227,0.97873518
-13.045495,1,1.1065907,2,3,0,14.917164,0.80672696,2.6462751,2.1348215,0.51145364,-0.59405175,-1.2774057,-1.3037797,-1.5269336,-0.43985784,-1.4263532,-2.0536507,-1.0818719,-0.59405175,-0.43985784,8,1,6,3,6,5,5,4,6,8,8,2,3,7,8,3,4,5,8,8,-1.4224129,0.47417156,1.1812374,0.56010917,0.62112822
-13.045495,0.025788687,1.9217656,1,1,0,15.191191,0.80672696,2.6462751,2.1348215,0.51145364,-0.59405175,-1.2774057,-1.3037797,-1.5269336,-0.43985784,-1.4263532,-2.0536507,-1.0818719,-0.59405175,-0.43985784,7,2,5,4,8,1,7,4,7,8,8,4,2,7,8,3,7,8,8,8,-1.4224129,0.69034815,1.2956179,0.89442744,0.40119049
-13.247633,0.99450738,0.25012959,4,15,0,14.358975,0.72797129,1.8870791,1.3737394,0.51333968,-0.80076607,-1.3975852,-1.3332924,-1.495745,-0.59036311,-1.5195784,-1.8882356,-1.1514684,-0.80076607,-0.59036311,7,5,1,6,8,1,5,8,8,6,7,3,5,3,7,4,6,7,8,5,-0.69515857,0.57541697,0.99269277,0.57121227,0.4214805
-16.930967,0.91592598,0.4294286,4,15,0,17.537693,0.92509523,0.74698554,0.69103276,0.055952783,-0.50769964,-1.0772699,-1.5451056,-1.7729149,-0.46365102,-1.4492878,-2.1538181,-1.2771597,-0.50769964,-0.46365102,6,4,5,3,8,2,6,5,8,7,7,1,4,8,6,5,4,8,6,7,-2.7516039,0.71927861,1.6621279,1.1955331,0.46659485
-16.816997,1,0.59547293,3,7,0,17.156815,0.91882408,0.74694002,0.68630648,0.060633545,-0.51882181,-1.0853407,-1.5434987,-1.7678383,-0.47102005,-1.4529435,-2.1443759,-1.2775647,-0.51882181,-0.47102005,7,2,1,2,7,5,2,6,8,8,5,1,1,5,8,4,5,7,8,8,-2.6781839,0.62966682,1.7827641,1.1225474,0.6602167
-14.911358,1,1.0211784,1,1,0,16.473383,0.90411763,1.0806644,0.97704777,0.10361667,-0.476919,-1.0999902,-1.4647534,-1.7082875,-0.41407872,-1.4114804,-2.1602451,-1.2018602,-0.476919,-0.41407872,5,2,2,2,7,1,2,8,7,7,8,2,1,6,8,3,5,8,7,8,-1.7148925,0.27815831,1.7547752,0.4881053,1.2666699
-15.710336,0.8391769,1.7366256,2,3,0,15.932084,0.78670608,0.78454293,0.6172047,0.16733823,-0.75079373,-1.2592423,-1.5058129,-1.6685729,-0.61939498,-1.5311904,-1.9623854,-1.2873055,-0.75079373,-0.61939498,7,3,6,2,6,3,3,5,4,4,8,2,3,6,7,1,2,7,5,7,-1.7278103,0.23756763,0.88492046,0.21022846,0.674692
-14.794565,0.34905883,1.9442144,2,3,0,16.428212,0.92654418,1.2452255,1.1537565,0.091469067,-0.40847472,-1.0662955,-1.4463276,-1.7161266,-0.35893808,-1.3790195,-2.2200704,-1.1741077,-0.40847472,-0.35893808,4,4,3,8,6,2,5,7,6,7,8,1,7,4,8,3,8,5,7,7,-1.7897439,0.58083436,2.0507738,1.1911599,0.8596139
-14.502192,1,0.62883388,1,1,0,14.788285,0.92466343,1.365765,1.2628729,0.10289204,-0.39757225,-1.068622,-1.4303332,-1.7059653,-0.34568957,-1.3701011,-2.2295298,-1.157873,-0.39757225,-0.34568957,8,2,1,4,8,4,5,8,8,8,8,2,2,5,8,1,4,6,8,8,-1.7008432,0.89914129,2.7688826,2.4896166,0.27926592
-13.544052,0.99682366,1.0603703,2,7,0,14.480456,0.84589518,3.6880093,3.1196693,0.56834002,-0.47838566,-1.2167324,-1.2818697,-1.5481704,-0.3519085,-1.3737162,-2.1668132,-1.038225,-0.47838566,-0.3519085,5,5,8,7,8,5,6,5,3,6,8,3,4,6,8,4,7,7,8,8,-2.5255411,0.28326703,1.0540005,0.29856359,0.7554369
-13.824039,0.933828,1.7602354,1,3,0,14.036001,0.92410581,2.6162318,2.417675,0.1985568,-0.31676045,-1.0714326,-1.3436516,-1.6644107,-0.25827614,-1.3156015,-2.321658,-1.0642133,-0.31676045,-0.25827614,8,2,5,4,8,7,5,8,8,6,8,2,3,7,8,1,7,8,8,8,-2.1973897,0.71043049,2.647128,1.8806005,0.76652755
-13.824039,0.57028236,2.4817563,1,1,0,14.133856,0.92410581,2.6162318,2.417675,0.1985568,-0.31676045,-1.0714326,-1.3436516,-1.6644107,-0.25827614,-1.3156015,-2.321658,-1.0642133,-0.31676045,-0.25827614,6,2,1,3,7,5,2,6,6,7,8,1,4,5,8,2,6,8,8,8,-2.1973897,0.25669831,1.5725106,0.40366082,1.1688498
-16.523195,0.73870196,1.4252656,2,3,0,18.301836,0.40882905,3.0657964,1.2533866,1.8124098,-1.6438653,-2.0468279,-1.3153902,-1.3553672,-1.0996487,-1.9275891,-1.4317247,-1.3200876,-1.6438653,-1.0996487,6,1,6,6,8,2,5,5,7,8,7,5,6,6,6,3,4,6,4,6,-1.3393791,0.62986709,1.4673565,0.9242396,0.54311695
-18.403829,0.70690059,1.2440847,1,1,0,18.913142,0.31792776,3.62379,1.1521034,2.4716866,-1.9298131,-2.2612791,-1.352227,-1.3730002,-1.2678875,-2.0823608,-1.3381721,-1.4036962,-1.9298131,-1.2678875,6,4,2,6,6,1,4,5,7,5,7,2,4,5,5,4,2,5,6,7,-1.9566622,0.6026314,1.0811257,0.65152028,0.4296054
-14.812279,1,1.0072777,2,3,0,18.771797,0.64278025,4.6107649,2.9637086,1.6470563,-1.002451,-1.6158167,-1.2290037,-1.3569733,-0.68353325,-1.6100098,-1.7463904,-1.1100985,-1.002451,-0.68353325,4,4,2,5,4,1,5,6,4,8,7,2,4,2,6,3,2,6,8,7,-2.8290558,0.052019714,2.8695242,0.14927183,2.7202524
-16.147429,0.40945166,1.655339,2,3,0,17.115742,0.40862844,1.8490078,0.75555717,1.0934506,-1.5952985,-1.963782,-1.3727823,-1.4194129,-1.0947398,-1.8941633,-1.4763214,-1.3540152,-1.5952985,-1.0947398,6,4,1,1,7,2,1,6,7,3,7,1,3,7,5,2,4,5,6,8,-0.48126469,0.28222881,0.83565993,0.23584731,0.59981263
-16.193105,0.99933918,0.65905142,2,3,0,16.384037,0.40530468,1.8496474,0.74967073,1.0999767,-1.6040966,-1.9700074,-1.3740022,-1.4199917,-1.1001721,-1.8985932,-1.4733515,-1.3567295,-1.6040966,-1.1001721,6,2,3,5,8,3,6,7,7,8,8,6,2,3,3,5,4,7,6,8,-0.4840647,0.56153787,2.0120555,1.1298454,0.88221016
-14.499331,1,1.077039,3,7,0,15.918138,0.54862177,1.8828362,1.0329649,0.84987126,-1.236748,-1.7115489,-1.3344526,-1.4177257,-0.86924798,-1.7184938,-1.6240303,-1.2481761,-1.236748,-0.86924798,8,2,2,4,6,1,5,7,6,7,6,3,4,2,6,3,3,7,8,7,-0.46989536,0.87766755,2.2514179,1.9759964,0.27542148
-14.035857,1,1.7511763,2,3,0,14.373629,0.93556885,2.4337223,2.2769147,0.15680753,-0.29785815,-1.0513964,-1.3561734,-1.6831375,-0.24885458,-1.3105672,-2.3397907,-1.0727699,-0.29785815,-0.24885458,8,4,5,4,7,3,3,6,8,8,8,3,4,8,8,4,5,5,8,8,-2.2092599,0.87907415,1.8091014,1.5903343,0.21876712
-14.035857,4.0536254e-05,2.8288354,1,1,0,15.079138,0.93556885,2.4337223,2.2769147,0.15680753,-0.29785815,-1.0513964,-1.3561734,-1.6831375,-0.24885458,-1.3105672,-2.3397907,-1.0727699,-0.29785815,-0.24885458,8,5,4,5,4,5,5,6,7,7,8,1,6,4,8,3,5,7,8,8,-2.2092599,0.55617107,2.0605275,1.1460058,0.91452172
-13.782824,0.99006108,0.44354998,3,15,0,14.959009,0.8136084,1.2992528,1.057083,0.24216979,-0.63710737,-1.2383009,-1.4085152,-1.6069253,-0.50652646,-1.4618361,-2.0194181,-1.1820262,-0.63710737,-0.50652646,8,4,1,4,8,6,3,8,6,7,7,5,2,7,7,3,3,8,7,8,-0.954142,0.22437792,3.4508694,0.77429887,2.6765705
-14.041785,0.90614708,0.70202112,2,5,0,15.470367,0.80760485,4.5901092,3.7069945,0.88311478,-0.56494138,-1.2943921,-1.2527507,-1.4933017,-0.40185855,-1.4088138,-2.0902506,-1.0305584,-0.56494138,-0.40185855,8,2,3,4,7,3,6,4,8,8,8,5,5,4,8,3,7,8,6,8,-3.2001352,0.50748037,1.5579406,0.79062429,0.76731635
-13.006569,1,0.91092147,2,3,0,13.885643,0.80189524,2.3602564,1.8926784,0.46757804,-0.61285591,-1.2814354,-1.3161874,-1.5317924,-0.45716249,-1.4359923,-2.0360532,-1.096705,-0.61285591,-0.45716249,8,3,3,5,8,5,3,5,7,8,8,3,4,5,8,5,5,7,6,8,-1.1874008,0.69489052,4.926748,3.4235505,1.5031975
-13.035073,0.98644894,1.4593444,2,3,0,13.063341,0.79544493,2.0724057,1.6484846,0.42392109,-0.63684073,-1.2871137,-1.3315686,-1.5380119,-0.47905263,-1.4483307,-2.0150151,-1.1151412,-0.63684073,-0.47905263,8,2,3,5,7,3,4,6,8,8,8,5,3,3,7,2,6,8,8,8,-0.98104312,0.71993781,1.7195338,1.2379574,0.48157641
-13.714877,0.56854478,2.2537348,1,1,0,13.767147,0.88170143,3.65165,3.2196651,0.43198499,-0.39063564,-1.1509326,-1.295274,-1.5933892,-0.29465698,-1.3378409,-2.2542415,-1.032806,-0.39063564,-0.29465698,8,2,2,5,8,2,5,5,8,7,8,1,1,3,7,5,2,8,8,8,-2.7145413,0.82372732,3.9755167,3.2747417,0.70077496
-13.517469,0.91393292,1.3497861,2,3,0,14.292829,0.66258409,2.1881386,1.4498258,0.73831276,-0.95424374,-1.5233905,-1.3072339,-1.4382397,-0.68146339,-1.5864073,-1.7810655,-1.1634271,-0.95424374,-0.68146339,5,2,4,2,5,5,4,3,5,8,8,3,5,8,8,2,3,8,8,8,-0.73129532,0.46502383,1.2134207,0.56426955,0.64915117
-14.130256,0.80417995,1.7632518,2,3,0,14.280358,0.93922708,2.2179461,2.083155,0.13479106,-0.30004415,-1.0449802,-1.3682424,-1.6922666,-0.25449313,-1.3143273,-2.3348031,-1.0845151,-0.30004415,-0.25449313,7,2,2,6,7,4,5,6,6,8,8,2,5,3,8,2,7,7,8,7,-2.1153198,0.84546097,0.67728373,0.57261696,0.10466677
-15.045736,0.81674778,1.7981044,1,1,0,15.133876,0.96177961,3.1130046,2.9940244,0.11898025,-0.2117219,-1.0064962,-1.3433734,-1.7130453,-0.18193821,-1.2719526,-2.4449351,-1.0463604,-0.2117219,-0.18193821,8,6,2,7,8,5,2,5,5,7,8,1,4,4,7,2,3,7,7,8,-3.2644847,0.54668912,1.8999532,1.0386837,0.86126946
-17.260231,0.3434345,1.8848268,2,3,0,17.59259,0.41231618,4.2386922,1.7476814,2.4910108,-1.6587862,-2.0818715,-1.2868352,-1.324398,-1.0969608,-1.9413187,-1.4151328,-1.3017621,-1.6587862,-1.0969608,7,2,3,4,8,5,4,4,8,5,7,4,3,4,8,5,6,8,5,6,-2.4241429,0.40745998,1.4303094,0.58279383,0.84751556
-16.239766,1,0.6969863,2,3,0,17.350871,0.44065514,3.3584417,1.4799146,1.8785271,-1.559535,-1.9945012,-1.2938679,-1.3408317,-1.0439203,-1.8855183,-1.4596598,-1.2861495,-1.559535,-1.0439203,7,3,3,5,7,3,3,6,8,7,7,3,6,3,7,4,4,7,6,6,-1.5833226,0.7433656,3.5137031,2.611966,0.90173708
-15.588396,0.94314965,1.0961574,2,7,0,17.983443,0.52685721,1.1152669,0.5875864,0.52768049,-1.2677043,-1.6728553,-1.4261955,-1.5051528,-0.92349286,-1.7354444,-1.6429749,-1.3287428,-1.2677043,-0.92349286,8,1,2,5,8,2,4,3,8,7,8,2,3,6,8,5,4,6,7,6,-0.61454624,0.46164525,0.69913222,0.32275107,0.37638115
-14.107924,0.51937986,1.5153981,2,3,0,18.151015,0.62995291,3.3175032,2.0898708,1.2276324,-1.0362836,-1.6182196,-1.2582717,-1.3771538,-0.71583973,-1.6247664,-1.7247806,-1.1417784,-1.0362836,-0.71583973,8,1,4,1,8,6,6,6,4,8,7,1,5,6,8,4,7,8,6,6,-1.6016837,0.50219296,0.89994505,0.45194607,0.44799898
-13.893284,1,0.83487193,3,7,0,14.678242,0.80932254,1.2463008,1.0086593,0.23764146,-0.65064222,-1.2433639,-1.4151248,-1.6091517,-0.51819275,-1.4688079,-2.009881,-1.1903966,-0.65064222,-0.51819275,6,4,3,5,7,5,5,5,6,6,7,7,6,7,7,2,4,5,8,8,-0.97033772,0.18729061,3.3527303,0.6279349,2.7247954
-13.83619,1,1.3012963,1,1,0,14.147723,0.80178598,1.2689154,1.0173986,0.25151682,-0.66465492,-1.2556324,-1.4103687,-1.6009207,-0.5261251,-1.4735848,-1.9983661,-1.1890601,-0.66465492,-0.5261251,8,2,7,8,8,2,6,7,8,8,8,1,3,4,8,2,7,4,8,8,-0.92553797,0.94897058,3.0143649,2.8605436,0.15382129
-14.673995,0.32753736,2.0181157,2,3,0,15.438139,0.9197958,1.2443454,1.1445436,0.099801724,-0.422305,-1.0763667,-1.4442651,-1.7091296,-0.36813599,-1.3839112,-2.2069652,-1.174506,-0.422305,-0.36813599,8,3,2,7,7,3,5,7,8,8,6,2,2,6,8,4,5,7,8,8,-1.7097963,0.77552952,1.8597372,1.4422811,0.41745611
-14.299043,0.99054551,0.74554013,3,7,0,15.516499,0.78992279,4.9550853,3.9141348,1.0409505,-0.60804953,-1.3305668,-1.2425371,-1.4704889,-0.42785277,-1.4273759,-2.052719,-1.0310512,-0.60804953,-0.42785277,8,2,6,6,7,1,4,7,7,8,7,2,3,7,8,2,4,7,7,8,-3.4768141,0.79513987,3.7334739,2.968634,0.76483997
-13.107668,1,1.1312127,2,3,0,14.316077,0.85411949,2.3176159,1.9795209,0.33809499,-0.4909699,-1.1901383,-1.3325179,-1.5862629,-0.37829964,-1.3864048,-2.1446026,-1.0864185,-0.4909699,-0.37829964,5,1,2,4,8,3,3,4,7,4,7,4,3,6,7,3,4,5,6,8,-1.4006712,0.76553935,2.6859821,2.056225,0.62975712
-13.096499,0.81424078,1.742844,2,3,0,13.391303,0.76616587,1.9861068,1.5216872,0.46441955,-0.70822357,-1.3352271,-1.3316577,-1.5178641,-0.52766923,-1.4790983,-1.9575068,-1.1302308,-0.70822357,-0.52766923,7,2,5,5,7,2,3,6,7,7,7,2,4,4,8,3,6,5,8,7,-0.83980524,0.72526686,1.1920395,0.86454675,0.32749276
-13.126999,0.89380248,1.8121348,2,3,0,13.295325,0.85811744,2.2863245,1.9619349,0.32438958,-0.48281331,-1.182919,-1.3354021,-1.5916431,-0.37357658,-1.3834567,-2.1520081,-1.087414,-0.48281331,-0.37357658,7,4,1,4,8,6,6,6,7,7,7,2,5,7,8,7,4,8,7,6,-1.4025513,0.44385369,1.0165415,0.4511957,0.56534581
-13.126999,0.042069738,2.2223507,1,1,0,14.032769,0.85811744,2.2863245,1.9619349,0.32438958,-0.48281331,-1.182919,-1.3354021,-1.5916431,-0.37357658,-1.3834567,-2.1520081,-1.087414,-0.48281331,-0.37357658,8,3,2,4,6,4,6,6,7,6,8,1,5,3,8,2,6,5,8,8,-1.4025513,0.17932347,1.955992,0.35075526,1.6052367
-13.060255,0.99997343,0.46659477,3,7,0,13.166983,0.81737677,2.6864322,2.1958273,0.49060493,-0.56736084,-1.2589994,-1.3048092,-1.536438,-0.42181072,-1.4149428,-2.0773967,-1.0771947,-0.56736084,-0.42181072,6,1,2,4,8,2,3,4,6,7,8,4,4,5,7,5,2,7,7,8,-1.49836,0.59419835,2.3008738,1.3671754,0.93369838
-13.008446,0.98584764,0.71548548,3,7,0,13.465708,0.80604793,2.2425844,1.8076305,0.43495388,-0.60643107,-1.2721376,-1.3235985,-1.5402338,-0.45536431,-1.4341983,-2.0410713,-1.1018589,-0.60643107,-0.45536431,6,4,4,5,6,5,4,5,7,7,6,4,5,3,8,5,5,6,8,7,-1.1236293,0.054777517,3.7923575,0.20773593,3.5846216
-13.690045,0.85793761,1.0610819,1,3,0,13.881873,0.84405587,1.388284,1.1717893,0.21649475,-0.56489464,-1.1930959,-1.4039901,-1.6243998,-0.45488636,-1.4311772,-2.0775056,-1.1641299,-0.56489464,-0.45488636,5,5,2,2,8,5,1,6,5,7,7,4,1,5,6,4,6,8,7,7,-1.0564593,0.046079088,3.6098865,0.16634028,3.4435463
-13.539704,1,1.2076055,2,3,0,13.792702,0.79071246,3.7620208,2.9746767,0.78734407,-0.61603731,-1.3198266,-1.2644777,-1.4863849,-0.44106804,-1.432254,-2.0403471,-1.0520713,-0.61603731,-0.44106804,7,3,2,6,8,4,5,6,6,7,8,4,6,3,8,5,4,8,6,8,-2.3562206,0.84260213,4.5104079,3.8004793,0.70992862
-14.43737,0.74136767,1.8306034,1,3,0,14.481587,0.78322863,1.0515372,0.82359403,0.22794316,-0.72290077,-1.2756022,-1.4428644,-1.6157466,-0.57759171,-1.5044689,-1.9621018,-1.2284583,-0.72290077,-0.57759171,4,2,1,3,7,4,4,6,6,7,8,4,7,3,7,3,4,7,6,7,-1.0841533,0.20635269,5.1392072,1.0604892,4.0787179
-13.944676,0.44253142,1.6400258,2,3,0,16.867198,0.65971458,3.4380623,2.2681398,1.1699225,-0.95740221,-1.563588,-1.2548816,-1.3896396,-0.66421531,-1.5874814,-1.7760656,-1.1209056,-0.95740221,-0.66421531,8,3,3,3,7,2,6,6,6,7,7,2,5,6,7,4,3,7,8,7,-1.7498681,0.42174366,1.3940048,0.58791268,0.80609211
-14.366661,0.93563026,0.80735038,2,3,0,15.045028,0.67894165,4.3447502,2.9498318,1.3949183,-0.90452663,-1.5408014,-1.2349008,-1.3831541,-0.62273026,-1.5630987,-1.8134722,-1.0921863,-0.90452663,-0.62273026,7,3,5,5,7,4,7,8,5,8,7,1,4,4,8,3,5,7,8,7,-2.6301493,0.55350659,2.6317319,1.456681,1.1750509
-13.016534,1,1.071558,2,3,0,14.187994,0.8095007,2.1741823,1.7600021,0.41418021,-0.60049008,-1.2649439,-1.3284212,-1.5462863,-0.45297705,-1.4323198,-2.0459025,-1.104859,-0.60049008,-0.45297705,4,1,3,3,8,1,6,6,8,8,5,3,5,6,7,3,7,8,8,8,-1.0940752,0.81801426,0.96189713,0.78684557,0.17505156
-13.783046,0.16134652,1.6118041,2,3,0,18.815231,0.62549406,2.2679703,1.4186019,0.84936834,-1.0466747,-1.593575,-1.3022911,-1.4162191,-0.73878233,-1.6289487,-1.722686,-1.180038,-1.0466747,-0.73878233,8,4,1,4,4,7,3,5,8,5,8,1,3,4,3,5,4,5,7,7,-0.73589835,0.40745306,0.85696403,0.34917262,0.50779142
-13.821746,0.99836504,0.45965961,1,1,0,13.837744,0.62061558,2.2740652,1.4113203,0.86274492,-1.0590004,-1.6027184,-1.302075,-1.4138451,-0.74650806,-1.6347045,-1.7152484,-1.1826236,-1.0590004,-0.74650806,8,2,3,4,8,2,4,4,8,8,8,4,3,6,8,3,2,8,5,8,-0.73483405,0.95837034,2.2494461,2.1558024,0.093643667
-14.849047,0.93119727,0.68921166,2,3,0,15.157279,0.55196336,3.3292803,1.8376407,1.4916396,-1.2468834,-1.7705058,-1.2648655,-1.348791,-0.84904943,-1.7271925,-1.6030453,-1.1950384,-1.2468834,-0.84904943,5,2,3,5,5,1,4,6,8,8,3,3,3,6,8,4,2,6,5,7,-1.5533446,0.47406204,0.67937123,0.32206411,0.35730711
-13.233476,1,0.90244743,2,3,0,14.903337,0.87060819,2.6677658,2.3225787,0.34518703,-0.44048391,-1.1647671,-1.3216088,-1.5955598,-0.3390054,-1.3632257,-2.1956694,-1.0666911,-0.44048391,-0.3390054,6,2,2,4,7,3,5,8,5,7,8,1,3,5,8,2,2,7,8,8,-1.7647431,0.70243116,2.0842217,1.4640223,0.62019944
-13.630403,0.97112619,1.3478336,2,3,0,13.693034,0.64650991,2.1212306,1.3713966,0.74983399,-0.99435627,-1.5494226,-1.3111326,-1.4340706,-0.70871475,-1.6048964,-1.7560553,-1.1755921,-0.99435627,-0.70871475,7,3,2,6,6,4,5,7,7,8,8,2,2,4,8,4,3,7,5,8,-0.66902131,0.52263096,4.3987553,2.2989257,2.0998296
-13.91281,0.83368248,1.8961343,2,3,0,14.273752,0.89896627,3.7198261,3.3439982,0.3758279,-0.34715618,-1.1197934,-1.3004527,-1.6158435,-0.26544062,-1.3201528,-2.3003802,-1.0292267,-0.34715618,-0.26544062,8,4,6,2,7,3,2,8,7,8,8,1,2,4,7,2,4,7,8,8,-2.9166338,0.66517508,1.3657453,0.90845974,0.45728556
-13.82563,0.94069965,2.0388911,2,3,0,14.167234,0.92047832,2.8748575,2.646244,0.22861351,-0.31623306,-1.0784867,-1.3325329,-1.6554604,-0.25413919,-1.3130511,-2.325161,-1.0536581,-0.31623306,-0.25413919,5,2,1,3,7,3,5,7,8,7,8,1,4,7,8,4,1,5,8,7,-2.3679512,0.45837367,7.4822964,3.4296877,4.0526087
-13.82563,0.017542903,2.6915347,1,1,0,14.120715,0.92047832,2.8748575,2.646244,0.22861351,-0.31623306,-1.0784867,-1.3325329,-1.6554604,-0.25413919,-1.3130511,-2.325161,-1.0536581,-0.31623306,-0.25413919,8,2,1,6,6,4,6,5,7,8,8,1,3,5,7,2,6,5,8,8,-2.3679512,0.62653346,3.5225787,2.2070134,1.3155653
-13.063992,0.99510725,0.60527491,3,7,0,14.337562,0.7788086,2.020491,1.5735758,0.44691524,-0.67750476,-1.3144468,-1.3316085,-1.5262994,-0.5068158,-1.4658227,-1.9818086,-1.1236914,-0.67750476,-0.5068158,7,1,3,3,7,4,6,7,7,7,5,4,4,6,8,3,5,6,8,8,-0.8962971,0.34328154,3.9144972,1.3437746,2.5707226
-13.197265,0.96611546,0.8888933,2,3,0,13.483288,0.72234082,2.3871268,1.7243191,0.66280768,-0.80478862,-1.4228497,-1.3005065,-1.4651707,-0.58114596,-1.5186191,-1.8837677,-1.124594,-0.80478862,-0.58114596,8,6,3,4,8,2,2,7,6,8,8,3,2,7,7,3,4,8,7,8,-0.97335929,0.34231711,1.9861189,0.67988247,1.3062364
-13.270384,0.93181943,1.2312543,2,3,0,13.646995,0.87599922,2.6721309,2.3407846,0.33134633,-0.42758285,-1.1553513,-1.3232716,-1.6018968,-0.33045897,-1.3580572,-2.2083785,-1.0657127,-0.42758285,-0.33045897,7,5,1,3,7,5,6,5,7,4,8,1,5,4,8,3,5,6,5,8,-1.8046515,0.49993004,1.240596,0.6202112,0.62038479
-13.39609,0.90860142,1.593828,2,3,0,13.746162,0.68956286,1.9607937,1.3520905,0.60870317,-0.89074826,-1.4667319,-1.323964,-1.4668082,-0.64634652,-1.5586052,-1.8247665,-1.1632661,-0.89074826,-0.64634652,6,2,2,7,5,2,3,5,6,8,7,1,5,5,7,4,5,6,8,6,-0.64963639,0.23737507,0.79393239,0.18845976,0.60547264
-13.39609,0.12775278,1.9704855,1,1,0,15.192243,0.68956286,1.9607937,1.3520905,0.60870317,-0.89074826,-1.4667319,-1.323964,-1.4668082,-0.64634652,-1.5586052,-1.8247665,-1.1632661,-0.89074826,-0.64634652,4,4,2,2,6,3,4,6,5,7,7,2,1,8,7,2,6,6,8,8,-0.64963639,0.18223163,1.1276447,0.20549254,0.9221522
-13.220554,0.99538483,0.56347418,3,7,0,13.769924,0.87158529,2.5676537,2.2379292,0.32972451,-0.44133636,-1.1622566,-1.3261553,-1.5990671,-0.34117382,-1.3643611,-2.1939588,-1.0709942,-0.44133636,-0.34117382,8,4,1,3,8,3,5,8,7,8,8,1,1,3,6,7,3,6,8,8,-1.6918017,0.6950535,2.257691,1.569216,0.68847495
-13.099205,1,0.82110577,3,7,0,13.225553,0.75015816,2.1498073,1.6126955,0.53711182,-0.7418045,-1.3673127,-1.3180687,-1.4967973,-0.54543063,-1.4922249,-1.9312954,-1.1257726,-0.7418045,-0.54543063,6,3,4,5,8,3,5,5,4,6,7,3,2,7,7,4,7,7,8,8,-0.88424313,0.52692715,2.1411912,1.1282518,1.0129394
-13.865483,0.7550462,1.2028948,2,3,0,14.289469,0.78092542,4.2735442,3.3373193,0.93622489,-0.63630117,-1.3428926,-1.2514648,-1.4690105,-0.45029057,-1.4404559,-2.0249895,-1.0451546,-0.63630117,-0.45029057,6,3,3,4,7,4,5,7,7,7,8,2,3,5,8,3,7,7,8,8,-2.8051559,0.53075431,1.0590483,0.56209443,0.49695384
-13.88676,0.97362262,1.1167812,2,7,0,14.62009,0.64488374,1.5877632,1.0239227,0.56384054,-1.0013917,-1.5245033,-1.354854,-1.4738798,-0.72949958,-1.6103111,-1.7596711,-1.2131793,-1.0013917,-0.72949958,7,2,1,4,3,2,5,3,7,8,8,2,3,4,8,2,6,6,8,7,-0.47691001,0.30102967,1.811546,0.54532909,1.2662169
-13.761804,1,1.5513697,1,1,0,14.131216,0.6816358,1.5019648,1.023793,0.47817183,-0.91765652,-1.4580175,-1.3653297,-1.4996544,-0.6791723,-1.5741128,-1.8136832,-1.2036601,-0.91765652,-0.6791723,6,4,2,3,8,2,3,6,8,6,8,2,4,6,8,6,5,7,6,8,-0.53264411,0.75152121,1.332805,1.0016313,0.33117379
-13.761804,0.052173445,2.2555815,2,3,0,15.126038,0.6816358,1.5019648,1.023793,0.47817183,-0.91765652,-1.4580175,-1.3653297,-1.4996544,-0.6791723,-1.5741128,-1.8136832,-1.2036601,-0.91765652,-0.6791723,8,1,5,5,8,4,5,8,6,7,7,2,1,5,8,5,6,6,8,8,-0.53264411,0.71951519,1.7958532,1.2921437,0.50370956
-13.864847,0.99822819,0.57934384,2,3,0,13.924508,0.65426921,1.549562,1.0138307,0.53573128,-0.97990196,-1.5063463,-1.3590223,-1.481742,-0.71722637,-1.6010338,-1.773589,-1.211934,-0.97990196,-0.71722637,8,3,3,4,7,4,4,6,7,8,7,3,2,3,6,4,4,8,8,7,-0.48856388,0.24706143,2.2241968,0.54951325,1.6746836
-13.277356,0.76476241,0.84037509,2,3,0,14.76893,0.8406731,3.1868084,2.679064,0.50774431,-0.49992216,-1.2224731,-1.2936268,-1.5501108,-0.37105059,-1.3844607,-2.1426666,-1.0532662,-0.49992216,-0.37105059,8,3,1,4,6,3,2,6,8,7,8,1,3,3,8,4,5,6,6,8,-2.0374762,0.43599078,1.4264877,0.6219355,0.80455222
-13.277356,0,7.8822216,0,1,1,15.434701,0.8406731,3.1868084,2.679064,0.50774431,-0.49992216,-1.2224731,-1.2936268,-1.5501108,-0.37105059,-1.3844607,-2.1426666,-1.0532662,-0.49992216,-0.37105059,8,2,4,8,8,4,5,6,7,8,8,1,4,3,8,5,6,6,7,8,-2.0374762,0.76512863,2.8881747,2.2098252,0.67834954
-13.277356,0.64036871,1.1735159,1,1,0,13.590327,0.8406731,3.1868084,2.679064,0.50774431,-0.49992216,-1.2224731,-1.2936268,-1.5501108,-0.37105059,-1.3844607,-2.1426666,-1.0532662,-0.49992216,-0.37105059,4,2,3,2,8,5,4,5,6,7,8,2,3,7,7,3,4,5,7,8,-2.0374762,0.21875024,1.5134464,0.33106675,1.1823796
-13.807614,0.88001701,0.59312949,1,3,0,14.654739,0.92417533,2.4919626,2.3030103,0.18895224,-0.32153293,-1.0709707,-1.3489124,-1.6667081,-0.26349072,-1.3187258,-2.3151303,-1.0699852,-0.32153293,-0.26349072,7,2,4,2,7,4,3,8,8,8,8,2,6,1,8,5,5,8,8,8,-2.1020201,0.85624601,2.5170547,2.155218,0.36183664
-13.938103,0.98349431,0.61558371,2,7,0,14.764519,0.83142153,1.245099,1.0352021,0.20989689,-0.60441346,-1.2095986,-1.4200189,-1.6268944,-0.48799614,-1.4509484,-2.0469564,-1.1856677,-0.60441346,-0.48799614,7,1,3,4,6,3,3,7,8,7,8,1,5,4,8,4,4,6,8,8,-1.0674425,0.74140265,4.6518179,3.4488701,1.2029478
-14.171534,0.97267015,0.94951037,2,3,0,14.416558,0.8850471,1.2726737,1.1263762,0.14629753,-0.49011596,-1.1286263,-1.4298559,-1.6721176,-0.41140002,-1.4070602,-2.144241,-1.1732175,-0.49011596,-0.41140002,8,2,1,6,7,3,5,6,8,6,8,2,5,7,8,2,6,7,8,8,-1.3691563,0.6277178,1.6727502,1.0500151,0.62273514
-14.171534,0.22824241,1.5190031,1,1,0,16.684094,0.8850471,1.2726737,1.1263762,0.14629753,-0.49011596,-1.1286263,-1.4298559,-1.6721176,-0.41140002,-1.4070602,-2.144241,-1.1732175,-0.49011596,-0.41140002,7,3,1,4,7,4,5,7,6,7,8,3,2,7,8,4,5,5,7,6,-1.3691563,0.46832626,2.8172528,1.3193935,1.4978594
-13.309771,0.99987589,0.24907533,3,7,0,14.312766,0.70791507,1.9437339,1.3759985,0.56773538,-0.84708556,-1.4341926,-1.3267663,-1.4790014,-0.61868389,-1.539388,-1.8549041,-1.1560357,-0.84708556,-0.61868389,4,4,4,5,5,3,4,6,3,8,8,2,2,4,8,3,3,8,7,7,-0.67641317,0.25320525,0.81565527,0.2065282,0.60912707
-15.4193,0.82620211,0.4512118,2,5,0,15.858718,0.97015706,2.9581009,2.8698224,0.088278441,-0.19731609,-0.99197909,-1.3519992,-1.7271863,-0.174254,-1.2680691,-2.4597906,-1.0525069,-0.19731609,-0.174254,6,3,2,5,8,2,4,8,7,7,8,2,4,5,8,2,6,8,8,8,-3.3670718,0.75566547,3.1565221,2.3852747,0.77124735
-13.986278,0.98629191,0.4832517,2,7,0,15.649971,0.92983307,1.9650321,1.8271519,0.13788028,-0.33571555,-1.0603246,-1.3793881,-1.6863577,-0.2839968,-1.3316655,-2.2943345,-1.1008722,-0.33571555,-0.2839968,6,3,4,3,8,5,2,6,8,8,8,1,4,7,7,3,2,8,8,8,-1.8397911,0.48718724,1.2293738,0.59893524,0.63043859
-13.611368,1,0.86755647,2,3,0,13.976722,0.65623168,1.9098132,1.2532799,0.65653328,-0.97172119,-1.5226628,-1.3262401,-1.4524795,-0.69977009,-1.5951789,-1.7724482,-1.1830282,-0.97172119,-0.69977009,8,5,1,2,5,3,3,6,6,7,8,1,2,5,7,4,3,4,8,8,-0.57432415,0.25260382,4.4149738,1.1152392,3.2997346
-16.547664,0.075638535,1.6359757,1,1,0,16.880007,0.95416953,0.94420114,0.90092795,0.043273185,-0.40556595,-1.0316542,-1.505506,-1.7711265,-0.37690918,-1.3966454,-2.2309246,-1.2266943,-0.40556595,-0.37690918,6,3,2,3,8,5,3,7,8,5,8,4,4,1,7,5,5,8,8,8,-2.6330262,0.28630976,1.515136,0.43379823,1.0813378
-17.383734,0.99364524,0.16796792,3,7,0,17.959651,0.94399789,0.74580443,0.7040378,0.041766623,-0.47467837,-1.053067,-1.5505223,-1.788901,-0.44189861,-1.4387428,-2.1825226,-1.2766741,-0.47467837,-0.44189861,4,1,4,6,7,4,6,5,5,6,8,1,3,6,6,3,1,5,7,8,-3.0268613,0.60208607,2.9706091,1.7885623,1.1820467
-18.093717,0.98857837,0.31362496,2,3,0,18.22617,0.94256305,0.65555798,0.61790473,0.037653253,-0.50669661,-1.0602089,-1.5784926,-1.8050785,-0.47442707,-1.4609991,-2.1662019,-1.3057128,-0.50669661,-0.47442707,8,1,5,4,8,2,6,6,7,4,8,2,3,6,5,2,5,7,7,7,-3.4162876,0.66853523,1.9781053,1.3224331,0.65567223
-14.953829,1,0.57493001,2,3,0,18.424275,0.79350964,0.92329751,0.73264547,0.19065204,-0.71725397,-1.2555258,-1.4712795,-1.643829,-0.58398325,-1.5088651,-1.9738098,-1.2515254,-0.71725397,-0.58398325,8,4,1,2,6,4,2,7,4,7,8,1,4,6,7,4,6,4,7,8,-1.3579256,0.29117395,2.3097665,0.67254384,1.6372227
-14.979735,1,1.0866321,1,1,0,15.581641,0.74538797,0.92563753,0.68995908,0.23567845,-0.81178283,-1.3240017,-1.4639876,-1.6149279,-0.64541184,-1.5454579,-1.9079181,-1.2641977,-0.81178283,-0.64541184,5,4,1,3,7,2,6,7,8,8,8,2,5,5,7,3,7,7,5,8,-1.2057172,0.36627378,1.5863329,0.58103216,1.0053008
-14.979735,0.0071410196,2.0393646,2,3,0,17.702967,0.74538797,0.92563753,0.68995908,0.23567845,-0.81178283,-1.3240017,-1.4639876,-1.6149279,-0.64541184,-1.5454579,-1.9079181,-1.2641977,-0.81178283,-0.64541184,5,4,2,2,8,3,1,7,4,7,7,1,2,6,8,2,4,8,8,7,-1.2057172,0.31159217,1.818551,0.56664625,1.2519047
-13.459117,0.99521983,0.18297708,4,15,0,16.248,0.68427826,2.7057686,1.8514986,0.85426995,-0.89650829,-1.5005006,-1.2816758,-1.4269475,-0.63461056,-1.5592437,-1.8179572,-1.129257,-0.89650829,-0.63461056,6,1,2,3,8,5,6,7,8,8,7,3,4,4,4,1,7,6,6,8,-1.1443991,0.54803267,2.2700052,1.244037,1.0259682
-14.53429,0.98662283,0.34058253,3,7,0,15.061554,0.80283365,1.0261734,0.82384654,0.20232687,-0.6860497,-1.2459534,-1.4511151,-1.6328638,-0.55536279,-1.4913767,-1.9906417,-1.2282454,-0.6860497,-0.55536279,6,2,5,3,6,3,2,7,7,8,5,1,4,4,7,1,1,6,8,7,-1.1937903,0.48433322,2.4585252,1.1907454,1.2677798
-13.473635,0.96288131,0.612408,3,7,0,15.441435,0.90170807,2.2649267,2.0423027,0.22262402,-0.38303347,-1.1083576,-1.3512182,-1.6429876,-0.30836838,-1.3447423,-2.2489595,-1.0830305,-0.38303347,-0.30836838,8,3,1,8,7,5,4,4,7,7,7,3,3,6,7,1,7,8,8,8,-1.7058005,0.76314383,2.1208443,1.6185092,0.50233506
-13.558992,0.99148495,1.0169344,2,3,0,13.806861,0.8810697,1.6461786,1.4503981,0.19578051,-0.46478332,-1.1380103,-1.3871321,-1.6429555,-0.37875109,-1.386338,-2.1654498,-1.1305242,-0.46478332,-0.37875109,6,2,2,3,8,4,6,5,7,5,5,1,5,4,8,5,6,8,8,5,-1.2641336,0.34756441,1.0301077,0.35802877,0.6720789
-13.558992,0.078091843,1.8231622,1,1,0,14.360027,0.8810697,1.6461786,1.4503981,0.19578051,-0.46478332,-1.1380103,-1.3871321,-1.6429555,-0.37875109,-1.386338,-2.1654498,-1.1305242,-0.46478332,-0.37875109,5,4,1,1,8,2,2,5,5,6,7,2,5,6,7,6,5,8,5,7,-1.2641336,0.049170163,1.6339386,0.080341026,1.5535976
-13.148996,0.99644494,0.22250812,3,15,0,14.344648,0.80632699,2.9838356,2.4059471,0.57788842,-0.58807623,-1.282599,-1.290597,-1.5175391,-0.43110156,-1.4222879,-2.0607829,-1.0690027,-0.58807623,-0.43110156,4,2,3,2,8,4,4,8,8,8,8,3,2,7,7,3,5,7,7,7,-1.7041913,0.21340591,2.4277796,0.5181025,1.9096771
-13.181948,0.99174554,0.40619973,3,7,0,13.362092,0.86597052,2.5381267,2.1979429,0.3401838,-0.45553759,-1.1717927,-1.325594,-1.5932591,-0.35099827,-1.370263,-2.1799424,-1.0732391,-0.45553759,-0.35099827,6,4,6,3,8,4,2,8,7,7,8,1,5,6,8,5,6,6,8,7,-1.632612,0.6599612,2.1116586,1.3936128,0.71804585
-13.744438,0.95061108,0.72434681,2,3,0,13.925349,0.85342216,3.9891689,3.4044451,0.58472376,-0.45527446,-1.2046643,-1.2778056,-1.5535208,-0.33429439,-1.3632383,-2.1914658,-1.0297719,-0.45527446,-0.33429439,8,2,2,6,8,2,3,7,7,7,7,1,1,8,8,3,4,7,6,7,-2.8497174,0.83683836,2.7986147,2.3419881,0.45662654
-20.322264,0.24691305,1.1374228,2,3,0,21.130997,0.99042114,7.395521,7.3246803,0.070840653,-0.079492761,-0.95378732,-1.3043178,-1.754394,-0.071548821,-1.2078154,-2.643463,-0.9864258,-0.079492761,-0.071548821,8,2,4,4,6,2,5,5,6,8,8,3,2,5,8,2,6,8,8,8,-8.5130299,0.52021488,2.2122846,1.1508633,1.0614212
-14.946869,0.99938141,0.24148059,3,7,0,20.625139,0.96337448,2.3961044,2.3083458,0.08775858,-0.23632462,-1.0043024,-1.3699049,-1.7228094,-0.20874017,-1.2886165,-2.4072266,-1.0758986,-0.23632462,-0.20874017,8,2,3,5,8,5,6,7,3,7,8,1,3,5,8,1,4,8,8,8,-2.717502,0.84528251,1.4601891,1.2342723,0.22591679
-15.516453,0.97981244,0.43569539,2,7,0,15.822009,0.97225719,2.8555539,2.7763328,0.07922108,-0.19617129,-0.98846264,-1.3562903,-1.7312357,-0.17483654,-1.268664,-2.4597602,-1.0565241,-0.19617129,-0.17483654,8,2,2,3,6,3,6,6,4,6,7,3,3,6,8,2,5,8,8,8,-3.3498523,0.24331128,2.5350049,0.6167953,1.9182096
-15.439516,0.99425107,0.73710076,2,3,0,15.841369,0.96735479,3.3863333,3.2757858,0.11054757,-0.19060562,-0.99662794,-1.3388321,-1.719998,-0.16496663,-1.2621252,-2.473087,-1.0385591,-0.19060562,-0.16496663,8,2,4,5,8,3,7,7,8,8,8,3,5,5,8,4,6,6,8,7,-3.6636429,0.94804771,3.3818058,3.2061132,0.17569257
-13.140977,0.71686586,1.2863993,2,3,0,14.163165,0.75706427,2.7386633,2.0733442,0.66531918,-0.71380989,-1.368148,-1.2892722,-1.4788315,-0.51626065,-1.4773722,-1.9540531,-1.0949987,-0.71380989,-0.51626065,7,1,1,5,4,4,3,6,8,4,8,3,2,5,8,5,7,8,7,8,-1.332365,0.28893427,1.0952057,0.31644247,0.77876326
-13.060202,0.8691107,1.040616,2,3,0,13.990985,0.7634695,2.4151444,1.8438891,0.57125531,-0.70392927,-1.3502215,-1.305322,-1.4956715,-0.51533821,-1.4743874,-1.9611082,-1.1066547,-0.70392927,-0.51533821,5,5,8,4,5,4,1,8,6,6,6,1,4,3,7,3,5,8,7,8,-1.0985,0.62868606,1.0176921,0.63980885,0.37788327
-13.060202,0.069890768,1.2773369,2,3,0,16.368644,0.7634695,2.4151444,1.8438891,0.57125531,-0.70392927,-1.3502215,-1.305322,-1.4956715,-0.51533821,-1.4743874,-1.9611082,-1.1066547,-0.70392927,-0.51533821,8,1,2,5,7,2,6,7,8,7,7,4,5,2,8,5,4,6,8,8,-1.0985,0.5719482,1.1312928,0.64704087,0.4842519
-13.061789,0.99999501,0.18149648,3,7,0,13.064163,0.76236044,2.4027088,1.8317302,0.57097867,-0.70687535,-1.3519222,-1.3057605,-1.4952451,-0.51748525,-1.4757212,-1.9587381,-1.107669,-0.70687535,-0.51748525,6,3,4,3,6,1,3,6,8,5,8,5,2,6,6,4,6,6,8,4,-1.0862722,0.60549435,2.1399588,1.295733,0.84422585
-13.256386,0.98332678,0.31948503,2,5,0,13.882342,0.8434004,1.7499823,1.4759358,0.27404653,-0.54132575,-1.2004938,-1.3671924,-1.5991867,-0.42558188,-1.4138075,-2.0962677,-1.1271714,-0.54132575,-0.42558188,6,3,3,7,6,2,6,7,8,8,8,2,4,8,8,4,5,6,6,8,-1.0536807,0.56623999,2.4108345,1.3651109,1.0457236
-14.413952,0.94815613,0.53318241,2,7,0,14.482818,0.83170262,1.0760151,0.89492456,0.18109052,-0.62205013,-1.2052496,-1.44743,-1.6469312,-0.50991021,-1.4646274,-2.0378664,-1.2127799,-0.62205013,-0.50991021,8,2,3,7,8,3,4,7,5,8,8,4,5,3,8,3,5,6,8,8,-1.2421086,0.78504141,2.3602904,1.8529257,0.50736471
-14.556772,0.98733039,0.80459259,1,1,0,14.78457,0.79387536,1.018546,0.80859857,0.20994743,-0.70491429,-1.2587031,-1.4510454,-1.6279301,-0.56826013,-1.4990087,-1.9769882,-1.2318776,-0.70491429,-0.56826013,7,4,4,4,6,2,2,8,7,7,6,3,2,3,7,1,1,4,7,8,-1.173143,0.4217933,1.8173443,0.76654363,1.0508006
-14.556772,0.020974897,1.3360462,1,1,0,17.336457,0.79387536,1.018546,0.80859857,0.20994743,-0.70491429,-1.2587031,-1.4510454,-1.6279301,-0.56826013,-1.4990087,-1.9769882,-1.2318776,-0.70491429,-0.56826013,6,6,1,2,7,2,3,5,6,7,4,1,6,4,8,2,7,7,7,7,-1.173143,0.44193106,3.4008848,1.5029566,1.8979281
-14.715065,0.99810204,0.18042845,3,7,0,15.05008,0.85894994,1.0240311,0.87959148,0.14443965,-0.57461785,-1.1648017,-1.4632408,-1.6754633,-0.4824448,-1.4497465,-2.0784222,-1.2176696,-0.57461785,-0.4824448,8,3,1,3,5,4,3,6,7,7,8,1,1,6,6,2,4,7,7,8,-1.4646573,0.28532399,3.3195071,0.947135,2.3723721
-13.670147,0.99919032,0.30910992,3,7,0,15.149486,0.90324887,1.7769348,1.6050143,0.17192044,-0.40690002,-1.1031512,-1.3832545,-1.6610532,-0.3363241,-1.361719,-2.2211309,-1.1166474,-0.40690002,-0.3363241,6,3,1,3,8,3,3,7,8,8,8,2,3,5,7,3,5,6,8,8,-1.4742618,0.22990552,1.645924,0.37840702,1.267517
-14.569242,0.98115837,0.52665089,3,7,0,14.913182,0.63214034,1.1974199,0.7569374,0.44048246,-1.0347007,-1.5157478,-1.4050601,-1.5162127,-0.76970166,-1.6297247,-1.7541706,-1.2618014,-1.0347007,-0.76970166,6,4,1,6,6,4,2,6,6,5,6,3,2,5,8,3,6,4,6,8,-0.59919161,0.039878709,2.8341055,0.11302047,2.721085
-13.247095,1,0.85035446,2,7,0,14.296465,0.79279255,1.6732081,1.326507,0.3467012,-0.65898562,-1.2819698,-1.3620946,-1.5587346,-0.50504824,-1.4623262,-1.9975382,-1.1462184,-0.65898562,-0.50504824,7,1,4,1,7,5,5,7,7,7,8,2,4,5,8,4,6,8,7,8,-0.81865944,0.48428123,0.82150105,0.39783754,0.42366351
-15.210261,0.28598742,1.4292089,1,1,0,15.378946,0.9557604,1.432411,1.3690417,0.063369283,-0.32545243,-1.0206907,-1.4338894,-1.7379054,-0.29491678,-1.3423843,-2.3012485,-1.1497773,-0.32545243,-0.29491678,7,5,4,3,4,6,5,5,8,7,7,1,3,3,8,5,3,8,8,8,-2.1796031,0.21064267,1.9391593,0.40846967,1.5306896
-15.95982,0.9788879,0.40208342,2,7,0,17.139242,0.97614494,1.7023499,1.6617402,0.040609663,-0.25496063,-0.98651681,-1.4170722,-1.7539989,-0.2380195,-1.3092482,-2.3775635,-1.1236913,-0.25496063,-0.2380195,7,2,3,2,7,3,5,5,7,7,8,2,6,5,7,1,8,8,8,8,-2.7778751,0.40410697,1.6239489,0.65624906,0.96769984
-15.425203,1,0.63994145,1,1,0,15.965508,0.96981892,1.8490388,1.7932328,0.055805983,-0.25616646,-0.99554546,-1.4034578,-1.7417806,-0.23437987,-1.3057686,-2.377882,-1.1109536,-0.25616646,-0.23437987,3,3,1,5,7,5,3,5,8,8,8,1,4,4,8,8,3,7,8,8,-2.5922025,0.41184995,1.7586296,0.72429151,1.0343381
-14.136464,1,1.0654959,2,3,0,16.742338,0.93851506,2.6609262,2.4973193,0.16360688,-0.28163774,-1.0466768,-1.3479108,-1.6835772,-0.23433959,-1.301969,-2.3602414,-1.0622122,-0.28163774,-0.23433959,7,2,2,6,7,3,5,5,7,8,8,4,3,4,8,3,5,8,8,8,-2.428177,0.74498225,6.533103,4.8670458,1.6660572
-14.136464,0.10656678,1.7611148,2,3,0,16.968013,0.93851506,2.6609262,2.4973193,0.16360688,-0.28163774,-1.0466768,-1.3479108,-1.6835772,-0.23433959,-1.301969,-2.3602414,-1.0622122,-0.28163774,-0.23433959,8,3,2,3,6,2,5,7,8,7,8,1,1,8,8,6,4,6,8,8,-2.428177,0.75730486,4.5964209,3.4808919,1.115529
-13.874427,0.99990182,0.33194599,2,3,0,14.201202,0.92570372,2.7164976,2.5146719,0.20182567,-0.3093421,-1.068937,-1.3403931,-1.6649703,-0.25182953,-1.3118185,-2.3307791,-1.0598508,-0.3093421,-0.25182953,4,4,2,4,6,2,2,7,5,8,8,3,2,5,8,3,4,6,8,8,-2.297783,0.24704175,2.4009394,0.59313226,1.8078071
-14.21198,0.98174334,0.54905804,2,3,0,14.470363,0.93325537,3.2446249,3.0280636,0.21656129,-0.27521589,-1.0568678,-1.3266267,-1.6691293,-0.2225367,-1.2946959,-2.3741412,-1.0408401,-0.27521589,-0.2225367,8,3,1,2,5,3,5,5,8,8,8,2,2,5,8,1,5,8,7,8,-2.8552161,0.12396312,1.1504998,0.14261954,1.0078803
-14.070797,0.95429816,0.86355769,2,3,0,15.154836,0.6399283,1.4518755,0.92909622,0.52277927,-1.0141706,-1.523673,-1.3699347,-1.4859527,-0.74333811,-1.6171974,-1.7557117,-1.2284028,-1.0141706,-0.74333811,7,3,5,6,6,3,5,2,5,8,6,3,2,5,8,2,3,2,5,8,-0.47991196,0.31373176,1.3090341,0.41068559,0.89834856
-16.529338,0.23713181,1.2646841,1,1,0,16.835723,0.9180322,0.78624979,0.72180262,0.064447166,-0.50963234,-1.0850626,-1.5322409,-1.7601282,-0.4605917,-1.4455826,-2.1482744,-1.2663441,-0.50963234,-0.4605917,8,2,5,6,5,6,7,6,8,8,8,1,5,2,8,1,8,5,8,8,-2.5238249,0.81451035,1.527303,1.2440041,0.28329889
# Adaptation terminated
# Step size = 0.634136
# Diagonal elements of inverse mass matrix:
# 1.11283, 0.2304
-17.206825,0.97516233,0.63413587,2,3,0,17.774124,0.87206028,0.63533319,0.55404883,0.081284353,-0.63304624,-1.1476628,-1.5695476,-1.7592792,-0.56083778,-1.5051605,-2.0679672,-1.319138,-0.63304624,-0.56083778,8,3,3,5,8,7,5,8,8,8,8,3,7,5,8,3,7,8,8,8,-2.8036033,0.85387516,2.5942708,2.2151834,0.3790874
-17.382448,0.98457183,0.63413587,1,1,0,17.82973,0.85352422,0.60561103,0.51690368,0.088707349,-0.67370567,-1.1709081,-1.577405,-1.7562404,-0.59206712,-1.5232101,-2.0430807,-1.3330264,-0.67370567,-0.59206712,6,4,3,5,6,3,7,6,7,7,8,6,2,6,8,6,3,7,6,7,-2.8662378,0.73035653,1.0334632,0.75479659,0.2786666
-13.666102,1,0.63413587,2,3,0,17.083332,0.7804745,1.3557811,1.0581526,0.29762852,-0.70396808,-1.291781,-1.3946187,-1.5759467,-0.54735207,-1.486862,-1.9662418,-1.1834157,-0.70396808,-0.54735207,8,4,2,8,8,2,7,8,7,6,8,1,7,3,8,6,4,5,7,8,-0.80483308,0.56725173,4.5437621,2.5774569,1.9663052
-14.04495,0.9905361,0.63413587,3,7,0,14.11528,0.83276512,1.2029297,1.0017579,0.2011718,-0.60577742,-1.206597,-1.4265945,-1.6324952,-0.49126221,-1.4530205,-2.0468555,-1.1916421,-0.60577742,-0.49126221,6,4,2,4,7,3,2,8,7,8,7,2,1,6,8,4,4,8,7,8,-1.1070666,0.46882596,3.4276553,1.6069738,1.8206815
-13.234379,1,0.63413587,2,3,0,14.217713,0.87579093,2.2471239,1.9680108,0.27911318,-0.44341297,-1.1522995,-1.3431664,-1.6127175,-0.3484997,-1.3683141,-2.1891926,-1.0868514,-0.44341297,-0.3484997,4,2,1,6,6,4,4,8,6,3,8,3,5,2,8,2,5,8,8,7,-1.4892463,0.58459601,0.73087363,0.42726581,0.30360782
-13.112829,0.96397241,0.63413587,1,3,0,13.709556,0.78990364,2.8576236,2.2572473,0.60037633,-0.6307787,-1.3106459,-1.29123,-1.5046684,-0.46061171,-1.4409924,-2.0230618,-1.078677,-0.6307787,-0.46061171,6,1,3,5,8,5,3,7,8,7,6,2,4,3,6,5,2,8,8,8,-1.5347297,0.48784363,2.0155291,0.98326305,1.0322661
-13.825072,0.89879376,0.63413587,3,7,0,14.76026,0.70211834,3.7074161,2.6030448,1.1043713,-0.84500844,-1.486969,-1.2505197,-1.410891,-0.58956109,-1.5351424,-1.8556032,-1.0915096,-0.84500844,-0.58956109,4,5,3,3,4,3,5,7,7,8,7,1,1,4,8,1,6,7,7,8,-2.0709213,0.16003061,1.3584555,0.21739446,1.141061
-13.315128,0.94516942,0.63413587,3,7,0,15.462652,0.82716214,3.3317225,2.7558747,0.57584776,-0.53055034,-1.2483364,-1.2853095,-1.5323176,-0.38947719,-1.3967083,-2.1149853,-1.0521742,-0.53055034,-0.38947719,8,2,3,5,8,4,6,7,8,8,6,2,2,5,8,6,5,8,8,8,-2.1035756,0.89657506,3.5331707,3.1677528,0.36541798
-14.332593,0.86301163,0.63413587,3,7,0,14.788052,0.56622795,2.4666724,1.3966989,1.0699736,-1.200062,-1.7117363,-1.2959098,-1.3854134,-0.83215054,-1.7019898,-1.6339102,-1.20922,-1.200062,-0.83215054,7,2,3,5,8,3,6,8,8,8,5,3,3,4,7,5,2,8,6,7,-0.82886396,0.73609997,1.277819,0.94060252,0.33721648
-13.118285,1,0.63413587,2,3,0,14.313136,0.75277729,2.0198422,1.5204913,0.49935086,-0.73880604,-1.3591779,-1.3270396,-1.5056061,-0.54664192,-1.4918489,-1.9337877,-1.1327987,-0.73880604,-0.54664192,8,5,1,7,5,4,2,6,8,7,8,1,3,6,8,1,6,5,7,8,-0.81869771,0.39154851,1.1117058,0.43528676,0.67641905
-13.644431,0.85637442,0.63413587,3,7,0,15.270672,0.90596552,2.9674936,2.6884469,0.27904671,-0.34772995,-1.1043232,-1.3235639,-1.6344754,-0.27371431,-1.3244836,-2.292653,-1.0509437,-0.34772995,-0.27371431,7,2,2,2,7,5,4,7,6,7,8,2,4,8,8,5,7,6,8,8,-2.2959692,0.24984959,2.6229553,0.65534432,1.967611
-13.27324,0.97466138,0.63413587,3,7,0,14.319911,0.70970727,2.5138765,1.7841164,0.72976008,-0.83435451,-1.4489618,-1.2926465,-1.4510144,-0.59785524,-1.5314175,-1.8621074,-1.1245165,-0.83435451,-0.59785524,4,4,1,2,6,3,3,5,7,7,7,3,1,5,8,4,4,6,6,8,-1.040214,0.15553606,3.7167286,0.57808533,3.1386433
-13.16895,0.99776447,0.63413587,2,7,0,13.450704,0.79032315,1.775258,1.4030275,0.37223051,-0.65994328,-1.2887837,-1.3525625,-1.5499298,-0.50231069,-1.4612353,-1.996318,-1.1381608,-0.65994328,-0.50231069,8,2,2,7,7,6,2,7,8,7,8,1,3,7,8,5,6,8,7,8,-0.83389671,0.52325168,2.7563051,1.4422413,1.3140638
-14.454179,0.94311848,0.63413587,3,7,0,14.476164,0.81770766,5.2033546,4.2548229,0.94853169,-0.53417818,-1.2784735,-1.2468335,-1.4990765,-0.37853548,-1.3947953,-2.1217065,-1.0185764,-0.53417818,-0.37853548,8,1,4,6,8,4,7,6,8,8,8,4,4,6,8,3,3,6,8,8,-3.8151994,0.87114483,3.0643882,2.669526,0.39486228
-13.014602,0.99035755,0.63413587,2,3,0,14.636342,0.78676074,2.3177545,1.8235183,0.49423627,-0.65012605,-1.3071599,-1.3150674,-1.5195892,-0.4822781,-1.4519653,-2.0045808,-1.1035724,-0.65012605,-0.4822781,8,3,4,1,7,3,6,4,7,8,8,1,3,5,8,4,5,5,8,8,-1.1032863,0.63558263,2.3126377,1.4698724,0.84276535
-14.280358,0.79116318,0.63413587,2,3,0,14.620481,0.59699704,3.0965304,1.8486195,1.2479109,-1.1234477,-1.6759484,-1.2669471,-1.3698207,-0.77385618,-1.6662847,-1.672522,-1.1687123,-1.1234477,-0.77385618,8,3,4,1,7,5,4,6,4,7,7,4,2,4,8,3,3,7,8,7,-1.3711428,0.36689334,1.111376,0.40775645,0.70361954
-13.957266,0.93408232,0.63413587,2,7,0,17.435119,0.70132716,1.3121675,0.9202587,0.3919088,-0.8791161,-1.4148205,-1.3904529,-1.5310866,-0.66316426,-1.5604218,-1.8438524,-1.2163965,-0.8791161,-0.66316426,7,1,1,5,6,5,5,4,7,7,6,4,3,3,7,2,7,7,4,8,-0.62416809,0.41073904,2.6564841,1.0911217,1.5653624
-13.006546,0.92629901,0.63413587,2,5,0,15.184445,0.80660765,2.3518631,1.8970308,0.45483234,-0.60186659,-1.2730505,-1.3177497,-1.5365595,-0.45016063,-1.4314596,-2.0454275,-1.0957809,-0.60186659,-0.45016063,6,2,2,4,3,5,2,6,7,5,8,2,3,6,8,3,6,7,5,4,-1.1997192,0.52927075,1.0160459,0.53776335,0.47828251
-14.511232,0.87297401,0.63413587,2,3,0,14.631535,0.64696138,1.1833006,0.76554981,0.41775082,-1.0024157,-1.4911921,-1.4073846,-1.5238726,-0.74984062,-1.6159173,-1.7733086,-1.2568061,-1.0024157,-0.74984062,8,5,2,5,8,2,5,4,7,8,5,2,1,2,8,5,4,5,8,8,-0.62989907,0.56249844,2.3336956,1.3127002,1.0209955
-15.702275,0.84493029,0.63413587,1,1,0,15.707194,0.55418008,0.99737785,0.55272694,0.44465091,-1.204057,-1.6136118,-1.4453111,-1.5318074,-0.89181303,-1.7086238,-1.6818508,-1.3308874,-1.204057,-0.89181303,4,3,4,4,7,2,4,4,6,8,6,2,2,3,8,4,6,7,8,8,-0.79771157,0.19202869,4.2584567,0.81774587,3.4407108
-17.192188,0.94672903,0.63413587,3,7,0,17.480755,0.96242478,6.5097876,6.2651809,0.24460669,-0.15593472,-1.0063444,-1.2943409,-1.7036223,-0.12474276,-1.2380597,-2.540676,-0.98878485,-0.15593472,-0.12474276,7,3,2,5,5,5,3,6,8,7,8,2,6,6,8,3,5,7,7,8,-6.4126022,0.61696655,2.5815344,1.5927204,0.98881403
-16.98015,1,0.63413587,3,7,0,18.753756,0.91114476,0.70961216,0.6465594,0.063052762,-0.54308739,-1.0965277,-1.5528701,-1.7691798,-0.49151441,-1.4653911,-2.1284024,-1.2895891,-0.54308739,-0.49151441,7,2,4,5,8,6,5,8,4,6,8,1,1,6,8,5,6,8,7,8,-2.7521495,0.52811156,1.7356639,0.91662419,0.81903975
-14.261824,0.75577216,0.63413587,2,3,0,21.436899,0.862114,1.1691391,1.0079312,0.16120791,-0.54918094,-1.1620172,-1.4388306,-1.6608963,-0.45609069,-1.4331274,-2.0947605,-1.1917464,-0.54918094,-0.45609069,7,2,3,7,8,5,3,5,6,7,8,3,3,4,8,4,5,7,7,7,-1.2964746,0.68044378,1.6971929,1.1548443,0.54234854
-13.182295,1,0.63413587,3,7,0,14.187628,0.75286903,2.8312993,2.1315976,0.69970175,-0.72284785,-1.3774731,-1.2848052,-1.472432,-0.52074425,-1.4810589,-1.9471252,-1.0931475,-0.72284785,-0.52074425,5,2,1,3,8,3,3,5,6,8,7,2,2,7,8,2,7,8,6,8,-1.398104,0.31735282,0.85660203,0.27184508,0.58475696
-13.176175,0.88075926,0.63413587,2,3,0,14.113299,0.82430549,1.7927923,1.4778085,0.31498376,-0.58196449,-1.2327346,-1.3587287,-1.578692,-0.45085675,-1.4292673,-2.0609979,-1.1277103,-0.58196449,-0.45085675,4,4,3,4,8,5,2,7,7,7,8,2,4,5,8,1,5,7,8,8,-0.97395368,0.28754462,4.0949247,1.1774736,2.9174511
-13.829837,0.92489096,0.63413587,2,3,0,13.9595,0.92332957,2.0514099,1.8941274,0.15728247,-0.3449946,-1.0712242,-1.3714252,-1.6756927,-0.28798278,-1.3335437,-2.2856221,-1.0950379,-0.3449946,-0.28798278,6,5,3,2,4,5,2,7,3,7,8,1,4,4,8,2,5,6,8,7,-1.8018557,0.17111658,2.1448046,0.36701162,1.777793
-13.847886,0.99431684,0.63413587,2,7,0,13.917133,0.61933437,2.4105201,1.492918,0.91760216,-1.0625296,-1.6106562,-1.2946214,-1.4062232,-0.74595862,-1.6363765,-1.712061,-1.1773411,-1.0625296,-0.74595862,7,4,5,3,8,2,5,5,8,8,7,4,3,5,8,5,4,6,8,6,-0.82852862,0.67732315,2.892891,1.959422,0.93346896
-13.644511,0.99592619,0.63413587,2,3,0,14.145472,0.90122769,1.7787135,1.6030258,0.17568764,-0.41122537,-1.1064407,-1.3824249,-1.6586737,-0.33912356,-1.363296,-2.216923,-1.1166541,-0.41122537,-0.33912356,7,2,5,4,7,4,3,4,7,8,8,1,1,5,8,5,3,7,8,8,-1.4563559,0.53088118,3.013618,1.5998731,1.4137449
-15.192172,0.8296088,0.63413587,2,3,0,16.529918,0.66968717,0.93565095,0.62659344,0.30905752,-0.96319641,-1.4339928,-1.4557765,-1.5774143,-0.74262254,-1.6064884,-1.8127074,-1.2886364,-0.96319641,-0.74262254,8,3,4,5,7,6,5,7,5,8,6,5,2,3,8,3,2,5,7,8,-1.0303453,0.55205165,5.4470176,3.007035,2.4399826
-13.922655,0.95713474,0.63413587,2,3,0,15.870133,0.62980092,1.6675414,1.0502191,0.6173223,-1.0365281,-1.5551278,-1.346949,-1.460185,-0.74901695,-1.6256446,-1.7370273,-1.2143676,-1.0365281,-0.74901695,5,1,2,5,7,5,7,6,5,8,7,1,3,5,7,5,4,6,8,8,-0.46754828,0.4294176,2.9696578,1.2752233,1.6944345
-13.427329,1,0.63413587,2,3,0,13.821175,0.70404216,1.7452484,1.2287285,0.51651995,-0.86030149,-1.4327795,-1.3425662,-1.4905464,-0.63317364,-1.546635,-1.8475896,-1.1721911,-0.86030149,-0.63317364,8,4,1,3,8,7,5,7,6,8,3,3,3,7,8,3,3,3,5,7,-0.59651237,0.47924844,1.5142442,0.72569919,0.78854505
-14.408125,0.81857217,0.63413587,2,3,0,14.847552,0.94608603,1.9147296,1.811499,0.10323067,-0.30314723,-1.0337366,-1.3891263,-1.708589,-0.26375112,-1.3208655,-2.3279612,-1.1046461,-0.30314723,-0.26375112,8,3,1,3,5,1,5,8,6,5,8,2,3,4,8,2,5,8,8,7,-2.0631926,0.44225142,1.6275428,0.71978312,0.90775971
-14.063319,0.97116623,0.63413587,3,7,0,14.884269,0.64195885,3.4121831,2.1904811,1.2217019,-1.0044348,-1.5972104,-1.2553561,-1.3805792,-0.69451423,-1.6097038,-1.7450198,-1.1320926,-1.0044348,-0.69451423,7,4,2,4,7,4,4,7,7,7,8,3,4,4,7,6,6,5,8,7,-1.7024728,0.43459033,1.6240099,0.705779,0.9182309
-14.80551,0.96594932,0.63413587,2,3,0,15.30674,0.91578823,4.8144611,4.4090268,0.40543427,-0.2891109,-1.0918247,-1.2885452,-1.6322611,-0.21972802,-1.2935243,-2.3724173,-1.0070031,-0.2891109,-0.21972802,8,1,5,5,7,2,6,5,8,8,8,2,5,5,7,2,5,7,8,8,-4.1114902,0.83153183,2.7890051,2.3191465,0.46985857
-14.340239,0.97939591,0.63413587,3,7,0,15.536368,0.70608739,1.1369523,0.8027877,0.33416462,-0.87669633,-1.396066,-1.4179449,-1.5575228,-0.67171421,-1.5635505,-1.8524133,-1.2389212,-0.87669633,-0.67171421,6,4,1,5,7,5,4,6,8,8,7,4,4,3,8,3,3,3,7,6,-0.77286105,0.35534609,1.6943624,0.60208507,1.0922774
-14.065369,0.9524336,0.63413587,2,3,0,14.982833,0.85650822,1.232959,1.0560395,0.17691948,-0.55348518,-1.1713259,-1.4277728,-1.6494797,-0.45524204,-1.4320888,-2.089639,-1.1828484,-0.55348518,-0.45524204,5,4,5,2,6,5,3,6,7,6,8,1,3,5,8,4,6,7,8,8,-1.2078076,0.25287034,1.6315583,0.4125727,1.2189856
-13.607088,0.97422421,0.63413587,2,3,0,14.957113,0.66052305,1.852172,1.2234023,0.62876971,-0.96185512,-1.5124062,-1.3309081,-1.4587419,-0.69513485,-1.5909737,-1.7793977,-1.1847109,-0.96185512,-0.69513485,8,5,3,2,4,3,2,6,7,8,6,2,4,5,6,4,6,7,7,8,-0.55725622,0.22672431,1.8292735,0.41474078,1.4145327
-14.370208,0.69743144,0.63413587,3,7,0,16.557689,0.94698762,2.0806538,1.9703534,0.11030041,-0.29041434,-1.0320694,-1.3790754,-1.705651,-0.25115466,-1.3130806,-2.3434807,-1.0931568,-0.29041434,-0.25115466,8,1,2,7,8,1,7,5,8,8,4,3,2,6,8,1,7,8,8,7,-2.1615391,0.96909661,3.0390227,2.9451065,0.093916109
-13.039367,0.94888351,0.63413587,1,3,0,15.819608,0.77706686,2.1430154,1.6652662,0.47774915,-0.67793476,-1.3203481,-1.3232585,-1.5187788,-0.50413029,-1.4649784,-1.9815119,-1.1165644,-0.67793476,-0.50413029,6,1,5,8,8,2,5,8,8,8,7,4,1,3,6,4,5,7,7,5,-0.95889842,0.90822067,0.73960064,0.67172059,0.067880048
-13.039367,0.90638339,0.63413587,2,3,0,13.686757,0.77706686,2.1430154,1.6652662,0.47774915,-0.67793476,-1.3203481,-1.3232585,-1.5187788,-0.50413029,-1.4649784,-1.9815119,-1.1165644,-0.67793476,-0.50413029,6,4,1,7,8,2,5,5,7,7,8,2,6,7,7,3,6,7,7,8,-0.95889842,0.8325323,2.1412175,1.7826328,0.35858477
-14.022052,0.72596972,0.63413587,1,3,0,15.186587,0.92481882,1.7442832,1.6131459,0.13113726,-0.36206533,-1.068208,-1.393487,-1.687607,-0.30771706,-1.3459353,-2.2654362,-1.1183276,-0.36206533,-0.30771706,8,6,2,3,7,2,6,6,7,6,8,3,3,5,8,1,4,7,7,8,-1.6938177,0.21621281,2.4782311,0.53582532,1.9424058
-13.620728,0.99206637,0.63413587,2,3,0,14.283686,0.90441651,1.8766327,1.6972576,0.17937509,-0.39773414,-1.1017616,-1.3761312,-1.6584467,-0.32735536,-1.3562996,-2.230802,-1.1085279,-0.39773414,-0.32735536,6,3,2,4,7,7,5,8,6,8,8,4,6,5,8,2,6,8,8,8,-1.5198387,0.48073615,8.6286283,4.1480935,4.4805348
-14.519997,0.96624313,0.63413587,3,7,0,14.706066,0.89522328,1.1737572,1.0507748,0.12298243,-0.48138209,-1.1129431,-1.4470604,-1.690651,-0.41115427,-1.4081969,-2.1538314,-1.1869533,-0.48138209,-0.41115427,7,3,2,5,6,4,6,7,3,7,8,1,2,5,8,4,7,7,8,6,-1.5288919,0.38898293,2.5688491,0.99923846,1.5696106
-14.401465,0.94046055,0.63413587,3,7,0,16.080864,0.58716881,3.1558518,1.8530177,1.302834,-1.1500714,-1.6966539,-1.2658068,-1.3643854,-0.78997902,-1.6792962,-1.6569441,-1.1738516,-1.1500714,-0.78997902,3,2,4,6,7,5,7,7,8,7,6,2,1,3,6,4,5,7,8,8,-1.4165247,0.5412018,3.765475,2.0378818,1.7275932
-14.212085,1,0.63413587,3,7,0,14.690064,0.94208978,2.1665078,2.0410448,0.12546295,-0.29639328,-1.0401749,-1.3721904,-1.6971978,-0.253177,-1.3137971,-2.3380959,-1.0876347,-0.29639328,-0.253177,6,1,2,5,8,3,3,7,7,5,7,2,2,4,8,4,7,6,8,8,-2.1284547,0.4511889,2.6702617,1.2047924,1.4654693
-13.088207,0.87075863,0.63413587,1,3,0,15.594408,0.79077946,2.7824926,2.200338,0.58215462,-0.6300269,-1.3079612,-1.294348,-1.5075893,-0.46120212,-1.4409704,-2.0233403,-1.0812392,-0.6300269,-0.46120212,8,1,6,7,8,2,2,8,7,8,7,1,1,5,8,1,7,5,8,8,-1.4745456,0.86997899,1.0229657,0.88995863,0.13300703
-13.164055,0.99545703,0.63413587,2,3,0,13.184305,0.81222634,3.0197856,2.4527494,0.5670362,-0.57290639,-1.2723379,-1.2908844,-1.5227231,-0.42074928,-1.4157185,-2.0744652,-1.066043,-0.57290639,-0.42074928,7,2,3,5,7,2,6,8,6,8,7,2,4,2,8,1,7,5,8,7,-1.7592637,0.84382006,1.8784006,1.5850321,0.29336849
-13.513739,0.86319574,0.63413587,2,3,0,14.642197,0.89815532,1.9424875,1.7446555,0.19783201,-0.40768882,-1.1124379,-1.3693294,-1.6487233,-0.33212906,-1.3588562,-2.2215019,-1.1040821,-0.40768882,-0.33212906,8,2,2,4,4,4,3,6,7,8,8,2,7,5,8,2,4,8,7,7,-1.4914226,0.45087181,1.4604655,0.65848273,0.80198278
-13.587886,0.98403557,0.63413587,2,3,0,13.857934,0.65533049,2.4677239,1.6171747,0.85054921,-0.97103782,-1.5466213,-1.2914589,-1.4203315,-0.68646078,-1.5937238,-1.7686688,-1.154158,-0.97103782,-0.68646078,5,5,3,3,7,3,5,5,4,8,6,1,1,5,8,3,4,4,7,7,-0.91343826,0.49916559,1.7422824,0.86968741,0.87259498
-13.457121,1,0.63413587,2,3,0,13.651945,0.89777457,2.644378,2.3740553,0.27032267,-0.37718812,-1.1171635,-1.3322227,-1.6293894,-0.29771907,-1.3384913,-2.2587567,-1.0644244,-0.37718812,-0.29771907,8,2,4,7,6,2,5,6,8,7,8,3,3,6,8,4,6,8,6,8,-1.9508832,0.91099978,1.0118312,0.92177804,0.090053201
-15.462298,0.82980391,0.63413587,3,7,0,17.978216,0.94865127,4.7214693,4.4790278,0.24244147,-0.20924895,-1.0309573,-1.3052266,-1.684043,-0.16741468,-1.2626971,-2.4639841,-1.0087044,-0.20924895,-0.16741468,3,6,4,4,3,7,6,3,7,6,7,2,3,7,8,4,4,6,8,8,-4.4836497,0.35964121,1.4040014,0.50493675,0.89906463
-13.391512,0.8976398,0.63413587,3,7,0,19.136766,0.83231881,1.5714242,1.307926,0.26349829,-0.57675198,-1.2152542,-1.3807989,-1.5999154,-0.45499847,-1.4312068,-2.0659599,-1.1460624,-0.57675198,-0.45499847,6,2,2,3,5,5,3,6,6,7,8,2,6,2,8,5,5,8,6,8,-0.97156568,0.29214908,2.6183076,0.76493615,1.8533714
-13.251136,0.9786496,0.63413587,2,3,0,13.821995,0.7260941,1.8954478,1.3762735,0.51917434,-0.80498929,-1.4010995,-1.332413,-1.493936,-0.59285389,-1.5213424,-1.8851303,-1.151638,-0.80498929,-0.59285389,6,5,2,3,6,5,2,5,8,8,8,2,2,6,8,2,6,8,7,8,-0.69429902,0.41536516,2.7186159,1.1292183,1.5893976
-14.67114,0.81282468,0.63413587,3,7,0,14.681704,0.95618112,2.6421129,2.5263385,0.11577442,-0.24161803,-1.0163014,-1.3564057,-1.7091579,-0.20810504,-1.2874225,-2.4045759,-1.0637528,-0.24161803,-0.20810504,4,2,1,4,6,2,6,5,6,8,8,1,4,8,8,2,5,8,8,8,-2.7331578,0.4130978,2.175985,0.89889462,1.2770904
-13.272393,1,0.63413587,2,3,0,14.660282,0.81952643,3.2611057,2.6725623,0.58854338,-0.55062951,-1.2616266,-1.2851865,-1.525326,-0.40335499,-1.4054164,-2.0960659,-1.0562877,-0.55062951,-0.40335499,7,1,3,6,8,3,5,7,7,3,8,2,1,4,7,2,4,7,8,6,-2.0053816,0.39043593,1.4617843,0.57073313,0.89105121
-13.553328,0.83983072,0.63413587,1,3,0,15.764607,0.87401026,1.6002941,1.3986734,0.20162064,-0.48355096,-1.148857,-1.389275,-1.6382075,-0.39274118,-1.3945229,-2.1481105,-1.1358811,-0.48355096,-0.39274118,7,2,4,4,8,3,5,8,7,7,7,3,6,5,8,4,4,5,6,8,-1.2098594,0.66091032,1.9561751,1.2928563,0.66331878
-13.18604,0.99919483,0.63413587,2,3,0,13.609348,0.80805198,1.7511988,1.4150597,0.33613914,-0.62076342,-1.2587536,-1.3583903,-1.5665361,-0.47751682,-1.4455578,-2.0283802,-1.1352142,-0.62076342,-0.47751682,8,4,4,3,6,3,5,4,3,6,8,1,5,4,7,3,4,5,6,8,-0.89328846,0.58971791,1.747109,1.0303015,0.71680753
-15.875377,0.85927011,0.63413587,3,7,0,15.896539,0.8669194,0.79912372,0.69277586,0.10634786,-0.59950621,-1.152311,-1.5164409,-1.7178815,-0.51856464,-1.4749997,-2.0731128,-1.2680418,-0.59950621,-0.51856464,8,3,3,5,3,1,3,7,4,8,8,1,3,2,8,3,5,5,4,7,-2.0525987,0.77703766,1.2664298,0.98406364,0.28236614
-14.980442,1,0.63413587,1,1,0,15.807712,0.8629463,0.96430672,0.83214492,0.1321618,-0.57595714,-1.1584811,-1.4761373,-1.6870105,-0.48790474,-1.4538501,-2.0802166,-1.2290998,-0.57595714,-0.48790474,7,2,1,4,7,6,3,8,7,8,7,1,4,6,8,2,4,8,8,7,-1.5967915,0.60177968,2.6387476,1.5879447,1.0508029
-15.473438,0.97985253,0.63413587,3,7,0,16.521885,0.92807629,5.4938351,5.0986981,0.39513699,-0.25092316,-1.0700051,-1.286029,-1.6484348,-0.19128157,-1.276858,-2.420471,-0.99748019,-0.25092316,-0.19128157,6,3,7,2,8,2,5,7,7,8,8,2,5,4,8,4,6,8,8,8,-4.8865863,0.8205782,1.1235472,0.92195838,0.20158887
-17.01163,0.94619711,0.63413587,3,7,0,20.962126,0.36218279,1.4191487,0.51399123,0.90515744,-1.6821163,-1.9940446,-1.4288455,-1.4727675,-1.1653194,-1.9342508,-1.4722618,-1.4145153,-1.6821163,-1.1653194,7,5,2,1,7,4,6,7,8,8,4,4,1,3,5,5,5,6,5,7,-0.48482035,0.59420698,5.174454,3.0746967,2.0997573
-16.170791,1,0.63413587,1,1,0,17.27661,0.41396904,1.5898164,0.65813479,0.93168164,-1.5651076,-1.9255775,-1.3921296,-1.442131,-1.0852497,-1.877261,-1.4979231,-1.3629617,-1.5651076,-1.0852497,5,3,5,3,7,5,4,7,6,6,2,5,1,7,7,6,3,6,8,8,-0.41936396,0.17129683,3.4066013,0.58354001,2.8230613
-18.202036,0.81353849,0.63413587,1,1,0,18.35458,0.27913454,1.8208794,0.50827035,1.3126091,-1.9423671,-2.2043531,-1.4399606,-1.4695492,-1.308724,-2.0717943,-1.3853218,-1.4705073,-1.9423671,-1.308724,8,4,1,3,7,5,2,6,8,8,4,4,3,3,5,4,5,3,6,5,-0.65432286,0.58817934,2.4142588,1.4200172,0.99424166
-18.00922,0.9239514,0.63413587,3,7,0,19.992875,0.98629699,5.0098055,4.9411561,0.068649435,-0.11325489,-0.96196593,-1.3212429,-1.7476462,-0.10216055,-1.225789,-2.584523,-1.0089505,-0.11325489,-0.10216055,8,4,3,7,7,2,7,6,8,7,8,3,2,3,8,3,5,7,8,7,-6.035732,0.75799447,0.84239375,0.6385298,0.20386395
-19.446169,0.99746538,0.63413587,2,7,0,20.424143,0.99585693,3.5591359,3.5443901,0.01474576,-0.11877128,-0.94612096,-1.3494812,-1.7664833,-0.11552644,-1.2349808,-2.5628165,-1.0383143,-0.11877128,-0.11552644,3,3,2,6,4,1,3,4,7,8,8,3,5,6,8,2,6,8,8,8,-5.858425,0.42723452,1.8505747,0.7906294,1.0599453
-18.554086,1,0.63413587,1,1,0,19.465549,0.99356147,3.5073053,3.4847234,0.022581895,-0.12557789,-0.95026022,-1.3493945,-1.7626787,-0.12053964,-1.2377735,-2.5536646,-1.0392036,-0.12557789,-0.12053964,7,3,1,3,5,6,4,4,7,7,8,2,4,5,8,4,6,7,8,8,-5.3718098,0.34897092,1.6016693,0.55893602,1.0427333
-16.50707,0.93535776,0.63413587,3,7,0,20.251275,0.39238091,2.5526043,1.0015932,1.5510111,-1.6734662,-2.0514798,-1.3410254,-1.3797702,-1.1260084,-1.9394624,-1.4303673,-1.3454849,-1.6734662,-1.1260084,5,1,1,2,6,3,1,4,4,7,7,2,4,3,7,5,3,7,6,7,-0.92391502,0.29599632,5.6864486,1.6831678,4.0032808
-13.305913,1,0.63413587,2,3,0,15.968338,0.69846742,2.2931347,1.6016799,0.69145482,-0.86473434,-1.4628406,-1.3031612,-1.453509,-0.62168053,-1.5456502,-1.8408832,-1.1401054,-0.86473434,-0.62168053,6,2,1,6,8,4,4,4,4,8,7,3,7,5,5,3,6,7,8,8,-0.85910907,0.37089464,2.3335267,0.86549256,1.4680342
-14.787535,0.89748199,0.63413587,2,3,0,15.133097,0.75741271,0.96530377,0.73113335,0.23417042,-0.78376437,-1.3090504,-1.4566023,-1.614155,-0.6238426,-1.5323797,-1.9240118,-1.2523023,-0.78376437,-0.6238426,8,3,3,3,8,3,3,7,7,7,7,3,4,4,7,2,6,5,8,7,-1.1542669,0.76096974,3.1780858,2.4184271,0.75965868
-13.137281,0.99811802,0.63413587,2,5,0,14.747795,0.7394514,2.1222922,1.5693319,0.55296025,-0.76805138,-1.385241,-1.318195,-1.4901641,-0.56307041,-1.5037546,-1.9114177,-1.1315629,-0.76805138,-0.56307041,5,2,5,2,7,1,1,8,3,8,8,1,4,3,8,2,4,7,6,7,-0.84038593,0.89342694,0.58135638,0.51939946,0.061956926
-13.195755,0.96222927,0.63413587,1,3,0,13.811089,0.78455636,3.0618169,2.4021679,0.65964897,-0.64059047,-1.3232293,-1.2827127,-1.4943412,-0.46429127,-1.444522,-2.015692,-1.0733611,-0.64059047,-0.46429127,7,2,3,6,8,4,2,8,8,7,7,3,3,5,6,4,6,8,8,8,-1.6934489,0.54860402,3.0435958,1.6697289,1.3738669
-14.434889,0.62353142,0.63413587,2,3,0,17.915777,0.91763158,1.3370995,1.2269647,0.11013477,-0.41541242,-1.0793875,-1.4314721,-1.7002368,-0.35884799,-1.3775493,-2.2125757,-1.1618444,-0.41541242,-0.35884799,4,1,6,4,5,5,2,5,8,7,8,1,3,2,7,4,5,7,8,8,-1.6312922,0.4467527,4.562896,2.0384861,2.5244099
-13.45493,0.95747594,0.63413587,3,7,0,15.609979,0.83397779,3.5820264,2.9873305,0.59469593,-0.50963254,-1.2379155,-1.2806787,-1.5358087,-0.37331324,-1.3871141,-2.1362088,-1.0436482,-0.50963254,-0.37331324,7,3,4,4,7,3,3,8,8,8,8,1,4,5,8,3,7,6,8,8,-2.3664113,0.53620995,1.5104963,0.80994317,0.70055317
-13.439134,0.96856533,0.63413587,3,7,0,14.413169,0.70647009,1.7124769,1.2098137,0.50266319,-0.85538698,-1.4272286,-1.3457414,-1.4945563,-0.63109576,-1.5447854,-1.8513545,-1.173792,-0.85538698,-0.63109576,7,3,6,5,7,2,4,8,7,8,8,4,2,6,8,4,3,7,8,8,-0.59340087,0.77907605,1.0954936,0.85347282,0.24202077
-13.158489,0.99990466,0.63413587,3,7,0,13.539276,0.85694041,2.0546402,1.7607042,0.293936,-0.49517883,-1.1822675,-1.348626,-1.5986385,-0.38684021,-1.391019,-2.1389634,-1.1016901,-0.49517883,-0.38684021,6,3,3,1,4,1,5,6,5,4,8,3,2,4,8,1,4,4,8,8,-1.2544665,0.048297335,1.1439809,0.055251229,1.0887297
-13.241649,0.94252368,0.63413587,2,3,0,13.831503,0.85783327,1.8652067,1.6000363,0.26517034,-0.50255437,-1.1783927,-1.3620517,-1.6077329,-0.39667354,-1.3966497,-2.1312759,-1.1151204,-0.50255437,-0.39667354,3,4,1,2,7,6,2,7,3,8,7,2,4,2,8,2,2,7,8,8,-1.1712412,0.075894043,2.095003,0.15899824,1.9360047
-13.093473,0.9639021,0.63413587,2,3,0,13.674021,0.84985356,2.2453278,1.9081999,0.33712799,-0.50360928,-1.1966331,-1.335139,-1.5840584,-0.38806376,-1.3921863,-2.1323755,-1.0912569,-0.50360928,-0.38806376,7,2,5,4,7,5,5,7,7,6,8,2,2,6,8,4,4,7,8,8,-1.3284938,0.70274651,1.5104725,1.0614793,0.44899322
-14.296172,0.93570542,0.63413587,3,7,0,14.538646,0.71562184,1.1402002,0.81595214,0.32424803,-0.85628771,-1.381713,-1.4182134,-1.5620037,-0.65829763,-1.5549763,-1.865524,-1.2348707,-0.85628771,-0.65829763,7,4,4,4,6,4,4,5,8,8,7,3,3,7,8,4,4,7,7,8,-0.78885014,0.78653149,1.9802137,1.5575004,0.42271327
-14.714918,0.94496774,0.63413587,1,1,0,14.757232,0.67084548,1.0632584,0.71328206,0.34997629,-0.95480299,-1.4439812,-1.4291639,-1.5532102,-0.72715729,-1.5984884,-1.8081232,-1.2647447,-0.95480299,-0.72715729,8,5,2,2,6,1,4,8,6,6,7,2,3,4,7,4,4,4,8,8,-0.80417982,0.34310213,1.4617485,0.50152902,0.96021945
-15.350073,0.97142334,0.63413587,3,7,0,15.544104,0.9302617,5.2479041,4.8819242,0.36597992,-0.24806754,-1.0655956,-1.2897657,-1.6527307,-0.19046937,-1.2762786,-2.4222168,-1.0005693,-0.24806754,-0.19046937,6,1,1,5,8,4,7,7,8,6,8,1,3,5,8,1,4,7,8,8,-4.6883767,0.6638234,1.2165572,0.80757913,0.40897805
-14.274063,0.99276702,0.63413587,2,3,0,15.757595,0.92642137,3.6507252,3.3821098,0.26861534,-0.2819078,-1.0699135,-1.3135691,-1.6555073,-0.22298032,-1.2949111,-2.3708643,-1.0295606,-0.2819078,-0.22298032,2,3,1,2,3,5,5,6,6,8,8,1,4,3,7,1,5,5,8,8,-3.1390596,0.32940282,1.5554093,0.51235619,1.0430531
-15.360287,0.85911566,0.63413587,2,3,0,18.17733,0.56552917,4.3566249,2.4637985,1.8928265,-1.2161886,-1.7672214,-1.2388944,-1.3285499,-0.82058558,-1.7144496,-1.6165525,-1.1675179,-1.2161886,-0.82058558,6,3,3,4,7,4,3,3,5,8,7,3,3,3,8,2,5,7,6,8,-2.5216311,0.19401446,2.5853649,0.50159818,2.0837667
-13.963446,1,0.63413587,2,3,0,15.30074,0.64225925,3.2272631,2.0727396,1.1545235,-1.0036544,-1.5924678,-1.2609444,-1.3858536,-0.69608029,-1.6091653,-1.7457071,-1.1364871,-1.0036544,-0.69608029,7,4,4,3,8,1,4,8,8,6,8,4,3,2,8,3,5,8,7,8,-1.5342764,0.72294405,1.4772861,1.0679952,0.40929091
-20.268953,0.41133286,0.63413587,2,3,0,20.381855,0.99029658,0.78834595,0.78069629,0.007649653,-0.38005509,-0.99095543,-1.5527714,-1.8247809,-0.37433747,-1.4040758,-2.2650559,-1.2650477,-0.38005509,-0.37433747,5,4,1,4,8,4,5,6,5,6,8,1,4,2,8,2,6,8,8,7,-4.5746345,0.42986973,4.1151877,1.7689946,2.3461931
-14.082854,0.98707584,0.63413587,3,7,0,19.28762,0.63398408,3.331703,2.1122467,1.2194563,-1.0255848,-1.6107835,-1.2577755,-1.3787177,-0.70886792,-1.6196818,-1.7315306,-1.1389215,-1.0255848,-0.70886792,4,2,2,5,6,4,1,4,7,5,8,1,2,4,7,2,4,7,7,7,-1.6192118,0.13904379,0.82856583,0.11520693,0.7133589
-14.998833,0.73381034,0.63413587,2,3,0,15.945282,0.96446314,2.3895614,2.3046439,0.084917501,-0.23418717,-1.0024789,-1.3706914,-1.7244776,-0.20744097,-1.2879435,-2.40955,-1.0763246,-0.23418717,-0.20744097,6,3,4,6,7,2,3,7,4,7,8,1,5,5,8,4,3,5,8,7,-2.7418517,0.41966965,1.8066045,0.7581771,1.0484274
-14.929563,0.99246535,0.63413587,2,3,0,15.652225,0.96181927,2.0272441,1.9498424,0.077401665,-0.26088344,-1.0077512,-1.3884831,-1.7269075,-0.23283633,-1.3035248,-2.3749176,-1.0974355,-0.26088344,-0.23283633,8,3,6,5,8,4,5,6,8,7,7,1,4,6,8,2,7,7,8,8,-2.4454282,0.69132786,1.4701536,1.0163581,0.45379545
-13.778423,0.98045886,0.63413587,3,7,0,15.198444,0.90580912,3.2986665,2.9879622,0.31070429,-0.33945351,-1.1058979,-1.3135715,-1.6298245,-0.26438966,-1.3191562,-2.3047287,-1.0400662,-0.33945351,-0.26438966,7,2,1,4,8,4,6,6,8,8,8,2,3,6,7,2,3,8,7,8,-2.5896513,0.77951958,2.3420714,1.8256905,0.51638089
-15.898877,0.92227157,0.63413587,2,3,0,16.381045,0.42604932,1.9862869,0.84625619,1.1400307,-1.5565077,-1.9441292,-1.3569392,-1.4061003,-1.066585,-1.8756629,-1.4850364,-1.3338727,-1.5565077,-1.066585,8,2,1,4,5,3,1,6,5,8,8,2,2,4,7,4,7,7,6,8,-0.52880557,0.099494927,0.93421574,0.092949726,0.84126601
-13.040188,0.97527365,0.63413587,2,3,0,16.860306,0.81850681,2.5886374,2.1188173,0.46982005,-0.56704032,-1.2556951,-1.3093127,-1.5404068,-0.42317013,-1.4153764,-2.0770993,-1.0811116,-0.56704032,-0.42317013,6,4,3,2,8,5,4,6,8,8,7,4,3,5,8,2,4,7,8,8,-1.4250862,0.45691351,2.7838908,1.2719973,1.5118935
-13.879685,0.84209813,0.63413587,2,7,0,14.550117,0.92823482,2.4337616,2.2591023,0.17465935,-0.3146698,-1.0638876,-1.3531588,-1.6732296,-0.25997828,-1.3168271,-2.3217534,-1.0727876,-0.3146698,-0.25997828,8,2,5,3,6,1,3,5,7,7,8,1,5,6,8,3,7,7,7,7,-2.1093565,0.55676389,1.7383762,0.96786507,0.77051108
-13.097941,0.99460131,0.63413587,2,7,0,13.805368,0.77410605,2.7315635,2.1145198,0.61704368,-0.67189268,-1.3372046,-1.292816,-1.4937921,-0.48917809,-1.4591703,-1.988041,-1.0889238,-0.67189268,-0.48917809,7,3,1,4,6,4,3,6,6,4,8,1,3,5,8,3,4,8,8,7,-1.3769895,0.14908019,1.0522384,0.1568679,0.89537053
-13.27834,0.98327419,0.63413587,2,7,0,13.44073,0.78947839,1.6407155,1.2953095,0.34540607,-0.66802508,-1.2865061,-1.3644991,-1.5583496,-0.51208181,-1.4665418,-1.9905283,-1.1501506,-0.66802508,-0.51208181,8,4,2,3,6,3,4,4,6,8,8,2,5,3,8,6,5,8,8,6,-0.80213379,0.42779803,2.2139397,0.94711903,1.2668206
-13.847429,0.88621502,0.63413587,2,3,0,14.789481,0.8025387,1.2640171,1.0144227,0.24959446,-0.6634613,-1.2543182,-1.4112157,-1.6020242,-0.52560811,-1.473267,-1.9994132,-1.1895535,-0.6634613,-0.52560811,7,6,4,7,7,7,6,4,7,8,6,3,2,5,7,2,5,7,8,8,-0.93160554,0.42371173,1.0216998,0.43290618,0.58879359
-13.079676,1,0.63413587,3,7,0,13.831736,0.81449297,2.7682387,2.2547109,0.51352774,-0.57247438,-1.2652004,-1.3007266,-1.5312666,-0.42390957,-1.416654,-2.0733383,-1.0746527,-0.57247438,-0.42390957,6,4,2,4,7,5,3,8,6,5,8,1,3,7,8,3,8,7,8,7,-1.5534284,0.18696856,2.5156895,0.47035484,2.0453347
-13.610482,0.88502679,0.63413587,2,3,0,14.045888,0.90816322,2.7668563,2.5127572,0.25409918,-0.34869005,-1.0996338,-1.3314445,-1.6405788,-0.27707998,-1.3264048,-2.2895422,-1.0584739,-0.34869005,-0.27707998,4,2,7,3,7,5,3,7,5,6,8,3,6,7,6,2,5,8,8,8,-2.1465016,0.4377892,1.8209854,0.79720773,1.0237776
-13.141775,0.95677226,0.63413587,3,7,0,14.918922,0.73692736,2.1537887,1.5871858,0.56660287,-0.77343906,-1.3905592,-1.315843,-1.4866952,-0.56582224,-1.505911,-1.9073213,-1.1307323,-0.77343906,-0.56582224,7,6,1,5,7,4,2,5,5,6,6,1,6,3,8,2,6,7,6,8,-0.85282746,0.32418367,2.5439778,0.82471604,1.7192617
-13.149638,0.99546478,0.63413587,3,7,0,13.270371,0.84975955,2.7498751,2.3367327,0.41314248,-0.48783875,-1.2022278,-1.3115598,-1.5695536,-0.36883253,-1.3817505,-2.1508173,-1.0669469,-0.48783875,-0.36883253,5,5,3,3,7,5,3,5,7,7,8,2,4,5,7,1,4,6,8,8,-1.7066752,0.092740474,1.3693379,0.12699305,1.2423449
-13.311696,0.92992875,0.63413587,2,3,0,13.854499,0.88383359,2.5751541,2.2760077,0.29914641,-0.41227132,-1.1409888,-1.3300479,-1.6135399,-0.32193689,-1.3528095,-2.2226598,-1.0689886,-0.41227132,-0.32193689,5,5,2,2,7,3,3,6,7,8,8,2,3,2,7,4,6,7,8,8,-1.7839367,0.19550016,1.5694972,0.30683694,1.2626602
-13.02431,0.98241147,0.63413587,1,3,0,13.548579,0.7885384,2.4811398,1.956474,0.5246658,-0.64183383,-1.3070665,-1.3070662,-1.5150559,-0.4737774,-1.4474556,-2.0120473,-1.094851,-0.64183383,-0.4737774,7,4,1,3,7,5,4,8,7,8,8,1,3,4,8,4,3,7,8,8,-1.2269776,0.41529679,1.3471144,0.55945229,0.78766212
-14.085298,0.85825384,0.63413587,2,3,0,14.39293,0.58926225,2.0863391,1.2294009,0.85693824,-1.1372314,-1.6507151,-1.3154264,-1.4136192,-0.80063219,-1.671437,-1.6724775,-1.2109229,-1.1372314,-0.80063219,6,3,6,3,7,3,4,8,7,6,7,5,5,5,7,5,3,6,7,5,-0.59169955,0.51305652,3.0445639,1.5620334,1.4825305
-13.090518,1,0.63413587,2,3,0,13.920436,0.84454672,2.1259609,1.7954733,0.3304876,-0.52061783,-1.2041752,-1.3405471,-1.5828505,-0.40183599,-1.4002838,-2.1160862,-1.0994449,-0.52061783,-0.40183599,7,2,2,3,7,7,5,5,7,8,7,2,5,5,8,5,6,6,6,6,-1.2260818,0.66236444,2.8751989,1.9044295,0.97076942
-13.225775,0.91279756,0.63413587,3,7,0,14.383721,0.84368766,1.7943087,1.5138361,0.28047259,-0.53821503,-1.2007373,-1.3636113,-1.5970597,-0.42216154,-1.4118256,-2.099061,-1.1233947,-0.53821503,-0.42216154,7,4,4,6,8,5,2,3,6,7,8,1,4,7,8,2,4,8,6,8,-1.0680801,0.54055304,2.641813,1.4280401,1.2137729
-13.044829,0.97698174,0.63413587,1,3,0,13.494688,0.76891016,2.2276734,1.7128807,0.51479268,-0.69509196,-1.336489,-1.3165892,-1.5080714,-0.51338901,-1.4716703,-1.9678486,-1.1144607,-0.69509196,-0.51338901,8,1,2,4,8,5,4,6,7,8,8,2,3,5,8,6,6,8,8,8,-0.98596567,0.57440996,6.1232065,3.5172308,2.6059757
-13.030272,0.99914227,0.63413587,2,7,0,13.093915,0.78282463,2.47493,1.9374362,0.53749384,-0.6557764,-1.3170781,-1.3061395,-1.5101169,-0.48295864,-1.4534221,-2.0004113,-1.0970156,-0.6557764,-0.48295864,6,2,4,4,8,5,5,4,6,8,8,3,3,4,8,2,5,6,8,6,-1.202934,0.73341262,4.3069349,3.1587604,1.1481745
-14.558294,0.6714657,0.63413587,1,3,0,16.454693,0.92771421,4.1032461,3.8066397,0.29660637,-0.27012567,-1.0684823,-1.3050566,-1.6542002,-0.21159302,-1.2883463,-2.3882582,-1.0193009,-0.27012567,-0.21159302,5,3,1,5,8,1,4,4,5,8,7,1,5,6,8,3,4,6,8,7,-3.5808312,0.51210656,1.6703257,0.85538472,0.81494093
-14.301048,0.97845926,0.63413587,3,7,0,15.663021,0.57001424,2.4878673,1.4181198,1.0697475,-1.190392,-1.705571,-1.2944089,-1.3853942,-0.82563648,-1.6973706,-1.6388702,-1.2058585,-1.190392,-0.82563648,4,2,4,3,8,4,3,5,5,8,7,3,5,8,8,3,5,7,7,8,-0.84684598,0.52438242,1.1637158,0.61023208,0.55348367
-15.134718,0.89411686,0.63413587,3,7,0,15.632467,0.96677641,2.159609,2.0878591,0.071749962,-0.24158492,-0.99916638,-1.3830948,-1.731319,-0.21696711,-1.2942281,-2.3980578,-1.089359,-0.24158492,-0.21696711,8,1,4,3,7,4,1,8,8,8,8,4,3,6,8,3,4,7,8,8,-2.6540326,0.538306,1.7370493,0.93506409,0.80198526
-16.123861,0.9517512,0.63413587,3,7,0,16.388172,0.97431771,3.870993,3.7715771,0.099415963,-0.16219248,-0.98408319,-1.3318599,-1.7292003,-0.14178582,-1.2486799,-2.5127477,-1.0271977,-0.16219248,-0.14178582,7,2,1,7,8,3,3,3,8,6,8,1,4,4,8,4,6,7,8,8,-4.3476754,0.53914811,3.30855,1.7837985,1.5247515
-16.777487,0.88767853,0.63413587,3,7,0,19.551947,0.36505722,1.8253008,0.66633922,1.1589616,-1.709336,-2.042376,-1.3926913,-1.4320399,-1.1659706,-1.9516662,-1.4416504,-1.3918663,-1.709336,-1.1659706,8,2,3,5,7,2,7,8,8,8,6,2,5,5,6,4,5,6,4,8,-0.51440703,0.48710379,3.2577493,1.586862,1.6708872
-14.085756,1,0.63413587,2,3,0,16.904596,0.84840732,1.2091427,1.0258455,0.18329718,-0.57278018,-1.1831488,-1.4292951,-1.644871,-0.46925601,-1.4402706,-2.0739031,-1.1877661,-0.57278018,-0.46925601,7,2,3,5,5,2,7,6,7,8,7,4,3,1,8,3,5,8,5,6,-1.1813881,0.62459683,1.8504847,1.1558069,0.69467781
-13.425819,1,0.63413587,2,3,0,14.147315,0.8525788,1.6042641,1.3677616,0.23650253,-0.53008632,-1.1832645,-1.3828024,-1.6166772,-0.4231774,-1.4122781,-2.1062773,-1.1388327,-0.53008632,-0.4231774,7,3,5,2,7,3,6,5,7,7,8,3,5,4,8,1,5,8,8,8,-1.0778728,0.40251551,1.3631328,0.54868209,0.81445069
-13.63227,0.96866981,0.63413587,2,3,0,13.928738,0.9033907,1.8355069,1.6581798,0.17732704,-0.40265185,-1.1032263,-1.3787978,-1.6588357,-0.33177338,-1.3589354,-2.2256666,-1.1118327,-0.40265185,-0.33177338,1,5,3,6,5,3,3,6,7,5,8,1,5,2,8,3,7,5,7,8,-1.4947653,0.34308025,0.65321475,0.22410508,0.42910967
-14.078416,0.9720828,0.63413587,2,7,0,14.417593,0.93745313,2.327002,2.1814553,0.14554668,-0.29852987,-1.0480626,-1.3619707,-1.6876777,-0.25128978,-1.3122011,-2.33776,-1.0783529,-0.29852987,-0.25128978,7,1,1,4,8,1,5,6,8,8,7,1,2,5,8,3,5,8,8,6,-2.1609045,0.67613248,1.0119043,0.68418134,0.32772292
-14.631968,0.97913457,0.63413587,3,7,0,14.699832,0.54105606,2.6171652,1.4160331,1.2011321,-1.268357,-1.7660334,-1.2924876,-1.3725229,-0.87251915,-1.7356258,-1.5970245,-1.2217081,-1.268357,-0.87251915,8,4,4,7,5,3,5,8,6,6,8,2,2,2,8,5,3,4,8,7,-0.93384562,0.72170943,1.0790503,0.77876075,0.30028951
-13.763853,0.99719437,0.63413587,3,7,0,15.803673,0.92187548,2.4586909,2.2666069,0.19208405,-0.32822294,-1.0748113,-1.3494701,-1.6642882,-0.2684949,-1.3216219,-2.3076591,-1.071672,-0.32822294,-0.2684949,3,2,1,2,6,4,2,7,5,7,8,2,4,3,8,2,7,8,8,8,-2.0497269,0.24392846,1.0420367,0.25418241,0.78785432
-15.687392,0.80510755,0.63413587,2,3,0,17.20336,0.8719392,6.7568404,5.891554,0.86528639,-0.38408985,-1.1790165,-1.2503444,-1.56006,-0.27459575,-1.3292907,-2.2787222,-0.98981857,-0.38408985,-0.27459575,8,2,2,8,8,4,6,6,7,8,8,2,6,4,8,2,2,8,8,8,-5.5010384,0.72445033,1.4783893,1.0710196,0.40736969
-17.844133,0.83734004,0.63413587,2,3,0,18.94646,0.95280403,8.0339463,7.6547764,0.37916987,-0.17009262,-1.025173,-1.2799413,-1.6851409,-0.13033757,-1.2414162,-2.5299651,-0.97687842,-0.17009262,-0.13033757,3,6,2,1,7,3,5,7,4,7,8,2,5,6,8,1,6,6,8,8,-7.4866405,0.19279519,2.6702339,0.51480826,2.1554257
-15.900719,1,0.63413587,2,3,0,18.76912,0.97117924,3.8429167,3.7321609,0.11075578,-0.17030394,-0.989711,-1.3307969,-1.7241016,-0.14739911,-1.2518143,-2.50259,-1.0274219,-0.17030394,-0.14739911,6,3,2,6,8,5,2,7,7,8,7,2,3,6,8,6,5,8,7,8,-4.2092057,0.51284599,3.5026583,1.7963243,1.7063341
-13.71275,1,0.63413587,2,3,0,15.80775,0.90225347,3.2492712,2.9316662,0.31760499,-0.34918057,-1.1120645,-1.3135178,-1.6256116,-0.27133615,-1.3232512,-2.2939359,-1.0418284,-0.34918057,-0.27133615,8,2,2,2,8,3,3,4,5,8,8,1,5,6,8,3,3,8,7,8,-2.5117002,0.66887631,1.1276459,0.75425561,0.37339027
-14.553127,0.91827153,0.63413587,3,7,0,15.553664,0.95333617,2.1839047,2.0819953,0.10190935,-0.27019005,-1.021431,-1.3759567,-1.7121117,-0.23542899,-1.3040231,-2.3667288,-1.0869822,-0.27019005,-0.23542899,8,2,1,4,7,2,6,6,7,7,8,1,3,6,7,3,3,7,8,8,-2.3431964,0.61097267,3.0211289,1.8458272,1.1753017
-14.058426,0.98731279,0.63413587,2,7,0,14.71683,0.63915313,3.3627695,2.1493247,1.2134448,-1.011877,-1.6015325,-1.2568033,-1.380456,-0.69979096,-1.6131918,-1.7402597,-1.1349839,-1.011877,-0.69979096,7,5,1,6,7,6,5,7,7,5,6,3,3,5,8,5,7,6,8,7,-1.6537147,0.4793193,2.6127729,1.2523525,1.3604204
-13.373891,1,0.63413587,2,3,0,14.21473,0.80693008,3.4781126,2.8065937,0.67151893,-0.578652,-1.2868991,-1.2756681,-1.5079256,-0.41935941,-1.4167007,-2.072008,-1.0538168,-0.578652,-0.41935941,8,1,6,7,8,3,6,5,6,8,8,3,3,3,8,5,2,6,7,8,-2.1521189,0.79087831,2.9434553,2.3279149,0.61554034
-13.493962,0.94348231,0.63413587,3,7,0,14.053803,0.77328049,1.4685416,1.1355946,0.33294703,-0.71299946,-1.3072885,-1.3796054,-1.5598624,-0.54810056,-1.4880356,-1.9574264,-1.1723914,-0.71299946,-0.54810056,7,2,6,5,5,3,4,6,7,6,8,2,2,2,8,4,1,6,7,6,-0.75026726,0.48036854,3.0346426,1.4577468,1.5768958
-13.684873,0.95043517,0.63413587,2,7,0,14.134418,0.91559209,2.1111501,1.9329524,0.17819778,-0.35906347,-1.0842852,-1.364913,-1.6643358,-0.29587748,-1.3378185,-2.271775,-1.0914246,-0.35906347,-0.29587748,8,3,5,7,8,4,2,7,8,8,8,3,5,5,8,1,6,5,8,8,-1.7473938,0.98244561,0.89754133,0.88178554,0.015755792
-13.332296,1,0.63413587,2,3,0,13.739994,0.87761069,1.926137,1.6903985,0.23573857,-0.45471508,-1.1463113,-1.3636458,-1.6261266,-0.36354121,-1.3770835,-2.1760345,-1.1075165,-0.45471508,-0.36354121,5,2,5,5,8,5,1,5,8,8,8,1,3,4,8,2,3,5,8,7,-1.323481,0.31957322,1.0655926,0.34053485,0.72505773
-13.301432,0.99637203,0.63413587,2,7,0,13.523099,0.76474192,1.6484408,1.2606318,0.387809,-0.72352345,-1.3274434,-1.3592735,-1.5386362,-0.54792513,-1.4893432,-1.9473327,-1.1571532,-0.72352345,-0.54792513,6,2,2,2,6,4,3,7,6,8,7,3,2,2,8,3,4,8,8,7,-0.72389394,0.54192124,1.5118564,0.81930708,0.69254929
-13.592752,0.93522939,0.63413587,3,7,0,13.909302,0.89829188,3.0707402,2.758421,0.3123192,-0.36317029,-1.1183567,-1.3172549,-1.6227727,-0.28260928,-1.3298212,-2.277518,-1.0479303,-0.36317029,-0.28260928,3,6,6,5,8,2,3,8,8,8,8,3,4,3,7,4,4,7,8,8,-2.3165488,0.71827391,1.2156603,0.8731771,0.34248323
-13.026627,1,0.63413587,2,3,0,13.513501,0.81277834,2.5367316,2.0618005,0.4749311,-0.58212609,-1.2650923,-1.310177,-1.5362567,-0.43389327,-1.4219847,-2.0634876,-1.0850098,-0.58212609,-0.43389327,8,2,6,4,8,6,8,8,6,6,6,1,5,4,8,2,3,5,8,8,-1.3606976,0.7816257,1.059084,0.8278073,0.23127674
-13.552291,0.93486717,0.63413587,2,3,0,13.561243,0.90728415,2.5367326,2.3015373,0.23519532,-0.35886557,-1.1001631,-1.3403252,-1.6437031,-0.28738485,-1.3324331,-2.2764868,-1.068585,-0.35886557,-0.28738485,7,2,4,5,8,4,4,6,7,8,8,1,6,4,8,2,2,6,8,8,-1.953455,0.59075479,3.6065598,2.1305925,1.4759673
-14.078814,0.96678512,0.63413587,2,7,0,14.655293,0.85413478,1.2225438,1.0442172,0.17832663,-0.559511,-1.1747452,-1.4287033,-1.6484372,-0.45978189,-1.4347551,-2.0847517,-1.1847792,-0.559511,-0.45978189,7,1,3,8,8,2,6,7,8,8,8,3,2,8,7,5,4,6,7,8,-1.2022522,0.78877079,1.8666119,1.472329,0.39428297
-13.247331,1,0.63413587,2,3,0,14.037315,0.75795749,1.7312489,1.3122131,0.41903583,-0.73575497,-1.3414842,-1.3505179,-1.5275361,-0.55303496,-1.4933717,-1.9373919,-1.1522298,-0.73575497,-0.55303496,8,6,4,4,7,7,3,8,8,8,7,2,2,3,8,1,4,5,5,8,-0.72029217,0.36698803,1.2153481,0.44601822,0.76932992
-13.976599,0.94094189,0.63413587,2,3,0,14.044421,0.85299016,1.2633781,1.0776491,0.18572901,-0.55761344,-1.1771386,-1.422546,-1.6434411,-0.45630129,-1.4324923,-2.0855407,-1.1790329,-0.55761344,-0.45630129,6,4,2,4,5,4,8,4,6,7,8,3,4,4,8,5,5,5,8,7,-1.1661037,0.41529731,1.6207378,0.67308804,0.94764974
-14.049958,0.97702674,0.63413587,2,7,0,14.613472,0.60564635,1.7513949,1.060726,0.69066898,-1.0945796,-1.6021039,-1.3399939,-1.4438848,-0.78317214,-1.6518702,-1.701962,-1.2214381,-1.0945796,-0.78317214,6,2,3,5,8,5,1,8,7,5,5,2,3,7,6,4,3,5,8,8,-0.46164764,0.69746828,4.5423393,3.1681376,1.3742017
-13.668201,0.9663338,0.63413587,3,7,0,14.809922,0.80413406,1.3533272,1.0882565,0.26507071,-0.65311719,-1.2545904,-1.3993818,-1.594085,-0.51429396,-1.4665883,-2.0056776,-1.1772889,-0.65311719,-0.51429396,7,3,4,2,8,1,6,7,7,7,8,1,7,4,8,4,4,5,5,7,-0.89001923,0.66975828,1.9444288,1.3022973,0.6421315
-14.019418,0.97942935,0.63413587,2,3,0,14.101193,0.85748774,1.2545518,1.0757628,0.17878902,-0.54916956,-1.1701699,-1.424925,-1.6482584,-0.45122672,-1.4296447,-2.0928922,-1.1795527,-0.54916956,-0.45122672,7,1,2,4,8,4,4,5,7,8,8,3,4,6,8,4,6,5,8,8,-1.1978856,0.71184375,2.8500036,2.0287573,0.82124635
-13.496444,0.88876071,0.63413587,2,3,0,16.183697,0.9023432,2.5750422,2.3235718,0.25147038,-0.36894799,-1.1088803,-1.3368096,-1.6365964,-0.29339919,-1.3359366,-2.2664931,-1.0671558,-0.36894799,-0.29339919,5,4,1,4,8,1,4,6,8,6,5,1,5,6,8,1,3,7,8,5,-1.9366876,0.32392275,0.64996539,0.21053857,0.43942682
-15.318495,0.91450756,0.63413587,2,7,0,15.580222,0.69200796,5.8509979,4.0489371,1.8020608,-0.8665544,-1.5295114,-1.2144931,-1.3740118,-0.59058447,-1.5459224,-1.84356,-1.0663544,-0.8665544,-0.59058447,7,4,5,5,6,2,6,7,6,7,6,3,1,5,8,4,3,6,5,8,-4.0511377,0.73769009,2.4368138,1.7976134,0.63920042
-14.610029,0.75399669,0.63413587,2,7,0,17.686297,0.86310159,1.0595806,0.91452568,0.14505489,-0.5613255,-1.159228,-1.4575981,-1.6743106,-0.47116074,-1.4429257,-2.0879887,-1.2103494,-0.5613255,-0.47116074,8,1,4,2,7,4,4,8,7,8,7,3,2,3,8,3,4,3,6,8,-1.4347903,0.61828793,2.9363824,1.8155298,1.1208526
-14.265463,0.98918917,0.63413587,2,3,0,15.219155,0.71025712,1.1587417,0.82300452,0.33573715,-0.86667186,-1.3911367,-1.4145937,-1.5564153,-0.66384588,-1.5587592,-1.8578814,-1.2340077,-0.86667186,-0.66384588,7,5,2,2,8,1,4,6,4,7,6,4,5,3,8,2,7,4,7,8,-0.75807876,0.31776314,1.5193489,0.48279307,1.0365558
-14.433516,0.82319171,0.63413587,2,3,0,17.13813,0.83979759,1.0781963,0.90546666,0.17272965,-0.60548096,-1.1934472,-1.4488015,-1.652976,-0.49889172,-1.4583014,-2.0510484,-1.2108453,-0.60548096,-0.49889172,8,3,4,6,7,4,6,8,8,8,8,2,2,5,8,4,5,7,8,4,-1.2787291,0.80636224,1.46518,1.1814658,0.28371417
-13.652504,0.93884719,0.63413587,2,3,0,15.617964,0.91485176,2.4847603,2.2731873,0.21157297,-0.34335735,-1.0869307,-1.3455305,-1.6545514,-0.27803661,-1.3270571,-2.2920494,-1.0706529,-0.34335735,-0.27803661,7,2,5,2,8,2,5,4,7,6,8,1,4,4,8,3,3,8,8,8,-1.990766,0.58354766,2.7575226,1.6091459,1.1483768
-14.631346,0.96605706,0.63413587,3,7,0,14.689931,0.57306591,1.4078176,0.80677227,0.60104532,-1.1691891,-1.6310932,-1.3781691,-1.4697441,-0.84431114,-1.6876876,-1.672544,-1.2687641,-1.1691891,-0.84431114,5,2,4,5,6,3,2,3,6,7,6,2,5,4,7,2,2,7,6,7,-0.43050428,0.34940279,4.3869822,1.5328238,2.8541584
-13.11829,1,0.63413587,2,3,0,14.433976,0.82511414,1.8956912,1.5641616,0.33152959,-0.57520537,-1.2333372,-1.3508879,-1.5739112,-0.44342006,-1.4250692,-2.0668892,-1.1194638,-0.57520537,-0.44342006,7,3,6,5,7,4,3,7,7,6,8,4,4,6,7,2,4,6,7,6,-1.0152088,0.34970124,3.802584,1.3297683,2.4728157
-13.789837,0.84170065,0.63413587,1,3,0,14.773705,0.92164935,2.6631942,2.4545312,0.20866299,-0.32072004,-1.0758128,-1.3407828,-1.6603077,-0.26015822,-1.3166363,-2.3179693,-1.0622108,-0.32072004,-0.26015822,8,4,3,3,7,5,3,8,6,3,7,2,3,6,8,1,4,7,8,8,-2.2057355,0.35656174,3.5755076,1.2748892,2.3006184
-13.149097,0.93291847,0.63413587,1,3,0,14.630407,0.77620748,2.9044844,2.2544825,0.65000189,-0.66378612,-1.3361867,-1.2864758,-1.4906549,-0.48141628,-1.4550535,-1.9954583,-1.0816681,-0.66378612,-0.48141628,6,4,4,2,8,6,3,7,7,4,8,2,3,2,7,3,3,7,8,7,-1.5290793,0.13386899,2.5223738,0.33766764,2.1847061
-16.862953,0.44406175,0.63413587,2,3,0,17.728108,0.35906474,1.9544033,0.70175733,1.252646,-1.7344915,-2.0674465,-1.3869831,-1.4241638,-1.1774756,-1.9657611,-1.429037,-1.3923733,-1.7344915,-1.1774756,7,2,3,5,8,4,5,6,8,8,7,2,2,4,4,3,1,6,8,8,-0.57425996,0.94619922,1.6398536,1.5516282,0.088225407
-17.353952,0.99931059,0.63413587,2,3,0,17.913151,0.32926631,1.7163631,0.56514055,1.1512226,-1.7961612,-2.0960601,-1.4180265,-1.4538169,-1.2230734,-1.9948997,-1.4236649,-1.4276593,-1.7961612,-1.2230734,5,3,1,6,7,3,5,6,6,8,7,1,3,3,7,5,7,4,8,8,-0.53129202,0.79596825,3.6023904,2.8673884,0.73500203
-14.408352,1,0.63413587,2,3,0,17.587654,0.86177506,1.1184133,0.96382074,0.15459261,-0.55612399,-1.1618672,-1.4469861,-1.6661761,-0.46380527,-1.4380264,-2.090321,-1.2001462,-0.55612399,-0.46380527,6,2,4,7,7,6,4,5,7,8,8,1,1,4,7,1,5,7,8,8,-1.3492478,0.49164178,7.6992826,3.785289,3.9139936
-13.541026,0.99397924,0.63413587,2,7,0,14.761148,0.67449839,2.7725873,1.8701057,0.90248162,-0.92101664,-1.5203578,-1.2782728,-1.4185479,-0.64929947,-1.5704454,-1.8010504,-1.1319611,-0.92101664,-0.64929947,7,3,3,5,8,3,1,6,4,8,5,1,5,4,7,3,6,6,8,8,-1.1833659,0.39400408,2.909911,1.1465168,1.7633942
-13.434999,1,0.63413587,2,7,0,13.653492,0.71867437,3.1282517,2.2481943,0.8800574,-0.80579069,-1.445991,-1.2689933,-1.4368402,-0.57039811,-1.5175132,-1.883706,-1.0981641,-0.80579069,-0.57039811,6,3,2,4,8,3,6,7,8,8,7,4,2,3,8,3,3,6,7,8,-1.5732986,0.72930387,7.5491017,5.5055891,2.0435127
-13.36469,1,0.63413587,1,1,0,13.479416,0.71868924,2.9630075,2.1294816,0.83352589,-0.80719253,-1.4428005,-1.2747543,-1.4415983,-0.57341143,-1.518353,-1.8823628,-1.1033494,-0.80719253,-0.57341143,7,2,2,4,8,2,5,5,7,7,7,4,3,3,8,3,3,6,8,8,-1.4278468,0.51586176,2.5781508,1.3299694,1.2481814
-13.472474,0.92326379,0.63413587,2,3,0,14.073727,0.7102133,3.1184699,2.2147788,0.90369112,-0.82749889,-1.4616122,-1.2683257,-1.4309111,-0.5845008,-1.5273706,-1.8675061,-1.1024982,-0.82749889,-0.5845008,7,4,4,2,7,3,2,7,8,8,8,1,2,6,8,4,4,7,8,8,-1.5467934,0.72096425,1.0435938,0.75239384,0.29119999
-14.01762,0.97387901,0.63413587,3,7,0,14.221025,0.90329739,3.8184199,3.4491688,0.36925116,-0.33476779,-1.1122539,-1.3000846,-1.620914,-0.25644842,-1.3148332,-2.3144875,-1.0265315,-0.33476779,-0.25644842,7,2,6,2,8,3,5,8,7,7,6,3,2,3,8,3,5,6,8,8,-3.0481016,0.69285345,6.1132037,4.2355543,1.8776494
-14.217218,0.98095333,0.63413587,1,1,0,14.28233,0.91823154,3.805602,3.4944238,0.31117822,-0.29861761,-1.0850777,-1.306649,-1.6422976,-0.23270137,-1.3006695,-2.3537752,-1.0260015,-0.29861761,-0.23270137,5,2,2,4,6,6,4,5,6,7,8,1,6,7,8,2,6,7,8,8,-3.1874148,0.30331318,1.7593306,0.53362817,1.2257025
-14.492757,0.96668951,0.63413587,2,3,0,15.166659,0.87855636,4.9455825,4.344973,0.60060954,-0.38083828,-1.1617643,-1.2712026,-1.5779923,-0.27944757,-1.3302894,-2.2734939,-1.0085422,-0.38083828,-0.27944757,7,3,6,4,7,3,5,8,4,8,8,3,2,6,8,3,4,8,6,8,-3.9096154,0.70003277,0.93115077,0.65183606,0.27931472
-13.297645,1,0.63413587,2,3,0,14.473917,0.72848898,2.9031063,2.1148809,0.78822533,-0.78301824,-1.4235132,-1.2782545,-1.4507729,-0.55863301,-1.50759,-1.9004947,-1.1009019,-0.78301824,-0.55863301,6,1,2,3,8,3,1,5,6,5,8,4,1,6,7,5,6,7,8,8,-1.3980609,0.33518394,2.0517846,0.68772524,1.3640593
-13.629413,0.9591497,0.63413587,2,3,0,13.769875,0.90188714,3.0606779,2.760386,0.30029185,-0.35485163,-1.111931,-1.3189692,-1.6276784,-0.27724807,-1.3266258,-2.2861161,-1.0479739,-0.35485163,-0.27724807,5,2,1,3,6,5,3,5,6,5,8,2,2,7,7,4,7,7,8,6,-2.3396533,0.24200517,4.2744767,1.0344454,3.2400312
-13.971458,0.96767721,0.63413587,1,1,0,13.97662,0.9229018,3.1574359,2.9140033,0.24343263,-0.30218172,-1.0750173,-1.3246165,-1.6552161,-0.24134115,-1.305578,-2.343463,-1.0436829,-0.30218172,-0.24134115,8,1,4,6,7,2,3,6,6,7,8,3,3,4,8,2,7,7,8,8,-2.643691,0.29878531,3.8021275,1.1360199,2.6661077
-14.041593,0.98281941,0.63413587,2,7,0,14.532159,0.63235056,3.2274217,2.0408619,1.1865598,-1.0298344,-1.6114573,-1.2610166,-1.3808982,-0.71276586,-1.6215916,-1.7289911,-1.1425383,-1.0298344,-0.71276586,3,4,2,3,4,3,3,6,7,4,6,1,4,3,7,4,3,5,7,8,-1.5226464,0.093750922,2.0179202,0.18918188,1.8287384
-16.26929,0.87725028,0.63413587,3,7,0,16.285016,0.94644792,0.94930506,0.8984678,0.050837258,-0.41901223,-1.0421414,-1.5020411,-1.7629885,-0.38541848,-1.4006458,-2.2181054,-1.2256315,-0.41901223,-0.38541848,8,3,4,4,7,5,5,6,8,7,7,5,6,6,8,4,5,5,8,7,-2.4747102,0.72974863,2.2882545,1.6698506,0.61840393
-14.759126,0.9968132,0.63413587,3,7,0,17.098642,0.70458282,1.007811,0.71008633,0.29772469,-0.88743648,-1.3890043,-1.442127,-1.5783763,-0.68776835,-1.5722837,-1.8529924,-1.2614136,-0.88743648,-0.68776835,7,4,1,4,6,5,5,5,8,5,8,1,4,2,7,2,3,8,8,3,-0.95078322,0.45351985,3.2714789,1.4836806,1.7877983
-13.104192,0.99196474,0.63413587,2,3,0,14.981133,0.80078565,2.8545753,2.2859029,0.56867235,-0.60412133,-1.2909531,-1.2939154,-1.5152615,-0.44330083,-1.4296256,-2.046004,-1.0753317,-0.60412133,-0.44330083,4,2,2,5,7,2,6,8,6,7,7,1,6,4,8,3,4,6,8,8,-1.5716438,0.23292209,1.3808191,0.32162327,1.0591958
-14.377526,0.8587747,0.63413587,2,3,0,14.398288,0.93169903,3.6474772,3.398351,0.24912625,-0.26925549,-1.0604083,-1.3159863,-1.6633312,-0.21464255,-1.2900587,-2.3850072,-1.0296188,-0.26925549,-0.21464255,8,2,3,6,8,4,3,7,7,8,7,4,3,4,8,3,3,8,7,8,-3.2047785,0.8856675,1.7304603,1.5326125,0.19784785
-13.542645,0.98655407,0.63413587,3,7,0,14.957861,0.66014033,2.0857081,1.37686,0.70884808,-0.96093728,-1.523627,-1.3137264,-1.4429269,-0.6881831,-1.5897074,-1.777523,-1.1702896,-0.96093728,-0.6881831,8,4,2,4,5,6,2,7,3,7,7,4,3,3,8,2,2,5,7,8,-0.66718713,0.31692167,2.2535773,0.71420746,1.5393698
-14.676039,0.73766158,0.63413587,3,7,0,15.677272,0.594658,3.7599867,2.2359062,1.5240805,-1.1326527,-1.6970624,-1.2481604,-1.3506588,-0.77257185,-1.672008,-1.6653608,-1.1557222,-1.1326527,-0.77257185,5,2,1,5,5,3,3,6,7,7,8,1,2,3,8,5,4,7,7,7,-1.9782394,0.16966186,2.0259067,0.34371908,1.6821876
-13.035433,0.98348565,0.63413587,2,3,0,14.877974,0.77253277,2.3061742,1.7815951,0.52457904,-0.6844943,-1.3318848,-1.3128142,-1.5077048,-0.50485792,-1.4666471,-1.9764701,-1.1089357,-0.6844943,-0.50485792,5,6,3,5,7,3,5,5,5,8,8,2,3,4,7,2,3,8,8,8,-1.0490317,0.73924519,1.2972732,0.95900297,0.33827023
-13.75071,0.8940139,0.63413587,2,3,0,14.230644,0.65820697,1.6457284,1.0832299,0.56249849,-0.96952573,-1.5054668,-1.3492351,-1.4744509,-0.70688874,-1.5956375,-1.7778964,-1.2015686,-0.96952573,-0.70688874,8,4,1,3,6,6,4,4,7,7,8,2,5,3,7,4,6,7,5,8,-0.50002271,0.47903486,1.3116141,0.62830885,0.68330521
-13.389534,1,0.63413587,2,3,0,13.842631,0.8513521,1.6337866,1.3909277,0.24285895,-0.53079905,-1.1856976,-1.3796626,-1.6136619,-0.42258157,-1.41192,-2.1055953,-1.1361871,-0.53079905,-0.42258157,5,1,4,5,7,3,7,7,6,8,8,1,6,5,8,3,5,7,8,7,-1.0738442,0.67133221,2.2505509,1.5108673,0.73968359
-13.647349,0.96942019,0.63413587,1,1,0,13.651715,0.86240043,1.4689005,1.2667805,0.20212008,-0.51892653,-1.1656629,-1.3994498,-1.6351722,-0.42115275,-1.4113246,-2.1166729,-1.1514813,-0.51892653,-0.42115275,6,3,1,1,6,4,6,6,6,7,7,4,2,4,8,1,6,6,8,8,-1.1404978,0.1995154,3.2003532,0.63851974,2.5618334
-13.665135,0.92970673,0.63413587,3,7,0,15.371426,0.90188009,1.7613884,1.5885611,0.17282727,-0.41098767,-1.1052877,-1.3840258,-1.6601539,-0.33950119,-1.3635743,-2.2170557,-1.11807,-0.41098767,-0.33950119,6,6,4,4,8,6,4,5,5,6,8,2,1,6,8,4,5,8,6,7,-1.4572537,0.27598423,2.0177584,0.5568695,1.4608889
-17.02168,0.75403226,0.63413587,2,3,0,18.851198,0.9376063,0.77274056,0.72452642,0.048214145,-0.47819951,-1.0600451,-1.5411867,-1.7788899,-0.44122704,-1.4367399,-2.1767435,-1.269111,-0.47819951,-0.44122704,5,5,3,4,6,5,4,4,5,6,8,1,2,5,7,2,6,5,8,8,-2.8235824,0.28115881,2.3364295,0.65690773,1.6795217
-15.736409,1,0.63413587,3,7,0,17.970889,0.46367176,3.0332854,1.4064488,1.6268366,-1.4873904,-1.9350304,-1.2954486,-1.349635,-1.0032111,-1.8469,-1.492096,-1.2719462,-1.4873904,-1.0032111,5,1,1,3,8,3,3,6,8,8,8,1,4,4,8,4,4,6,8,6,-1.2822086,0.43564626,1.1090422,0.4831501,0.62589212
-18.50076,0.70450594,0.63413587,1,1,0,18.616809,0.28545143,2.8726031,0.81998867,2.0526144,-1.9984811,-2.2897347,-1.3926037,-1.4131103,-1.3189241,-2.1133517,-1.3358202,-1.44553,-1.9984811,-1.3189241,8,1,4,3,8,3,5,8,6,7,7,4,1,3,6,3,2,5,7,6,-1.3412296,0.83606795,3.4344849,2.8714628,0.56302214
-18.121394,0.98675317,0.63413587,3,7,0,19.51875,0.99322011,2.1571239,2.1424989,0.014625053,-0.18310615,-0.95552446,-1.3953349,-1.7699094,-0.17811855,-1.2739254,-2.4648289,-1.0927541,-0.18310615,-0.17811855,7,4,1,2,8,4,6,4,7,7,8,1,5,8,8,5,5,4,8,8,-4.2148452,0.69236087,1.5151619,1.0490388,0.46612308
-16.024719,0.99866153,0.63413587,2,3,0,18.249706,0.97897137,1.9539402,1.9128515,0.041088683,-0.22830965,-0.98011548,-1.4004801,-1.7522203,-0.21302434,-1.2936806,-2.4101277,-1.1040621,-0.22830965,-0.21302434,6,3,1,3,8,4,3,4,5,7,8,2,2,7,8,2,4,6,8,8,-2.9880889,0.42762413,1.7604548,0.75281293,1.0076418
-15.396363,0.97374471,0.63413587,3,7,0,16.823942,0.47611585,2.6543321,1.2637696,1.3905625,-1.4443655,-1.8929221,-1.3057186,-1.3645098,-0.98218638,-1.8232226,-1.5148483,-1.2706187,-1.4443655,-0.98218638,8,1,4,4,8,4,3,7,7,8,6,4,2,6,7,3,7,7,7,7,-0.95903364,0.72538032,2.806668,2.0359017,0.77076627
-14.578791,1,0.63413587,1,1,0,15.421144,0.54447759,2.5639236,1.3959989,1.1679247,-1.2585216,-1.7571542,-1.2943385,-1.3756527,-0.86725785,-1.7306474,-1.6025428,-1.2209903,-1.2585216,-0.86725785,7,2,2,7,6,1,6,2,6,6,6,1,5,1,7,1,5,6,7,7,-0.89320621,0.41995736,2.6082812,1.0953669,1.5129143
-13.680063,1,0.63413587,3,7,0,14.517316,0.9150314,2.0959058,1.9178196,0.17808618,-0.36115006,-1.0851653,-1.3656039,-1.6640666,-0.29760794,-1.3388357,-2.2694873,-1.0924277,-0.36115006,-0.29760794,6,5,1,3,8,3,3,7,6,8,8,2,6,5,7,3,6,8,8,6,-1.7326758,0.09071167,1.9459366,0.17651916,1.7694175
-13.303592,0.99528962,0.63413587,2,7,0,13.910353,0.81392616,3.3351672,2.7145799,0.62058739,-0.56331421,-1.2726107,-1.2814877,-1.5179324,-0.41082769,-1.410555,-2.0849945,-1.055691,-0.56331421,-0.41082769,8,6,4,4,6,4,5,5,8,8,8,2,4,4,8,3,3,5,8,8,-2.0490621,0.7844275,1.6526989,1.2964224,0.35627642
-13.840141,0.93141626,0.63413587,3,7,0,14.571466,0.89048772,1.4832155,1.3207852,0.16243031,-0.45759917,-1.1217245,-1.4060855,-1.6622418,-0.38019046,-1.3878938,-2.1722034,-1.1462481,-0.45759917,-0.38019046,7,1,4,2,8,4,3,5,2,7,8,1,6,4,8,3,6,7,8,8,-1.3346729,0.24827501,1.4809057,0.36767188,1.1132338
-15.787784,0.89548026,0.63413587,2,3,0,16.024292,0.5227865,1.0556185,0.55186312,0.50375543,-1.2743736,-1.6706275,-1.4374871,-1.5158184,-0.93196849,-1.7392971,-1.6450915,-1.3393053,-1.2743736,-0.93196849,4,3,5,4,8,7,6,7,5,8,6,3,3,4,7,4,5,7,7,8,-0.69322605,0.56032208,1.8362768,1.0289065,0.80737037
-15.44193,1,0.63413587,3,7,0,15.954031,0.95051509,4.5990881,4.3715027,0.22758544,-0.20647282,-1.0274343,-1.3078555,-1.6874985,-0.16626616,-1.2620464,-2.4662923,-1.0108006,-0.20647282,-0.16626616,7,2,7,5,8,4,6,7,7,7,7,3,3,5,8,2,6,7,8,8,-4.4035435,0.79441454,3.1507586,2.5030084,0.64775015
-16.246306,0.93246051,0.63413587,1,1,0,16.300851,0.95647234,5.4910326,5.2520208,0.23901182,-0.18036846,-1.0170255,-1.3000698,-1.6949435,-0.14457684,-1.2495032,-2.5043852,-0.99865712,-0.18036846,-0.14457684,8,3,2,4,8,2,5,6,4,8,8,3,1,6,8,3,7,7,8,8,-5.3560856,0.720543,2.8238388,2.0346973,0.78914153
-13.776709,0.9898853,0.63413587,2,3,0,16.853851,0.87106217,3.8931245,3.3911535,0.501971,-0.4128046,-1.1715755,-1.286006,-1.576849,-0.30718783,-1.3459949,-2.2333992,-1.0286495,-0.4128046,-0.30718783,4,4,1,3,7,3,4,5,7,7,7,4,2,4,7,3,5,7,5,7,-2.8669956,0.47624307,2.4966503,1.1890124,1.3076379
-14.163053,0.95752033,0.63413587,1,1,0,14.17016,0.89344547,4.2416024,3.7896404,0.45196196,-0.35217297,-1.1317221,-1.2879322,-1.6035861,-0.2647577,-1.3203133,-2.2992101,-1.0184715,-0.35217297,-0.2647577,4,2,1,3,6,3,1,7,6,7,8,2,1,5,8,4,4,8,8,7,-3.3611296,0.48100279,2.1061488,1.0130635,1.0930854
-13.55219,0.94877942,0.63413587,2,7,0,15.167619,0.65753335,2.1591063,1.4196844,0.73942191,-0.96690945,-1.5312833,-1.3088968,-1.4372728,-0.69024786,-1.5922517,-1.773111,-1.1676272,-0.96690945,-0.69024786,5,2,2,3,7,4,3,7,7,5,8,2,2,6,8,6,4,7,7,8,-0.70628603,0.45772239,3.0379588,1.3905417,1.647417
-13.572402,0.99834462,0.63413587,3,7,0,13.695235,0.6556832,2.0827084,1.3655969,0.71711149,-0.97190907,-1.5314206,-1.3138125,-1.4408624,-0.69528702,-1.5947125,-1.7705433,-1.1728016,-0.97190907,-0.69528702,5,4,4,5,8,5,3,6,6,5,4,1,1,6,7,5,5,7,6,8,-0.65925574,0.16053548,4.3389773,0.69655982,3.6424175
-14.043271,0.81770119,0.63413587,1,3,0,17.077161,0.81257517,4.5922922,3.7315826,0.86070956,-0.55214631,-1.2849471,-1.2541121,-1.4988085,-0.39350973,-1.4032566,-2.1020823,-1.0289787,-0.55214631,-0.39350973,8,2,5,1,8,4,6,8,8,7,8,2,3,1,8,3,4,7,8,8,-3.2222291,0.61456425,2.1163593,1.3006388,0.81572053
-13.119674,0.6883059,0.63413587,2,3,0,16.907855,0.7703188,1.9060006,1.4682281,0.4377725,-0.70106651,-1.3259577,-1.3382722,-1.5257167,-0.52519187,-1.476833,-1.9632775,-1.1344051,-0.70106651,-0.52519187,7,3,2,6,8,4,7,3,7,8,7,3,4,5,8,4,5,6,7,8,-0.81568777,0.32356895,0.71964769,0.23285565,0.48679205
-14.828138,0.87197045,0.63413587,2,3,0,14.915071,0.66230863,1.0417757,0.68997702,0.35179865,-0.97364746,-1.4549531,-1.4330162,-1.5535667,-0.74086444,-1.6071117,-1.7984279,-1.2719307,-0.97364746,-0.74086444,7,2,3,5,7,6,1,6,7,8,8,3,5,4,6,3,7,5,7,8,-0.82338833,0.26970949,1.1334125,0.30569211,0.8277204
-14.2323,1,0.63413587,1,1,0,14.778098,0.69176314,1.2022453,0.83166901,0.37057633,-0.9043577,-1.422688,-1.4060908,-1.5407299,-0.68555327,-1.5734709,-1.8317591,-1.2348373,-0.9043577,-0.68555327,6,3,3,6,8,1,4,8,8,7,6,3,4,2,6,3,6,8,7,8,-0.68169418,0.59340276,3.9910656,2.3683093,1.6227562
-14.2323,0.62046313,0.63413587,3,7,0,17.539174,0.69176314,1.2022453,0.83166901,0.37057633,-0.9043577,-1.422688,-1.4060908,-1.5407299,-0.68555327,-1.5734709,-1.8317591,-1.2348373,-0.9043577,-0.68555327,4,2,6,7,6,4,5,6,6,8,5,3,5,4,8,1,5,6,8,8,-0.68169418,0.82050828,1.0373577,0.85116057,0.18619712
-14.419083,0.45342753,0.63413587,3,7,0,19.2595,0.68699043,4.5031992,3.0936548,1.4095445,-0.88256651,-1.5269375,-1.2326108,-1.3861586,-0.60761554,-1.5528383,-1.8295165,-1.0851903,-0.88256651,-0.60761554,7,1,6,5,8,4,6,7,8,4,7,2,5,6,7,1,5,7,7,6,-2.7932983,0.82600416,2.2481882,1.8570128,0.39117541
-13.612382,0.9290361,0.63413587,2,3,0,15.027695,0.86321493,3.6813212,3.1777714,0.50354978,-0.43559527,-1.1848714,-1.2878685,-1.5693763,-0.32392371,-1.3560341,-2.2088458,-1.0349399,-0.43559527,-0.32392371,7,3,4,6,8,3,3,6,7,8,8,2,5,6,8,2,6,5,7,8,-2.6182434,0.46059896,1.8733799,0.86287681,1.010503
-13.579334,0.99232744,0.63413587,2,7,0,13.895032,0.89706282,3.0702907,2.7542437,0.31604706,-0.36612019,-1.1205378,-1.3167943,-1.6211618,-0.28455855,-1.330983,-2.2744417,-1.0480554,-0.36612019,-0.28455855,8,3,4,5,6,1,6,7,7,6,8,4,4,4,8,3,3,8,6,7,-2.3055089,0.48204358,2.5608118,1.2344229,1.3263889
-13.796824,0.9220803,0.63413587,2,3,0,15.140327,0.62430476,2.0883035,1.3037378,0.78456569,-1.0495077,-1.5876957,-1.3134759,-1.4262405,-0.74475122,-1.6303923,-1.7227388,-1.1898111,-1.0495077,-0.74475122,7,3,1,4,6,4,1,7,7,8,6,5,5,2,8,2,4,6,5,7,-0.62421085,0.40879808,2.1890435,0.89487676,1.2941667
-13.173191,1,0.63413587,3,7,0,13.999385,0.85092284,2.8171858,2.3972077,0.41997806,-0.48329753,-1.2007956,-1.3093377,-1.5693207,-0.36487988,-1.3794842,-2.1556459,-1.0640327,-0.48329753,-0.36487988,7,2,2,7,7,4,2,5,5,6,7,2,4,2,8,3,8,5,7,7,-1.769233,0.38257943,2.4656869,0.94332108,1.5223658
-13.62873,0.9629981,0.63413587,2,3,0,13.819127,0.66920489,1.719474,1.1506804,0.56879361,-0.94267504,-1.4907917,-1.3426273,-1.4734364,-0.68705838,-1.583149,-1.7934916,-1.1902128,-0.94267504,-0.68705838,6,5,1,2,5,5,3,4,5,8,5,3,2,6,8,7,2,8,7,7,-0.52965122,0.30705956,3.0124437,0.92499961,2.0874441
-14.265174,0.95405423,0.63413587,2,3,0,14.7345,0.7292777,1.1354977,0.82809314,0.30740454,-0.82770673,-1.3606114,-1.4203831,-1.5701732,-0.64007862,-1.5433354,-1.8847191,-1.2307405,-0.82770673,-0.64007862,8,4,3,5,6,5,6,7,5,7,8,1,2,3,7,2,6,6,7,8,-0.82434971,0.2788267,2.7120432,0.75619007,1.9558532
-14.304259,0.90397116,0.63413587,2,7,0,15.31087,0.88341579,1.2112792,1.0700632,0.14121603,-0.50063139,-1.1306631,-1.4380842,-1.6759957,-0.42167411,-1.413447,-2.1359138,-1.182366,-0.50063139,-0.42167411,8,3,2,2,8,1,4,8,7,6,8,4,4,7,8,2,5,7,8,8,-1.4017543,0.74113224,1.2378998,0.91744744,0.32045235
-14.651149,0.94235828,0.63413587,3,7,0,15.426126,0.93557508,1.4095219,1.3187136,0.090808332,-0.36998598,-1.051774,-1.4290452,-1.7155485,-0.32544143,-1.3587172,-2.256382,-1.1522423,-0.36998598,-0.32544143,6,1,3,1,8,2,2,6,5,8,8,2,5,6,7,1,6,7,8,7,-1.8309864,0.28495555,1.1490583,0.32743055,0.8216278
-16.137151,0.91558922,0.63413587,2,3,0,17.141629,0.90675128,0.82084579,0.74430297,0.076542819,-0.5215462,-1.0990775,-1.5201775,-1.7449582,-0.46489027,-1.4461094,-2.1351129,-1.2578471,-0.5215462,-0.46489027,7,1,2,6,7,6,2,8,8,8,6,1,3,4,8,2,4,8,7,6,-2.2932038,0.41108101,1.1463267,0.47123314,0.67509357
-17.217636,0.96052296,0.63413587,2,3,0,17.43454,0.88866575,0.64994815,0.57758667,0.072361488,-0.60015391,-1.1267853,-1.5676898,-1.7665685,-0.53705852,-1.4920998,-2.0909029,-1.311832,-0.60015391,-0.53705852,4,3,4,3,6,4,5,4,5,7,7,3,5,7,7,3,6,8,8,8,-2.843218,0.40918223,1.2409341,0.5077682,0.73316593
-15.256002,1,0.63413587,2,3,0,17.422523,0.76272538,0.86385229,0.65888206,0.20497023,-0.78484251,-1.2959321,-1.4810673,-1.6371554,-0.63350498,-1.5384748,-1.9311719,-1.2731626,-0.78484251,-0.63350498,5,1,4,5,8,5,5,6,7,7,8,4,1,8,8,1,4,4,8,8,-1.4065954,0.49405181,1.8216307,0.89997997,0.92165078
-14.602656,0.96648522,0.63413587,2,3,0,16.027551,0.82873598,1.0205529,0.84576891,0.17478399,-0.63497239,-1.2082496,-1.4572236,-1.6523557,-0.52233373,-1.4722835,-2.0300955,-1.2236719,-0.63497239,-0.52233373,8,2,4,2,8,6,4,7,3,8,8,1,6,7,6,5,3,6,8,7,-1.3121058,0.57827834,0.92811791,0.53671048,0.39140742
-16.130983,0.91281534,0.63413587,2,3,0,16.225817,0.89022516,0.79041111,0.70364385,0.086767253,-0.55891923,-1.1215145,-1.5241563,-1.7371213,-0.49272428,-1.4617734,-2.1066388,-1.2675851,-0.55891923,-0.49272428,6,2,4,4,5,6,5,5,7,7,8,1,5,6,8,6,7,8,7,6,-2.2480993,0.47930141,1.1796312,0.5653989,0.6142323
-15.355021,0.99768267,0.63413587,2,7,0,16.87641,0.73397596,0.85406225,0.62686116,0.22720109,-0.8417723,-1.3354164,-1.4802326,-1.6241013,-0.67150447,-1.5613269,-1.8944716,-1.2839356,-0.8417723,-0.67150447,8,4,1,2,7,4,3,7,4,7,7,1,3,5,8,5,5,8,8,6,-1.3577844,0.044959539,1.5632524,0.070283108,1.4929693
-13.086987,0.83434747,0.63413587,1,3,0,18.060524,0.75249691,2.2008859,1.6561598,0.54472607,-0.73503158,-1.3645602,-1.3153137,-1.4961194,-0.53988723,-1.4889862,-1.9364821,-1.1219527,-0.73503158,-0.53988723,8,2,5,4,8,5,4,8,8,8,8,4,3,4,8,1,4,8,8,8,-0.92190431,0.74781766,2.5246149,1.8879516,0.63666329
-13.66459,0.74154304,0.63413587,1,3,0,14.767951,0.91439165,2.1198215,1.9383471,0.18147442,-0.36131031,-1.0863234,-1.3639553,-1.6626003,-0.29716329,-1.3385274,-2.2695655,-1.0909302,-0.36131031,-0.29716329,7,3,4,2,7,3,4,5,8,7,8,3,3,4,8,1,7,6,7,8,-1.7396035,0.47418613,2.2499105,1.0668764,1.1830342
-13.502094,0.97954188,0.63413587,3,7,0,14.638317,0.83355934,1.4869791,1.2394853,0.24749379,-0.5798158,-1.2115532,-1.3899894,-1.6071823,-0.46035433,-1.4343303,-2.0639083,-1.1547182,-0.5798158,-0.46035433,8,3,3,3,8,6,2,3,5,8,8,1,3,7,8,4,2,7,8,8,-0.98165189,0.12470971,6.3073533,0.78658823,5.5207651
-13.88514,0.95938805,0.63413587,2,3,0,14.158277,0.84642211,1.2917647,1.0933782,0.19838649,-0.568544,-1.1876545,-1.4169971,-1.6350058,-0.46198909,-1.4356251,-2.0757918,-1.1762195,-0.568544,-0.46198909,8,3,2,5,4,4,2,6,6,6,8,2,4,7,5,4,5,5,8,7,-1.1125048,0.33843967,2.5664608,0.86859213,1.6978686
-13.602551,1,0.63413587,3,7,0,13.893956,0.85504091,1.473068,1.2595334,0.2135346,-0.53441281,-1.1773133,-1.3969958,-1.6278791,-0.43115208,-1.4171212,-2.1030257,-1.1522074,-0.53441281,-0.43115208,5,3,4,7,7,4,2,7,6,7,8,2,3,3,8,2,7,6,7,8,-1.096316,0.52831559,1.411877,0.74591664,0.66596039
-13.020401,1,0.63413587,3,7,0,13.534444,0.804155,2.1379983,1.719282,0.41871629,-0.61423912,-1.2734756,-1.3293614,-1.5428728,-0.46276756,-1.4383379,-2.034091,-1.1085233,-0.61423912,-0.46276756,6,4,1,6,5,4,5,7,6,6,8,4,5,6,8,3,6,7,8,8,-1.0512008,0.39411568,1.5285968,0.60244396,0.92615283
-14.123049,0.87536998,0.63413587,2,3,0,14.195903,0.92789373,3.2924528,3.0550463,0.23740651,-0.28672846,-1.0664871,-1.3229861,-1.6608871,-0.22963741,-1.2987771,-2.361876,-1.0393914,-0.28672846,-0.22963741,7,4,2,7,7,5,4,5,7,8,8,1,3,4,8,1,7,8,8,8,-2.8270928,0.9004554,1.8102955,1.6300904,0.18020514
-13.707486,0.96917185,0.63413587,2,7,0,15.106158,0.81204366,4.0634439,3.2996938,0.76375005,-0.55858544,-1.2823707,-1.2634911,-1.5044083,-0.40124614,-1.4068291,-2.0934557,-1.0387104,-0.55858544,-0.40124614,8,4,2,6,7,3,3,6,7,8,8,2,3,6,7,3,4,7,8,8,-2.7208416,0.82482052,1.86551,1.538711,0.32679908
-15.120588,0.87364259,0.63413587,3,7,0,17.02381,0.8032394,6.1699721,4.9559647,1.2140074,-0.56648432,-1.310784,-1.232036,-1.4756677,-0.39564138,-1.4082954,-2.0950424,-1.0125228,-0.56648432,-0.39564138,6,3,1,6,8,4,4,6,7,8,7,1,3,4,8,2,5,7,7,8,-4.6368131,0.73371457,2.2527683,1.6528889,0.59987938
-13.697172,0.94647628,0.63413587,2,3,0,15.991039,0.63825658,2.3845117,1.5219303,0.86258139,-1.0144198,-1.5749204,-1.2956249,-1.415856,-0.71578881,-1.6138821,-1.7415824,-1.1673428,-1.0144198,-0.71578881,2,5,2,2,6,3,5,5,3,7,8,3,4,6,8,2,6,8,8,8,-0.8307057,0.32813565,2.0990034,0.68875783,1.4102455
-13.172357,0.85712827,0.63413587,3,7,0,15.33282,0.864653,2.1736912,1.8794886,0.29420258,-0.47221119,-1.1705543,-1.3437157,-1.6025869,-0.36900132,-1.3804844,-2.1611606,-1.0928465,-0.47221119,-0.36900132,6,3,1,3,6,4,3,4,6,7,7,2,5,7,8,2,5,7,8,8,-1.36967,0.084502297,3.1113834,0.26291904,2.8484643
-13.795362,0.95236087,0.63413587,2,3,0,14.019195,0.81440159,4.2046114,3.4242422,0.78036919,-0.5511084,-1.2789531,-1.2614001,-1.5052199,-0.39534853,-1.4033678,-2.1010937,-1.0352375,-0.5511084,-0.39534853,8,3,4,5,7,2,5,6,8,7,6,1,5,6,8,4,3,8,6,8,-2.8638866,0.78009844,1.8450233,1.4392998,0.40572349
-14.406915,0.83475126,0.63413587,3,7,0,16.4194,0.92281788,1.3998453,1.2918023,0.10804303,-0.39762925,-1.0713689,-1.4257402,-1.7018661,-0.34417001,-1.3688454,-2.2293342,-1.153716,-0.39762925,-0.34417001,6,1,2,4,7,5,6,6,5,8,7,3,4,6,8,4,5,7,8,8,-1.6668961,0.7661988,1.3858752,1.0618559,0.32401929
-14.119047,0.9872366,0.63413587,3,7,0,14.636554,0.93092779,1.7747159,1.6521323,0.12258355,-0.34645139,-1.0583945,-1.3933528,-1.6938688,-0.29644315,-1.3395568,-2.2815263,-1.1156099,-0.34645139,-0.29644315,5,2,1,6,7,5,5,7,8,8,8,1,4,5,8,2,5,8,8,7,-1.7804124,0.24930175,2.8105023,0.70066314,2.1098392
-14.582144,0.97377185,0.63413587,3,7,0,15.505195,0.78896597,5.3683902,4.2354772,1.132913,-0.60808751,-1.3348366,-1.2368378,-1.4657259,-0.42586558,-1.4271304,-2.0542448,-1.0260521,-0.60808751,-0.42586558,8,3,2,2,8,5,5,6,7,7,7,2,3,5,7,2,5,7,7,8,-3.85717,0.43664867,1.5844277,0.69183823,0.89258942
-13.473066,0.98174198,0.63413587,2,5,0,14.777623,0.80618485,1.4751615,1.1892529,0.28590865,-0.64028822,-1.2548359,-1.3851087,-1.5847778,-0.50040942,-1.4584933,-2.0141673,-1.1623762,-0.64028822,-0.50040942,8,1,4,5,7,5,6,7,8,6,8,3,4,3,8,1,3,6,8,8,-0.864386,0.62039416,3.2453167,2.0133755,1.2319412
-13.954249,0.92357568,0.63413587,2,7,0,14.358867,0.92887806,1.9962051,1.8542311,0.14197399,-0.33589348,-1.0619396,-1.3770056,-1.6842519,-0.28332055,-1.3311543,-2.29447,-1.0986856,-0.33589348,-0.28332055,7,4,2,3,7,3,5,7,7,8,7,1,3,6,8,3,2,6,8,8,-1.8424242,0.18995912,2.7630213,0.5248611,2.2381602
-14.120575,0.96424726,0.63413587,3,7,0,15.33927,0.59404074,1.7978367,1.0679882,0.72984844,-1.1231058,-1.6253502,-1.3366587,-1.4361874,-0.79981795,-1.6649792,-1.6851844,-1.2250046,-1.1231058,-0.79981795,6,5,3,3,5,4,1,5,7,5,4,2,1,3,8,5,5,8,8,7,-0.4656372,0.094039982,3.8159826,0.35885493,3.4571276
-14.81619,0.99310531,0.63413587,3,7,0,15.391033,0.85706447,0.99542699,0.8531451,0.14228189,-0.58256286,-1.1671505,-1.4684019,-1.6778566,-0.48981284,-1.4543136,-2.0732279,-1.2235926,-0.58256286,-0.48981284,7,4,4,5,5,4,3,5,7,6,6,5,8,5,8,3,5,7,8,7,-1.5027083,0.25843997,3.6759292,0.95000703,2.7259222
-16.674892,0.85231707,0.63413587,3,7,0,17.744197,0.98467285,3.0411989,2.994586,0.0466129,-0.16073424,-0.96666414,-1.3566522,-1.7496649,-0.14889847,-1.2541547,-2.5044492,-1.0515611,-0.16073424,-0.14889847,7,5,3,3,8,5,4,8,8,5,8,1,7,2,8,4,4,5,8,8,-4.0911566,0.20553691,1.7481345,0.35930617,1.3888283
-13.316268,0.99798928,0.63413587,2,3,0,16.541805,0.88167809,2.0505992,1.8079684,0.24263081,-0.43896876,-1.1406506,-1.356652,-1.6259256,-0.34999515,-1.3691089,-2.1919174,-1.0982563,-0.43896876,-0.34999515,8,1,4,3,7,4,5,5,7,5,8,1,4,5,8,3,5,7,8,8,-1.413687,0.50060447,1.6344729,0.81822444,0.81624845
-13.117794,1,0.63413587,2,3,0,13.364448,0.79839805,1.854851,1.4809094,0.37394159,-0.63811381,-1.2772542,-1.3477763,-1.5519724,-0.48567211,-1.4512181,-2.0138893,-1.1295111,-0.63811381,-0.48567211,6,2,4,7,4,1,3,7,8,8,7,2,4,6,8,3,5,5,7,5,-0.88979739,0.77806916,0.99691195,0.77566645,0.2212455
-13.579379,0.94282342,0.63413587,2,3,0,13.731482,0.6730776,1.7607216,1.1851023,0.57561932,-0.93294651,-1.4862648,-1.3391016,-1.472079,-0.67943772,-1.5785427,-1.7991116,-1.1851517,-0.93294651,-0.67943772,8,1,1,5,5,1,4,7,5,8,7,2,4,2,5,3,4,8,7,8,-0.54615618,0.36276184,0.71161667,0.25814737,0.45346929
-13.579379,0.41169869,0.63413587,1,3,0,17.336379,0.6730776,1.7607216,1.1851023,0.57561932,-0.93294651,-1.4862648,-1.3391016,-1.472079,-0.67943772,-1.5785427,-1.7991116,-1.1851517,-0.93294651,-0.67943772,7,3,3,5,8,5,6,6,7,8,7,1,2,4,8,5,5,6,4,6,-0.54615618,0.69751844,2.2605365,1.5767659,0.6837706
-13.595674,0.7457814,0.63413587,2,3,0,16.728803,0.89254044,3.2198735,2.8738673,0.34600619,-0.37324632,-1.1293066,-1.3105679,-1.6130777,-0.28751698,-1.3329088,-2.2684637,-1.043619,-0.37324632,-0.28751698,8,2,3,5,8,1,4,4,6,8,8,4,2,5,8,4,4,7,8,8,-2.4012212,0.65433169,1.3926866,0.91127896,0.48140762
-13.934924,0.9883909,0.63413587,2,3,0,13.990604,0.92216325,3.0996465,2.8583801,0.2412664,-0.30553193,-1.0761682,-1.3260121,-1.6548555,-0.2442275,-1.3072593,-2.339193,-1.0456005,-0.30553193,-0.2442275,7,2,3,7,7,2,5,6,5,8,8,2,1,5,8,4,7,7,8,8,-2.5834294,0.12929314,1.4307983,0.18499241,1.2458059
-13.404375,0.98937767,0.63413587,3,7,0,14.181464,0.71503207,3.017326,2.1574848,0.85984112,-0.81600263,-1.4506633,-1.2723602,-1.4373004,-0.57837304,-1.5222614,-1.8758759,-1.1033075,-0.81600263,-0.57837304,5,2,5,2,8,5,4,3,3,8,6,4,2,6,8,5,6,7,8,8,-1.4674195,0.48191091,2.0968853,1.0105119,1.0863734
-14.706407,0.87157705,0.63413587,2,3,0,15.144168,0.76053867,5.4509248,4.1456391,1.3052857,-0.68273672,-1.3907691,-1.2292934,-1.4361237,-0.47388883,-1.4605945,-1.9892473,-1.0363459,-0.68273672,-0.47388883,6,4,1,6,8,3,2,6,8,5,5,4,5,3,8,4,5,5,6,8,-3.8434751,0.47495852,1.0251091,0.48688431,0.53822482
-15.196254,0.90243254,0.63413587,1,1,0,15.314072,0.69014779,5.6597351,3.9060536,1.7536814,-0.87192477,-1.5317867,-1.2164635,-1.3744483,-0.59480444,-1.548377,-1.8392571,-1.0692557,-0.87192477,-0.59480444,7,2,2,3,8,2,5,5,7,6,6,1,3,6,6,4,4,5,8,8,-3.8740748,0.68660557,2.8199153,1.9361695,0.88374574
-14.379019,1,0.63413587,2,3,0,15.414567,0.66387502,4.203547,2.7906298,1.4129171,-0.94528049,-1.5684679,-1.2368509,-1.3759243,-0.64979427,-1.5822887,-1.7847422,-1.1032478,-0.94528049,-0.64979427,8,1,4,7,8,2,5,7,8,8,7,1,4,4,7,4,4,7,8,7,-2.4733429,0.90631589,3.8603011,3.4986522,0.36164886
-13.172669,1,0.63413587,2,3,0,14.303083,0.81732068,3.0338313,2.4796131,0.55421825,-0.56012923,-1.2632695,-1.2917708,-1.5277075,-0.41223545,-1.4102678,-2.0860213,-1.064134,-0.56012923,-0.41223545,5,7,5,5,7,5,5,4,6,5,8,2,1,6,6,2,5,7,8,8,-1.7928479,0.18314002,0.64466949,0.11806478,0.52660471
-13.240548,0.98622962,0.63413587,2,3,0,13.328061,0.75598931,3.0148161,2.2791688,0.73564736,-0.71257746,-1.3749061,-1.2785569,-1.4698039,-0.51159464,-1.4760713,-1.9559323,-1.0855164,-0.71257746,-0.51159464,5,2,2,3,8,4,6,3,6,7,8,2,7,5,8,1,6,7,8,8,-1.5646847,0.22049905,2.1427226,0.47246829,1.6702543
-13.068516,0.99293618,0.63413587,2,7,0,13.366294,0.7641735,2.113765,1.6152832,0.49848178,-0.70930787,-1.3419923,-1.3227029,-1.5095894,-0.52519475,-1.4785295,-1.9565408,-1.1227635,-0.70930787,-0.52519475,8,2,7,6,7,7,4,7,8,6,7,2,1,5,7,3,5,8,8,8,-0.90224331,0.5247964,2.5372942,1.3315629,1.2057314
-13.087255,0.99525876,0.63413587,2,7,0,13.182465,0.78902903,2.7732374,2.1881648,0.5850726,-0.63449314,-1.3109745,-1.2943199,-1.5062042,-0.46424438,-1.4429192,-2.0194995,-1.0821715,-0.63449314,-0.46424438,6,2,2,6,8,2,5,7,6,8,6,5,3,7,8,2,4,7,5,8,-1.4607198,0.53428133,3.252698,1.7378558,1.5148422
-13.693358,0.93807636,0.63413587,2,3,0,13.70692,0.89299455,3.4193143,3.053429,0.36588525,-0.36767237,-1.1294026,-1.3052923,-1.6110766,-0.28174166,-1.3296598,-2.2760917,-1.0376545,-0.36767237,-0.28174166,5,1,3,3,6,4,4,7,6,8,8,1,2,5,8,4,5,8,7,8,-2.5867423,0.58734808,2.6978793,1.5845942,1.1132851
-13.693358,0.78930486,0.63413587,2,3,0,17.92754,0.89299455,3.4193143,3.053429,0.36588525,-0.36767237,-1.1294026,-1.3052923,-1.6110766,-0.28174166,-1.3296598,-2.2760917,-1.0376545,-0.36767237,-0.28174166,3,1,3,6,8,4,3,7,8,8,8,3,1,6,8,1,5,8,8,7,-2.5867423,0.77198603,0.99563592,0.76861702,0.22701889
-14.027224,0.96611438,0.63413587,1,1,0,14.041068,0.90446996,3.8103985,3.446391,0.36400752,-0.33204925,-1.1100929,-1.3007365,-1.6226285,-0.25472201,-1.313789,-2.3173462,-1.0266309,-0.33204925,-0.25472201,4,3,2,3,5,1,4,5,7,7,7,2,3,7,8,2,6,8,8,8,-3.0514702,0.38477402,1.4887508,0.57283264,0.9159182
-13.018893,0.9908345,0.63413587,3,7,0,14.41645,0.81883537,2.2208301,1.8184943,0.40233586,-0.57701241,-1.2496489,-1.3279881,-1.5533159,-0.43662459,-1.4222237,-2.066374,-1.0996557,-0.57701241,-0.43662459,8,1,3,4,7,3,3,8,8,8,7,3,6,4,7,3,5,8,8,8,-1.1620726,0.74855252,2.5578591,1.9146919,0.64316724
-13.956335,0.89364727,0.63413587,3,7,0,14.99527,0.71521561,1.2841036,0.91841092,0.36569265,-0.84982813,-1.3911686,-1.3956224,-1.5421243,-0.64570521,-1.5486259,-1.8641242,-1.2145319,-0.84982813,-0.64570521,5,2,2,4,7,1,2,6,7,5,8,3,2,6,6,2,3,4,7,7,-0.66793787,0.18364929,1.6630923,0.30542573,1.3576666
-13.712689,1,0.63413587,1,1,0,13.950436,0.72634951,1.3976227,1.0151626,0.38246014,-0.82032462,-1.3795964,-1.3815323,-1.5354965,-0.6209432,-1.5339507,-1.8809923,-1.1964335,-0.82032462,-0.6209432,6,2,1,5,5,7,2,3,7,5,8,1,7,6,8,3,3,5,7,7,-0.64129664,0.41188871,2.0259736,0.83447565,1.191498
-13.04595,1,0.63413587,2,7,0,13.653158,0.82892703,2.1386275,1.7727662,0.36586137,-0.55634673,-1.2310013,-1.3354787,-1.566516,-0.42493828,-1.4145674,-2.0841513,-1.1020746,-0.55634673,-0.42493828,8,5,2,6,7,3,1,5,8,7,8,3,3,4,8,3,7,6,7,8,-1.156467,0.65892098,0.98794511,0.65097776,0.33696735
-13.049679,0.9980002,0.63413587,2,5,0,13.09311,0.79262982,2.642804,2.0947653,0.54803873,-0.62832691,-1.3024943,-1.3005707,-1.5134904,-0.46224297,-1.440873,-2.0241295,-1.0863117,-0.62832691,-0.46224297,7,1,2,4,7,5,3,7,7,6,6,2,2,5,7,4,4,8,8,7,-1.366861,0.69355473,3.0409186,2.1090435,0.93187511
-13.008604,0.99410101,0.63413587,3,7,0,13.108553,0.80439373,2.4013236,1.9316096,0.46971395,-0.60577234,-1.2777506,-1.3146609,-1.5326589,-0.45175673,-1.4327453,-2.0422914,-1.0938859,-0.60577234,-0.45175673,8,1,3,1,6,6,5,4,4,6,6,4,4,5,8,4,7,4,7,7,-1.2262548,0.074994397,1.3437623,0.10077464,1.2429876
-13.844829,0.8539726,0.63413587,1,3,0,14.856856,0.86814897,4.0377192,3.5053418,0.53237743,-0.41788728,-1.1776465,-1.282018,-1.5715654,-0.30940891,-1.3476439,-2.2292726,-1.0260045,-0.41788728,-0.30940891,8,1,4,4,8,5,6,8,6,7,8,1,7,2,8,2,6,7,5,8,-2.9842911,0.68315184,2.4940673,1.7038266,0.79024061
-13.209129,0.99911239,0.63413587,2,3,0,13.913395,0.72289002,2.4966645,1.8048139,0.69185064,-0.80188843,-1.4246981,-1.2950012,-1.460949,-0.57722668,-1.5169727,-1.8858759,-1.1192936,-0.80188843,-0.57722668,7,3,2,2,3,5,5,6,7,5,7,3,1,4,7,1,3,6,7,7,-1.0552245,0.18963836,6.0757606,1.1521973,4.9235633
-15.04079,0.81823777,0.63413587,2,3,0,15.701396,0.80987703,0.90848964,0.73576489,0.17272475,-0.68745002,-1.2319744,-1.4775002,-1.6572294,-0.56578055,-1.4985022,-1.9967124,-1.2510464,-0.68745002,-0.56578055,7,6,5,5,6,2,6,8,7,4,3,4,3,2,7,5,8,6,8,7,-1.4544346,0.36541861,0.83616537,0.30555039,0.53061498
-13.183694,1,0.63413587,2,3,0,14.864319,0.81020915,1.7564216,1.4230688,0.33335275,-0.61563098,-1.2553036,-1.3584307,-1.5681071,-0.47399847,-1.4433978,-2.0326307,-1.1342107,-0.61563098,-0.47399847,8,1,1,4,8,2,5,7,8,7,8,4,2,1,8,4,6,8,7,8,-0.9033376,0.82864033,1.0366607,0.85901883,0.17764183
-14.737047,0.84532914,0.63413587,2,3,0,14.78607,0.9235052,1.2453399,1.1500779,0.095262033,-0.41463307,-1.0708269,-1.4453226,-1.7129229,-0.36300723,-1.3811701,-2.2142108,-1.174202,-0.41463307,-0.36300723,8,3,6,7,7,5,3,7,7,8,8,1,3,6,6,5,2,4,8,8,-1.7524084,0.67043062,1.0307096,0.69101928,0.33969032
-14.346042,1,0.63413587,1,1,0,14.777047,0.92241251,1.4317064,1.3206239,0.11108251,-0.39508433,-1.0719465,-1.4220234,-1.6995509,-0.34108371,-1.3668033,-2.2317192,-1.1499211,-0.39508433,-0.34108371,8,3,2,4,8,5,6,5,8,8,5,1,4,5,8,2,6,8,7,8,-1.6534972,0.76786651,1.3141695,1.0091068,0.30506275
-14.224279,1,0.63413587,1,1,0,14.433165,0.91722656,1.4530716,1.3327958,0.12027574,-0.40379138,-1.0799559,-1.4179363,-1.6926051,-0.34592748,-1.3691948,-2.2232427,-1.147658,-0.40379138,-0.34592748,8,2,2,5,6,3,3,5,7,7,8,4,4,7,8,1,6,8,8,8,-1.5898793,0.18684942,4.3473165,0.81229359,3.5350229
-14.804477,0.98588571,0.63413587,2,3,0,14.888561,0.94526167,1.4703006,1.3898188,0.0804818,-0.34314283,-1.0365437,-1.425979,-1.723641,-0.30505646,-1.3471176,-2.2832665,-1.1451951,-0.34314283,-0.30505646,7,1,5,3,7,2,5,7,8,8,8,1,3,4,8,5,5,8,8,8,-1.9703177,0.70948605,6.0909503,4.3214443,1.769506
-14.587965,0.95073361,0.63413587,2,3,0,15.802257,0.5438445,2.5721433,1.398846,1.1732973,-1.260315,-1.7587258,-1.2940625,-1.375141,-0.86824147,-1.731549,-1.6015483,-1.2211698,-1.260315,-0.86824147,7,5,4,4,8,3,3,7,8,8,7,4,4,5,7,7,6,7,6,8,-0.89938227,0.67266745,1.8657235,1.2550115,0.61071203
-15.043474,0.90177065,0.63413587,1,1,0,15.338591,0.50940324,2.7734312,1.4127948,1.3606364,-1.3560127,-1.8338121,-1.2922099,-1.3610763,-0.92500531,-1.7795125,-1.552857,-1.2408651,-1.3560127,-0.92500531,5,3,4,1,8,2,2,5,5,8,7,4,2,3,8,6,5,4,8,8,-1.0545423,0.41461238,2.4841415,1.0299558,1.4541857
-13.055086,1,0.63413587,3,7,0,14.9537,0.81530112,2.0193824,1.6464047,0.37297766,-0.59253987,-1.2521776,-1.3396758,-1.5586135,-0.45146248,-1.4305948,-2.0522415,-1.1131073,-0.59253987,-0.45146248,6,3,5,2,6,3,2,6,6,7,8,6,4,5,8,3,5,6,7,8,-1.0302359,0.2353568,1.9111754,0.44980812,1.4613672
-17.316326,0.80523976,0.63413587,3,7,0,17.603549,0.80998751,9.4445974,7.6500059,1.7945915,-0.53820953,-1.3062759,-1.213425,-1.4704853,-0.36961966,-1.3949,-2.1298851,-0.9896167,-0.53820953,-0.36961966,6,3,3,6,2,6,6,6,7,7,8,2,5,6,7,4,5,5,7,8,-7.3701205,0.40858009,1.1182992,0.45691481,0.66138444
-13.876779,1,0.63413587,3,7,0,17.28726,0.89412074,3.746337,3.3496776,0.39665937,-0.35850921,-1.1287105,-1.2979319,-1.6089482,-0.27269235,-1.3245677,-2.2885618,-1.0290411,-0.35850921,-0.27269235,7,1,4,3,8,2,5,6,7,8,8,2,8,6,8,2,3,6,8,8,-2.9000231,0.82228182,2.6080076,2.1445172,0.46349037
-14.43964,0.89818098,0.63413587,2,3,0,16.074599,0.67674582,4.4326361,2.9997679,1.4328682,-0.91027536,-1.5462295,-1.2331517,-1.3803017,-0.62582039,-1.5658629,-1.8095044,-1.092069,-0.91027536,-0.62582039,6,3,3,2,6,6,4,5,7,8,4,1,5,6,7,4,3,5,8,8,-2.709548,0.32482475,3.3055168,1.0737136,2.2318031
-14.915601,0.88500464,0.63413587,1,1,0,15.0549,0.62215337,4.5076476,2.8044481,1.7031995,-1.059058,-1.6556066,-1.2311406,-1.3479397,-0.7201867,-1.637301,-1.7096828,-1.125009,-1.059058,-0.7201867,4,2,6,6,8,6,4,7,8,6,8,3,3,3,8,2,6,6,7,6,-2.7083722,0.51794096,2.074025,1.0742225,0.99980251
-18.742582,0.49738734,0.63413587,3,7,0,21.629459,0.76717119,0.48067003,0.3687562,0.11191383,-0.85461091,-1.2713707,-1.6231113,-1.7613113,-0.73335788,-1.6069378,-1.9541149,-1.4054085,-0.85461091,-0.73335788,7,2,2,5,7,5,4,8,6,8,4,1,1,5,5,3,6,7,6,8,-3.489318,0.36911303,2.0365603,0.75172094,1.2848394
-14.939599,1,0.63413587,2,3,0,19.252795,0.53905751,1.403713,0.75668206,0.64703098,-1.2490533,-1.6876312,-1.3824855,-1.4635719,-0.89517045,-1.7246818,-1.6338078,-1.2894424,-1.2490533,-0.89517045,8,5,3,2,6,5,1,7,6,5,7,2,1,5,7,4,3,7,5,5,-0.41623701,0.26001702,1.5463629,0.40208067,1.1442822
-13.747139,1,0.63413587,3,7,0,15.043327,0.83741123,1.3440748,1.1255433,0.21853146,-0.58280308,-1.2025562,-1.4079005,-1.6223871,-0.46872413,-1.439386,-2.0629926,-1.1709688,-0.58280308,-0.46872413,6,2,1,4,6,5,4,6,8,7,5,1,3,5,7,2,3,5,6,8,-1.0396281,0.51415555,1.2617223,0.64872153,0.61300077
-16.774202,0.82755719,0.63413587,3,7,0,17.023004,0.93216209,0.79055312,0.73692365,0.05362947,-0.4830712,-1.0664225,-1.534865,-1.7713,-0.44254593,-1.4363729,-2.1708361,-1.2643764,-0.4830712,-0.44254593,8,1,2,6,8,6,6,8,6,7,7,7,1,4,8,3,5,6,7,8,-2.6828898,0.59463959,2.029761,1.2069762,0.82278475
-14.399786,1,0.63413587,3,7,0,17.370263,0.94913508,2.3217889,2.2036913,0.11809761,-0.27228334,-1.028364,-1.3671374,-1.7037791,-0.23400064,-1.3026622,-2.3662176,-1.0789386,-0.27228334,-0.23400064,5,5,5,1,6,5,4,3,6,6,8,1,5,2,8,3,4,7,8,8,-2.3516716,0.48862778,2.3321505,1.1395535,1.192597
-14.099865,1,0.63413587,2,3,0,14.680893,0.93231954,1.8467366,1.7217486,0.12498798,-0.33814782,-1.0561644,-1.3884853,-1.6931247,-0.28881937,-1.3349351,-2.2906723,-1.1097291,-0.33814782,-0.28881937,8,2,3,3,7,2,4,5,7,7,8,3,3,4,8,2,7,5,6,7,-1.8232022,0.9416141,1.2927864,1.2173059,0.075480501
-13.640569,0.97742756,0.63413587,3,7,0,14.683819,0.8998318,1.7620659,1.5855629,0.17650296,-0.4154424,-1.1086106,-1.3832785,-1.6578044,-0.34241901,-1.3652233,-2.2127311,-1.1181767,-0.4154424,-0.34241901,8,3,3,5,8,2,7,6,8,7,7,2,3,7,8,4,5,7,8,7,-1.4390564,0.62479289,1.0296093,0.64329257,0.38631673
-14.962222,0.92104326,0.63413587,2,3,0,15.413857,0.82521564,0.9320067,0.76910651,0.16290019,-0.65423106,-1.2110986,-1.4750068,-1.6636569,-0.54198123,-1.4845975,-2.0201393,-1.2425853,-0.65423106,-0.54198123,8,7,4,2,6,2,5,2,8,6,8,3,2,6,8,4,6,6,6,8,-1.4659847,0.38857994,1.899841,0.7382401,1.1616009
-13.664559,0.99705815,0.63413587,2,3,0,15.371058,0.86650407,1.4737905,1.2770454,0.19674503,-0.50971483,-1.1592732,-1.4000514,-1.6387896,-0.41489226,-1.4076932,-2.1248258,-1.1503066,-0.50971483,-0.41489226,3,5,2,5,6,5,4,3,7,7,6,4,3,3,6,3,5,7,8,8,-1.1652701,0.10374651,3.0818648,0.31973271,2.7621321
-13.957611,0.98843065,0.63413587,3,7,0,14.266951,0.78536431,4.4293519,3.478655,0.95069699,-0.62360312,-1.3356743,-1.2496987,-1.4715087,-0.44100916,-1.4346919,-2.0367617,-1.0407902,-0.62360312,-0.44100916,7,6,3,4,6,3,4,7,8,7,8,1,7,4,7,5,6,7,8,7,-2.9670934,0.49082489,1.9523212,0.95824784,0.99407335
-13.116266,0.93114373,0.63413587,3,7,0,14.631979,0.81317247,1.8683543,1.5192943,0.34906002,-0.60370796,-1.252793,-1.3500561,-1.5642996,-0.46282581,-1.436976,-2.0425298,-1.1244766,-0.60370796,-0.46282581,8,1,3,4,6,3,3,6,4,7,8,2,4,7,8,1,6,8,8,7,-0.95274357,0.45996541,1.9864458,0.91369637,1.0727495
-13.117511,0.96557266,0.63413587,2,3,0,13.502019,0.75509004,2.0013541,1.5112025,0.49015155,-0.73384426,-1.3546669,-1.3287021,-1.5083938,-0.54390043,-1.4898722,-1.9376299,-1.1331579,-0.73384426,-0.54390043,6,4,4,2,7,4,5,4,3,5,8,1,6,6,8,4,7,8,7,7,-0.8156397,0.048652117,2.1487358,0.10454055,2.0441953
-13.199545,0.91037854,0.63413587,3,7,0,14.122095,0.72840485,2.5700714,1.8720525,0.69801892,-0.78724408,-1.4165185,-1.2922078,-1.4620922,-0.5664848,-1.5102506,-1.8968326,-1.1136836,-0.78724408,-0.5664848,4,5,1,3,8,5,4,7,6,8,8,1,2,4,8,1,6,6,7,8,-1.1240943,0.26741157,4.2290714,1.1309027,3.0981688
-13.105092,0.99910035,0.63413587,2,7,0,13.318891,0.7485984,2.1406715,1.6025033,0.53816825,-0.74574633,-1.3697887,-1.3183966,-1.4960625,-0.54819617,-1.4939842,-1.9282859,-1.1269043,-0.74574633,-0.54819617,5,4,4,4,6,1,3,6,6,7,7,1,3,4,8,5,8,5,7,8,-0.87464817,0.41351326,1.9818617,0.81952609,1.1623356
-13.384104,0.98800439,0.63413587,2,3,0,13.398059,0.85415116,3.3189815,2.8349119,0.48406961,-0.46435211,-1.1990782,-1.2940543,-1.5635095,-0.34629374,-1.3692177,-2.1777626,-1.0463889,-0.46435211,-0.34629374,6,3,2,5,5,3,1,4,6,8,7,1,4,5,7,1,6,6,8,8,-2.2296278,0.26461638,2.6283701,0.69550977,1.9328603
-13.68073,0.83308144,0.63413587,3,7,0,15.945282,0.91649848,2.2097167,2.025202,0.18451471,-0.3519183,-1.0831204,-1.3596888,-1.6628623,-0.28898037,-1.3336903,-2.280147,-1.0853343,-0.3519183,-0.28898037,6,2,2,4,6,4,2,7,4,6,8,2,4,6,7,2,5,8,7,8,-1.8168685,0.20215673,6.7122435,1.3569252,5.3553183
-14.030273,0.98987687,0.63413587,2,3,0,14.080285,0.9314603,1.9422788,1.8091556,0.13312321,-0.33356667,-1.057629,-1.3815183,-1.6890792,-0.28316749,-1.3313147,-2.2963329,-1.1024957,-0.33356667,-0.28316749,8,1,5,5,8,3,5,8,8,8,8,3,3,4,8,4,8,8,8,6,-1.8509528,0.68810783,3.950503,2.7183721,1.232131
-13.515247,0.98038906,0.63413587,2,7,0,14.34542,0.74856539,1.4880197,1.11388,0.37413965,-0.76690895,-1.3479045,-1.3735354,-1.5406802,-0.58231023,-1.509958,-1.9170688,-1.1784133,-0.76690895,-0.58231023,6,1,2,6,6,4,4,6,8,5,8,1,4,3,6,4,3,7,6,7,-0.67652527,0.31484501,1.1300325,0.3557851,0.7742474
-13.238101,0.96993884,0.63413587,2,3,0,13.971749,0.86284837,1.9233225,1.6595357,0.26378683,-0.48815213,-1.1707937,-1.3592767,-1.6103378,-0.38559861,-1.390105,-2.1447433,-1.1098854,-0.48815213,-0.38559861,8,2,2,2,8,1,5,7,7,6,6,6,3,6,8,6,4,7,8,8,-1.225327,0.47801524,2.1429441,1.0243599,1.1185842
-13.331029,0.97777886,0.63413587,2,3,0,13.603249,0.6943089,2.3476353,1.6299841,0.71765122,-0.87438381,-1.4719995,-1.2997769,-1.4482712,-0.62677292,-1.5498286,-1.8339867,-1.1394168,-0.87438381,-0.62677292,7,2,1,3,8,3,3,8,7,8,8,5,3,2,8,4,3,6,7,8,-0.88882636,0.7453227,1.1229783,0.83698125,0.28599708
-13.211056,0.94812735,0.63413587,2,3,0,13.96586,0.8139188,1.7246138,1.4036956,0.32091821,-0.60884239,-1.2484653,-1.3620259,-1.5733472,-0.47059074,-1.4411488,-2.0383617,-1.1359817,-0.60884239,-0.47059074,4,3,3,5,8,1,3,7,6,7,7,1,4,4,8,4,4,7,8,7,-0.91039517,0.58024397,1.0106452,0.58642078,0.42422442
-14.364128,0.91462721,0.63413587,2,3,0,14.394666,0.6632068,1.2065319,0.80018018,0.40635175,-0.96632164,-1.4676488,-1.4040156,-1.5270097,-0.72523568,-1.5998391,-1.7934097,-1.2462971,-0.96632164,-0.72523568,4,1,5,4,8,6,3,5,6,8,7,2,2,5,7,2,3,8,6,6,-0.63158904,0.67418949,1.332903,0.89862918,0.4342738
-13.043643,1,0.63413587,2,3,0,14.24524,0.79331439,2.0429849,1.6207293,0.42225558,-0.6428167,-1.2901301,-1.3330537,-1.5375576,-0.48366951,-1.4510973,-2.0100332,-1.117678,-0.6428167,-0.48366951,6,4,4,4,7,3,3,7,8,8,8,4,4,5,7,4,5,8,7,7,-0.95744028,0.65501072,2.2108357,1.4481211,0.7627146
-13.703719,0.84445902,0.63413587,3,7,0,14.728106,0.66862123,3.0831195,2.0614391,1.0216803,-0.93491132,-1.5390087,-1.2662974,-1.4047165,-0.65390312,-1.5768182,-1.7913439,-1.1251897,-0.93491132,-0.65390312,3,5,3,5,7,2,3,3,3,6,8,2,4,5,7,5,3,4,8,8,-1.4416271,0.19976818,3.1892275,0.63710618,2.5521213
-13.305944,0.89988833,0.63413587,2,3,0,14.414954,0.86084661,3.0705613,2.6432823,0.42727901,-0.45325043,-1.1851803,-1.3037493,-1.5757603,-0.34184281,-1.3658323,-2.1866201,-1.0529584,-0.45325043,-0.34184281,8,2,2,2,8,3,3,7,8,8,8,4,5,4,8,3,6,7,7,8,-2.0454997,0.4297151,3.6005191,1.5471974,2.0533217
-13.196672,1,0.63413587,2,3,0,13.297754,0.83936996,2.9980565,2.5164786,0.48157793,-0.50697944,-1.2231265,-1.2993077,-1.5523687,-0.37795351,-1.3882334,-2.1346571,-1.0598171,-0.50697944,-0.37795351,8,2,1,2,7,3,4,7,7,8,7,2,2,5,8,3,6,7,7,8,-1.863505,0.58940539,2.5447554,1.4998925,1.0448628
-13.022732,0.99641013,0.63413587,2,3,0,13.272607,0.8125425,2.5116528,2.0408247,0.47082816,-0.58334047,-1.2651416,-1.3112829,-1.5368207,-0.43512003,-1.4226488,-2.0622877,-1.0862374,-0.58334047,-0.43512003,2,5,4,5,6,4,5,3,6,8,8,2,3,7,5,2,5,7,6,8,-1.3405432,0.17085758,0.77951882,0.1331867,0.64633212
-13.653859,0.96080361,0.63413587,2,7,0,13.664769,0.85517381,3.8220956,3.2685561,0.55353955,-0.45330017,-1.2004703,-1.2819186,-1.5576548,-0.33433042,-1.3628872,-2.1922761,-1.0331105,-0.45330017,-0.33433042,8,2,2,7,8,3,5,8,8,8,8,2,4,6,7,3,6,6,8,7,-2.7024076,0.85084344,2.5102052,2.1357916,0.37441357
-13.654379,0.9966755,0.63413587,3,7,0,13.961517,0.76592537,3.8753314,2.9682147,0.90711676,-0.67826932,-1.3676344,-1.2563392,-1.460438,-0.48050652,-1.4594815,-1.9874714,-1.0587372,-0.67826932,-0.48050652,3,2,1,6,8,4,8,7,8,6,8,2,1,7,8,4,5,6,8,8,-2.3825711,0.64045602,2.3550666,1.5083166,0.84675002
-13.764338,0.83000846,0.63413587,3,7,0,15.448647,0.73581382,1.3489432,0.99257108,0.35637216,-0.80168151,-1.362065,-1.3889126,-1.5466062,-0.61119705,-1.5270995,-1.8951632,-1.1987465,-0.80168151,-0.61119705,8,3,3,5,7,3,3,6,7,5,8,2,4,5,7,2,2,6,7,7,-0.68143008,0.4855473,3.3707613,1.6366641,1.7340973
-15.513139,0.56854508,0.63413587,3,7,0,20.30011,0.9683876,3.4217415,3.313572,0.10816945,-0.18720459,-0.99479136,-1.3384825,-1.7214527,-0.16235629,-1.2606306,-2.4775499,-1.0376776,-0.18720459,-0.16235629,6,5,3,3,8,6,2,6,7,7,8,1,3,5,8,3,4,7,7,8,-3.7272536,0.22057438,4.0038029,0.88313637,3.1206666
-17.17991,0.9684574,0.63413587,2,3,0,17.383479,0.98616939,3.7012538,3.6500632,0.051190594,-0.13796064,-0.96306692,-1.3413612,-1.7496171,-0.1270559,-1.2408802,-2.5406201,-1.032962,-0.13796064,-0.1270559,6,3,2,2,7,4,5,6,7,8,8,1,2,5,8,1,5,8,8,8,-4.7952424,0.31456177,4.2772784,1.3454682,2.9318101
-16.096983,1,0.63413587,2,3,0,17.937089,0.9782229,1.7370689,1.6992405,0.037828331,-0.24739751,-0.98292173,-1.4152415,-1.7558908,-0.23188358,-1.3056742,-2.3862244,-1.1208765,-0.24739751,-0.23188358,7,2,2,3,8,1,2,7,8,8,8,2,3,6,8,3,4,8,8,8,-2.8748775,0.67457001,2.3136842,1.560742,0.75294222
-14.498238,1,0.63413587,2,3,0,16.649721,0.9392406,1.5774983,1.4816504,0.095847848,-0.34512321,-1.0454329,-1.4132064,-1.7116414,-0.30218438,-1.3443126,-2.2815984,-1.1337362,-0.34512321,-0.30218438,8,4,3,4,7,5,5,7,6,5,8,2,5,5,8,2,6,6,6,8,-1.8660184,0.30076697,1.9886152,0.59810977,1.3905054
-14.501529,0.99054518,0.63413587,3,7,0,14.693738,0.95215292,2.4582115,2.3405933,0.11761823,-0.25884995,-1.0232264,-1.362161,-1.7058179,-0.22257313,-1.2959196,-2.3828346,-1.0720336,-0.25884995,-0.22257313,6,5,4,3,7,4,4,6,8,7,8,2,5,6,7,1,6,7,8,8,-2.5073494,0.58948813,2.3681425,1.3959919,0.97215061
-17.008001,0.8705425,0.63413587,2,3,0,17.320331,0.97407316,5.2843794,5.1473722,0.13700728,-0.13945052,-0.98437846,-1.3115028,-1.7256546,-0.1183001,-1.2346111,-2.5535374,-1.0032492,-0.13945052,-0.1183001,7,4,4,5,8,2,6,6,8,8,8,2,7,6,8,1,7,7,8,8,-5.6655766,0.74033061,2.6595109,1.9689174,0.69059358
-16.323198,1,0.63413587,1,1,0,17.065402,0.9648343,5.0688353,4.8905862,0.17824913,-0.16484262,-1.0013707,-1.3090304,-1.7100398,-0.1361675,-1.2447652,-2.5203747,-1.0049329,-0.16484262,-0.1361675,8,2,3,3,8,6,3,6,6,7,8,2,3,5,8,3,3,7,8,8,-5.1702917,0.30777788,2.0647749,0.63549204,1.4292829
-16.153902,1,0.63413587,3,7,0,17.717338,0.40788101,1.8750639,0.76480294,1.1102609,-1.5987725,-1.967747,-1.3712005,-1.4174739,-1.0960782,-1.8961082,-1.4741684,-1.3534938,-1.5987725,-1.0960782,6,5,2,1,7,4,7,6,5,8,6,5,5,3,6,2,3,3,4,7,-0.4918237,0.4837621,1.982487,0.95905208,1.0234349
-15.562262,0.977493,0.63413587,2,3,0,18.147561,0.55935401,1.0269877,0.57444969,0.45253802,-1.1935284,-1.609873,-1.438872,-1.5266535,-0.88278389,-1.7032931,-1.6840466,-1.3234044,-1.1935284,-0.88278389,8,1,3,5,8,5,5,6,6,8,7,5,4,6,6,4,6,5,7,7,-0.74963843,0.77318042,4.7619002,3.681808,1.0800922
-17.068269,0.96900579,0.63413587,2,3,0,17.52792,0.61119088,0.67001581,0.40950755,0.26050826,-1.0911514,-1.4818803,-1.5313201,-1.6323646,-0.85423345,-1.6744413,-1.7795267,-1.3779822,-1.0911514,-0.85423345,6,1,2,1,5,5,4,3,5,3,5,1,3,5,6,1,7,6,6,7,-1.8625176,0.33070304,1.2836793,0.42451665,0.85916267
-18.447597,0.93950314,0.63413587,2,7,0,19.760385,0.91296035,10.35863,9.4570186,0.90161159,-0.26327826,-1.1034727,-1.2504497,-1.6151536,-0.18820351,-1.2769303,-2.424328,-0.96546135,-0.26327826,-0.18820351,5,2,1,5,6,3,2,4,8,7,7,1,4,2,8,3,5,7,7,8,-8.7142036,0.76954323,1.1515089,0.88613585,0.26537302
-17.310472,0.96807885,0.63413587,3,7,0,20.579635,0.51435854,6.2511882,3.2153521,3.0358362,-1.3734378,-1.900787,-1.2243359,-1.2924504,-0.90960564,-1.7979506,-1.5310331,-1.1920699,-1.3734378,-0.90960564,8,3,4,4,7,3,5,7,6,8,5,4,4,2,8,4,3,3,7,7,-4.2514103,0.75597842,2.0467994,1.5473362,0.49946321
-15.534114,1,0.63413587,2,7,0,17.1202,0.96004763,1.3477127,1.2938684,0.053844317,-0.32686005,-1.0150912,-1.4450204,-1.7471579,-0.29966589,-1.3463154,-2.2998708,-1.1602588,-0.32686005,-0.29966589,7,1,1,5,5,4,3,6,7,5,8,1,4,6,5,5,4,6,8,8,-2.3049171,0.27634537,3.5547879,0.98234918,2.5724387
-13.525467,1,0.63413587,2,3,0,15.43686,0.76954474,3.66862,2.8231672,0.84545279,-0.67090821,-1.3585591,-1.2619509,-1.4674191,-0.47752166,-1.4564841,-1.9927997,-1.0619605,-0.67090821,-0.47752166,8,2,3,4,5,1,6,4,8,8,8,3,3,6,7,4,6,7,7,7,-2.1995953,0.59848914,0.54456228,0.32591462,0.21864767
-13.424072,0.9664092,0.63413587,2,5,0,14.003363,0.88113483,1.8114856,1.5961631,0.21532255,-0.45353749,-1.1394364,-1.3732537,-1.6348911,-0.36601749,-1.3786309,-2.1765248,-1.1159716,-0.45353749,-0.36601749,7,5,1,3,7,3,5,7,5,6,8,1,2,4,7,3,7,7,8,7,-1.3040912,0.38246336,1.305121,0.49916098,0.80596007
-15.438569,0.89946638,0.63413587,3,7,0,15.587334,0.96632002,3.4952544,3.3775343,0.1177201,-0.19015698,-0.99843585,-1.3357306,-1.7177551,-0.16360838,-1.2612169,-2.4748951,-1.0354425,-0.19015698,-0.16360838,8,4,3,6,8,3,5,7,6,7,8,3,2,6,8,2,6,7,8,8,-3.7338561,0.86150994,5.3093845,4.5740875,0.73529699
-17.519886,0.88999785,0.63413587,3,7,0,19.355851,0.54285678,7.0278271,3.8151036,3.2127235,-1.2920873,-1.8476649,-1.211297,-1.2910678,-0.85622394,-1.7573086,-1.5724714,-1.1633426,-1.2920873,-0.85622394,5,3,1,3,6,4,6,5,3,6,8,3,1,4,7,3,6,7,8,7,-4.9363203,0.44683865,2.2373592,0.99973857,1.2376206
-15.737205,1,0.63413587,2,3,0,18.192615,0.53241536,4.3706229,2.3269868,2.0436361,-1.3099858,-1.8349749,-1.2444298,-1.3203166,-0.87942367,-1.7615717,-1.5665048,-1.1932518,-1.3099858,-0.87942367,8,1,4,5,7,8,3,5,7,7,8,2,3,7,8,5,4,6,6,5,-2.521736,0.72929261,1.2348787,0.90058794,0.3342908
-14.142655,1,0.63413587,2,3,0,15.912437,0.89218486,4.2283911,3.7725066,0.45588457,-0.35548561,-1.1340054,-1.2876573,-1.6019423,-0.26702848,-1.3216871,-2.2955794,-1.0188585,-0.35548561,-0.26702848,8,1,3,2,6,3,5,8,7,7,8,1,7,3,8,3,6,7,8,8,-3.3382993,0.53442379,1.2195493,0.65175615,0.56779312
-14.260929,0.98274007,0.63413587,2,7,0,14.845929,0.64895175,3.8423626,2.4935079,1.3488547,-0.98568635,-1.5919865,-1.2442523,-1.3741872,-0.67844783,-1.601197,-1.7572041,-1.1186825,-0.98568635,-0.67844783,8,3,2,6,8,4,3,8,5,8,6,2,5,5,7,3,6,8,7,8,-2.1120098,0.49873146,1.3362527,0.66643128,0.66982146
-14.075572,0.54076722,0.63413587,1,3,0,17.663869,0.93043112,3.0600845,2.8471979,0.21288666,-0.2870896,-1.061486,-1.330731,-1.6670153,-0.23250729,-1.3005074,-2.3589434,-1.0468209,-0.2870896,-0.23250729,7,2,5,2,8,3,1,7,8,7,8,4,2,5,8,1,5,7,8,8,-2.6517719,0.74586058,3.8046337,2.8377263,0.9669074
-14.319749,0.97548289,0.63413587,2,7,0,14.907959,0.94223655,1.8783001,1.769803,0.1084971,-0.31415368,-1.040047,-1.3900902,-1.7046555,-0.27203986,-1.3255903,-2.3159558,-1.1073122,-0.31415368,-0.27203986,7,4,5,4,7,4,7,8,5,6,8,2,2,6,8,5,5,6,8,8,-1.9831797,0.58108483,1.375829,0.79947336,0.57635564
-13.759313,1,0.63413587,2,3,0,14.297083,0.62836144,2.2207543,1.3954364,0.82531794,-1.0394313,-1.5863615,-1.3050151,-1.4200661,-0.73520064,-1.6255979,-1.7274639,-1.1806426,-1.0394313,-0.73520064,6,1,2,2,6,1,3,6,3,8,8,2,4,3,8,1,3,5,6,8,-0.70827612,0.47079317,0.96620645,0.4548834,0.51132305
-14.089092,0.91936288,0.63413587,1,1,0,14.209792,0.58952463,2.325464,1.3709183,0.95454571,-1.138423,-1.6620091,-1.3009357,-1.3995839,-0.79592152,-1.6721995,-1.6689383,-1.1994834,-1.138423,-0.79592152,7,2,1,2,2,5,4,2,7,8,4,2,3,4,8,4,6,6,6,5,-0.74229426,0.22474385,1.0237263,0.23007618,0.79365007
-14.376586,0.96184404,0.63413587,2,7,0,15.107073,0.93616653,3.45493,3.2343898,0.22054017,-0.26293111,-1.0520624,-1.322481,-1.6715139,-0.21224348,-1.2887043,-2.3901674,-1.0347338,-0.26293111,-0.21224348,8,2,2,4,6,6,2,7,8,8,7,1,3,7,8,4,2,8,8,8,-3.088937,0.27633007,2.6986209,0.7457101,1.9529108
-14.258399,1,0.63413587,2,3,0,14.568499,0.94054487,2.9225607,2.7487995,0.17376123,-0.26758144,-1.0435135,-1.3394834,-1.6831178,-0.22132279,-1.2942535,-2.3789664,-1.0518085,-0.26758144,-0.22132279,3,7,2,4,4,2,4,8,7,7,8,3,5,4,8,2,2,8,7,7,-2.6780781,0.28796981,2.1129548,0.6084672,1.5044876
-14.141169,0.99396943,0.63413587,2,3,0,14.81624,0.93798391,2.0356558,1.9094123,0.12624342,-0.31320278,-1.0469551,-1.3781139,-1.6948625,-0.26732579,-1.322147,-2.3186565,-1.0959529,-0.31320278,-0.26732579,8,3,3,3,8,3,5,7,7,7,8,1,3,7,8,3,6,8,8,8,-1.9898582,0.43217501,4.4457238,1.9213307,2.5243931
-13.059434,0.97962,0.63413587,1,3,0,14.680557,0.82940467,2.0799274,1.7251015,0.35482589,-0.55750531,-1.2292578,-1.3392693,-1.5694355,-0.42707045,-1.4156645,-2.0828754,-1.1056611,-0.55750531,-0.42707045,6,1,4,7,8,4,4,7,4,7,7,3,5,6,8,3,5,7,8,8,-1.1249441,0.54108755,0.77399611,0.41879966,0.35519645
-13.991642,0.84880232,0.63413587,3,7,0,15.145962,0.93266082,2.6075141,2.4319263,0.17558787,-0.29726933,-1.0566709,-1.3475388,-1.676232,-0.2455235,-1.308363,-2.3425382,-1.0645124,-0.29726933,-0.2455235,4,3,4,7,8,7,7,6,7,7,8,1,4,6,8,4,5,8,7,8,-2.3008712,0.41480027,1.3448015,0.55782403,0.7869775
-13.736258,0.98466321,0.63413587,3,7,0,14.663084,0.73986359,3.8660566,2.8603545,1.0057021,-0.74565927,-1.4170109,-1.2517497,-1.4373964,-0.52417946,-1.4896936,-1.9322917,-1.0699357,-0.74565927,-0.52417946,8,4,3,5,8,6,7,5,7,7,7,4,4,4,8,3,6,5,8,8,-2.3028991,0.73693881,1.5659115,1.153981,0.41193054
-14.236921,0.92505701,0.63413587,2,7,0,15.211471,0.88419594,1.2412488,1.0975071,0.14374164,-0.4954701,-1.1296948,-1.433978,-1.6740191,-0.4166082,-1.4102911,-2.139952,-1.1778193,-0.4954701,-0.4166082,7,6,2,4,8,5,5,6,5,4,6,3,1,6,7,5,6,5,8,7,-1.3841959,0.2489565,1.1845406,0.29489908,0.88964151
-14.251702,0.97861299,0.63413587,2,3,0,15.084269,0.93676978,1.7716645,1.6596417,0.11202273,-0.33396243,-1.0489901,-1.3957989,-1.7011639,-0.2882679,-1.3351234,-2.2943276,-1.115832,-0.33396243,-0.2882679,6,2,8,5,8,4,7,8,8,8,8,2,5,5,8,3,8,6,8,8,-1.8616344,0.97521123,1.6633983,1.6221647,0.041233602
-13.16257,0.99658419,0.63413587,3,7,0,14.34037,0.79621074,3.0100284,2.3966169,0.61341146,-0.61254674,-1.3012911,-1.2871851,-1.5068368,-0.44670358,-1.4326247,-2.0395156,-1.0712252,-0.61254674,-0.44670358,6,6,2,5,6,4,2,3,7,7,8,4,3,5,7,4,5,7,8,7,-1.6887803,0.46684691,1.9304423,0.90122101,1.0292213
-14.047452,0.86895585,0.63413587,2,3,0,14.219213,0.93486919,2.106132,1.968958,0.13717408,-0.31599626,-1.0521588,-1.372671,-1.6890462,-0.26751159,-1.3219477,-2.3165049,-1.0913166,-0.31599626,-0.26751159,7,3,3,6,8,6,4,7,4,6,8,2,2,2,8,5,5,8,8,8,-1.9829383,0.75787393,1.9591994,1.4848261,0.47437324
-13.634789,0.98546311,0.63413587,2,7,0,14.415634,0.69030027,3.2285745,2.2286858,0.99988864,-0.87809584,-1.5011722,-1.262844,-1.414108,-0.61571669,-1.5504807,-1.8309108,-1.1093769,-0.87809584,-0.61571669,4,2,4,3,5,5,4,6,5,6,7,4,5,5,8,2,7,8,6,8,-1.6075312,0.30148374,1.8493087,0.55753649,1.2917722
-13.482805,1,0.63413587,1,1,0,13.680555,0.69769247,2.9871894,2.0841395,0.90304983,-0.86047072,-1.4823247,-1.2716368,-1.426043,-0.60738641,-1.5425125,-1.8433354,-1.1127322,-0.86047072,-0.60738641,8,1,3,6,8,2,4,4,6,8,6,1,5,5,6,4,6,5,7,8,-1.4065522,0.85739371,0.90434191,0.77537707,0.12896485
-13.778769,0.9903093,0.63413587,2,3,0,14.121397,0.81621652,4.1766639,3.409062,0.76760182,-0.5467797,-1.2753411,-1.2624487,-1.5075829,-0.39272366,-1.4015517,-2.1049546,-1.0352373,-0.5467797,-0.39272366,7,1,2,3,8,3,2,8,6,8,8,1,4,6,8,4,5,5,7,8,-2.8450859,0.43470841,1.5827952,0.6880544,0.89474084
-13.778769,0.26296553,0.63413587,3,7,0,21.427889,0.81621652,4.1766639,3.409062,0.76760182,-0.5467797,-1.2753411,-1.2624487,-1.5075829,-0.39272366,-1.4015517,-2.1049546,-1.0352373,-0.5467797,-0.39272366,7,5,2,2,8,2,2,8,8,6,7,2,4,5,8,5,4,6,8,8,-2.8450859,0.42273323,2.2212948,0.93901515,1.2822797
-13.427336,0.98774762,0.63413587,2,7,0,14.042318,0.71256692,3.0428369,2.1682249,0.87461199,-0.82207135,-1.4557522,-1.2711772,-1.4347652,-0.58195348,-1.5249809,-1.8714089,-1.1036764,-0.82207135,-0.58195348,6,2,3,4,6,4,4,6,8,5,5,1,2,6,8,2,5,5,8,7,-1.4846695,0.29794266,1.9657838,0.58569085,1.3800929
-13.24061,1,0.63413587,2,3,0,13.419361,0.87687406,2.2674274,1.9882483,0.27917912,-0.4400636,-1.1506271,-1.3424278,-1.6133455,-0.34587732,-1.3667719,-2.1925987,-1.0855462,-0.4400636,-0.34587732,6,2,1,5,5,5,4,3,8,6,7,1,1,5,5,4,7,6,8,8,-1.5101171,0.61538518,1.5047463,0.92599859,0.57874774
-13.07026,0.88020268,0.63413587,3,7,0,14.790083,0.79770815,1.957523,1.5615321,0.39599096,-0.63564942,-1.2807634,-1.3399289,-1.5457439,-0.48120053,-1.4489994,-2.0158847,-1.122174,-0.63564942,-0.48120053,8,1,5,3,8,5,7,6,8,8,8,3,4,5,5,4,4,7,8,8,-0.93068977,0.98586199,1.7605589,1.7356681,0.024890799
-14.095094,0.89070123,0.63413587,2,3,0,14.483806,0.80115881,4.6671689,3.7391435,0.92802542,-0.58093709,-1.3071802,-1.2497644,-1.4854336,-0.41181575,-1.4157045,-2.0759718,-1.0314204,-0.58093709,-0.41181575,8,5,2,3,8,1,3,7,8,6,8,2,3,5,7,3,4,7,7,8,-3.2477215,0.73236675,3.4442734,2.5224713,0.92180208
-15.268339,0.84987515,0.63413587,2,3,0,16.068081,0.63512206,5.1769288,3.2879817,1.8889471,-1.0238647,-1.6380511,-1.2204937,-1.3449961,-0.69400723,-1.620974,-1.7325719,-1.1081671,-1.0238647,-0.69400723,5,2,1,5,7,4,5,7,5,7,7,1,1,8,8,2,2,8,8,7,-3.3494228,0.30634173,2.1817271,0.66835406,1.5133731
-15.563701,0.90506312,0.63413587,1,1,0,15.905962,0.59081726,5.018742,2.9651594,2.0535826,-1.1475632,-1.7261366,-1.2251321,-1.3266591,-0.77323844,-1.681523,-1.6552635,-1.1407498,-1.1475632,-0.77323844,6,3,2,6,2,5,2,7,5,5,5,2,5,3,8,3,3,6,7,8,-3.1599713,0.1361388,4.6583554,0.63418291,4.0241725
-17.835972,0.81551367,0.63413587,2,3,0,18.115514,0.39843654,4.722625,1.8816664,2.8409586,-1.708088,-2.1238369,-1.2860928,-1.3192951,-1.1238945,-1.9693236,-1.3945886,-1.3114677,-1.708088,-1.1238945,4,3,1,7,7,4,2,7,7,7,5,1,1,5,8,3,5,6,4,8,-2.8913368,0.78194342,1.2353876,0.96600323,0.2693844
-14.412346,1,0.63413587,2,3,0,17.859775,0.9172837,4.1622212,3.8179377,0.34428354,-0.29464802,-1.0876662,-1.2993631,-1.6382827,-0.22737739,-1.2976988,-2.3612642,-1.0183442,-0.29464802,-0.22737739,8,5,3,3,7,4,3,6,5,6,8,1,1,4,8,3,7,5,8,8,-3.5130476,0.24266385,1.148581,0.27871908,0.86986188
-14.348168,0.98606571,0.63413587,2,7,0,15.263325,0.94438145,2.8822006,2.7218968,0.16030383,-0.25996359,-1.0367786,-1.3425156,-1.6891407,-0.21681012,-1.2917646,-2.38699,-1.0534273,-0.25996359,-0.21681012,4,2,2,2,6,4,4,6,8,7,8,1,4,6,8,1,7,6,8,8,-2.706094,0.43360592,1.691243,0.73333297,0.95791002
-13.84574,0.93001965,0.63413587,3,7,0,16.429004,0.66111802,3.2699434,2.1618185,1.1081249,-0.95401083,-1.5574061,-1.2599138,-1.3949124,-0.66388197,-1.5857976,-1.7783713,-1.1242771,-0.95401083,-0.66388197,5,2,3,5,8,5,4,5,5,8,7,2,1,5,7,1,1,7,6,7,-1.5981221,0.27548713,0.80315021,0.22125754,0.58189266
-14.524766,0.98225813,0.63413587,3,7,0,15.414332,0.90710712,4.5699923,4.1454726,0.42451973,-0.31378157,-1.1073918,-1.2882643,-1.6207582,-0.23738097,-1.303986,-2.3432462,-1.0114001,-0.31378157,-0.23738097,7,3,1,5,8,1,5,6,7,8,8,2,2,5,8,4,6,6,7,5,-3.7931025,0.70762777,4.0616196,2.8741148,1.1875048
-13.942712,1,0.63413587,2,3,0,14.766688,0.91596106,3.3483541,3.066962,0.28139213,-0.31388821,-1.0879101,-1.3164113,-1.6433206,-0.24699804,-1.3089074,-2.3326976,-1.0380347,-0.31388821,-0.24699804,8,1,3,4,8,2,3,4,7,8,8,1,1,7,8,4,7,7,8,8,-2.7378703,0.42495982,2.2888685,0.97267714,1.3161914
-14.396898,0.98555077,0.63413587,2,3,0,14.460399,0.92260951,3.9900141,3.681225,0.30878913,-0.28455672,-1.0775544,-1.3048786,-1.6473266,-0.22196222,-1.2944089,-2.3710432,-1.0217473,-0.28455672,-0.22196222,8,1,3,7,8,1,3,7,8,6,8,1,3,5,8,3,5,7,8,6,-3.4112555,0.66813374,1.7090471,1.141872,0.56717506
-13.362035,0.98427609,0.63413587,3,7,0,15.056604,0.69526379,1.9738732,1.3723626,0.60151064,-0.876852,-1.4573182,-1.3234332,-1.4693272,-0.63704764,-1.5523623,-1.8341066,-1.1597653,-0.876852,-0.63704764,7,2,2,5,8,5,6,6,7,7,4,1,2,3,7,2,6,8,7,7,-0.66614811,0.37761821,3.0948331,1.1686653,1.9261678
-13.145022,0.9770752,0.63413587,3,7,0,13.591219,0.86027545,2.2007356,1.8932388,0.30749679,-0.48118667,-1.1782961,-1.340799,-1.596853,-0.37430354,-1.3837237,-2.1529187,-1.0919532,-0.48118667,-0.37430354,7,5,4,4,7,2,4,6,7,8,8,4,4,2,8,3,7,6,8,8,-1.3597043,0.46307985,6.583781,3.0488163,3.5349647
-13.151715,0.95228927,0.63413587,3,7,0,14.007962,0.79599776,1.7980708,1.4312603,0.36681048,-0.64601163,-1.2799022,-1.3518302,-1.5532759,-0.49252152,-1.4551989,-2.0075296,-1.1346574,-0.64601163,-0.49252152,8,2,2,8,8,1,7,7,8,8,8,1,3,4,8,5,6,8,7,7,-0.86118532,0.92333146,2.1030624,1.9418237,0.16123872
-13.117594,0.95934285,0.63413587,1,3,0,13.629541,0.85621539,2.3805112,2.0382303,0.34228088,-0.48381165,-1.1872036,-1.3299366,-1.5866125,-0.37238329,-1.3829454,-2.1517699,-1.0826913,-0.48381165,-0.37238329,7,3,2,3,6,6,4,8,5,7,8,2,5,6,8,1,6,7,8,8,-1.4566883,0.43252857,2.5401527,1.0986886,1.4414641
-13.554079,0.93126972,0.63413587,2,5,0,14.097652,0.87353519,1.5965785,1.3946675,0.20191101,-0.4848616,-1.1495758,-1.38949,-1.6379399,-0.39373953,-1.3951092,-2.1469136,-1.1363146,-0.4848616,-0.39373953,7,3,2,3,8,2,4,7,8,7,7,1,5,5,6,5,2,8,8,8,-1.2063988,0.71336643,1.7167276,1.2246558,0.49207176
-13.477069,0.94964494,0.63413587,3,7,0,14.319178,0.88769939,3.0416132,2.7000382,0.34157503,-0.38927677,-1.1370375,-1.3141582,-1.6094609,-0.30015824,-1.340304,-2.2502866,-1.0499983,-0.38927677,-0.30015824,8,2,4,2,8,3,7,6,7,8,7,1,8,4,7,3,4,8,8,8,-2.2036438,0.76540305,1.0793098,0.82610699,0.25320278
-13.58866,0.91075273,0.63413587,3,7,0,15.817216,0.69943662,3.2423307,2.2678048,0.97452588,-0.8543912,-1.4841994,-1.2632063,-1.4199285,-0.60033039,-1.5395723,-1.8479777,-1.1042892,-0.8543912,-0.60033039,8,3,3,4,7,4,5,8,8,8,6,1,3,4,8,4,3,7,8,8,-1.6367597,0.91707696,3.2699046,2.9987542,0.27115043
-16.805377,0.55554563,0.63413587,3,7,0,17.594859,0.98340761,1.5445263,1.518899,0.025627391,-0.25535399,-0.97686461,-1.4336702,-1.7681896,-0.24380695,-1.3144669,-2.3757302,-1.1394447,-0.25535399,-0.24380695,6,5,3,3,8,3,4,7,7,8,8,2,3,4,8,3,3,6,8,8,-3.1178636,0.41370674,2.2539318,0.93246676,1.321465
-15.075586,1,0.63413587,2,3,0,17.317642,0.9535575,1.466642,1.3985275,0.068114517,-0.32620053,-1.0237772,-1.4294504,-1.7336886,-0.29397042,-1.341367,-2.3005362,-1.1457877,-0.32620053,-0.29397042,8,2,2,5,7,3,2,8,8,8,7,4,3,4,8,2,4,7,8,8,-2.1265163,0.97861922,3.1107526,3.0442423,0.066510302
-14.67981,0.97959277,0.63413587,3,7,0,15.644884,0.95712002,2.4131292,2.3096542,0.10347494,-0.24967237,-1.0148392,-1.3663479,-1.7135659,-0.21728995,-1.2931865,-2.3924657,-1.0745743,-0.24967237,-0.21728995,7,3,2,6,8,3,3,7,8,8,8,4,5,6,7,2,6,7,7,8,-2.5786533,0.76677704,2.2806134,1.748722,0.53189139
-14.933067,0.94516865,0.63413587,3,7,0,16.377983,0.94478654,1.3843028,1.3078706,0.076432142,-0.3537643,-1.0378567,-1.4351806,-1.7274497,-0.31582212,-1.3540266,-2.2725827,-1.1553009,-0.3537643,-0.31582212,7,3,2,6,6,5,4,5,8,7,8,2,4,6,8,3,3,7,8,8,-1.9833486,0.65719001,1.618111,1.0634064,0.55470464
-14.286206,1,0.63413587,2,3,0,15.14508,0.9410982,1.8844595,1.7734614,0.11099805,-0.31621798,-1.0418913,-1.3892121,-1.7030193,-0.2732372,-1.3262009,-2.3138509,-1.1068246,-0.31621798,-0.2732372,8,1,3,4,7,3,5,6,7,7,8,1,3,2,8,3,4,7,8,8,-1.9673464,0.67006204,1.9533013,1.3088331,0.64446826
-15.818025,0.95487897,0.63413587,2,3,0,16.05292,0.97732837,2.5740952,2.5157363,0.058358945,-0.19617929,-0.98030927,-1.3688502,-1.7414742,-0.17899969,-1.2718976,-2.4558088,-1.0687863,-0.19617929,-0.17899969,5,3,4,2,8,4,2,5,6,7,8,2,4,6,8,4,5,7,8,8,-3.3164653,0.21393795,1.7336614,0.37089597,1.3627654
-15.357671,1,0.63413587,2,3,0,16.173898,0.96965489,1.9583511,1.8989247,0.059426381,-0.24836354,-0.99522743,-1.3961156,-1.739131,-0.22624391,-1.3005462,-2.3878336,-1.1028148,-0.24836354,-0.22624391,7,3,1,4,5,7,5,7,4,8,6,1,4,6,8,6,4,8,8,8,-2.6329554,0.40735706,1.9538162,0.79590083,1.1579154
-15.324691,0.97052525,0.63413587,3,7,0,17.471151,0.47852029,1.6819032,0.8048248,0.87707839,-1.4068659,-1.8203402,-1.3646609,-1.4280218,-0.98295358,-1.799993,-1.5529383,-1.3087711,-1.4068659,-0.98295358,7,1,3,3,8,5,4,8,8,5,7,3,5,2,7,1,6,5,7,7,-0.40211062,0.43984278,1.4006169,0.61605124,0.7845657
-16.887017,0.6158915,0.63413587,2,5,0,19.685375,0.98709768,2.116424,2.0891173,0.027306778,-0.19925041,-0.96584583,-1.3946403,-1.7613222,-0.18977135,-1.2802569,-2.4454921,-1.0943127,-0.19925041,-0.18977135,8,1,5,3,6,5,5,6,7,5,8,3,5,3,8,3,6,8,8,8,-3.553497,0.54460385,3.6456162,1.9854166,1.6601996
-14.138349,0.98090396,0.63413587,2,5,0,20.253484,0.91184574,1.4553688,1.3270719,0.12829696,-0.4149062,-1.0883029,-1.4158962,-1.6865945,-0.35317606,-1.3731273,-2.212542,-1.1476816,-0.4149062,-0.35317606,6,3,1,4,7,7,2,4,8,8,8,4,4,7,8,6,3,6,7,8,-1.5323481,0.4012187,1.9662493,0.78889597,1.1773533
-13.899655,0.99743351,0.63413587,3,7,0,14.730626,0.62413385,1.7664697,1.1025135,0.66395616,-1.0499095,-1.5709204,-1.3380029,-1.4493839,-0.75417879,-1.6313008,-1.7272071,-1.2099725,-1.0499095,-0.75417879,7,4,5,3,8,5,4,6,7,8,7,4,1,2,8,6,5,6,7,8,-0.48376099,0.35552862,3.6599974,1.3012338,2.3587636
-13.196179,1,0.63413587,2,3,0,13.948575,0.85980257,2.7612673,2.3741447,0.38712257,-0.46349575,-1.1845634,-1.314312,-1.5807786,-0.35270184,-1.3718009,-2.1741394,-1.0645784,-0.46349575,-0.35270184,8,2,4,3,7,4,2,5,8,6,8,1,5,4,7,2,4,6,8,8,-1.7735452,0.35009332,1.6750124,0.58641063,1.0886017
-13.140847,0.99951952,0.63413587,3,7,0,13.257338,0.74258563,2.5475116,1.8917455,0.65576609,-0.75255137,-1.3904213,-1.2953059,-1.4737362,-0.54444771,-1.4950018,-1.9232153,-1.1086674,-0.75255137,-0.54444771,8,5,1,7,7,4,4,7,7,6,7,1,3,6,8,7,4,7,8,8,-1.140933,0.34002083,1.742022,0.59232377,1.1496982
-13.197924,0.89183212,0.63413587,2,3,0,14.037431,0.84410132,2.9640414,2.5019513,0.46209014,-0.4962413,-1.2143178,-1.3019183,-1.5583979,-0.37136274,-1.3839718,-2.1445085,-1.0599688,-0.4962413,-0.37136274,4,5,1,4,4,6,5,8,7,6,8,3,3,5,7,4,4,7,7,8,-1.8581546,0.21255377,1.311569,0.27877893,1.0327901
-13.134353,0.90767031,0.63413587,3,7,0,14.105864,0.73741081,2.2182128,1.6357341,0.58247872,-0.77097474,-1.391515,-1.3119782,-1.4838508,-0.56278005,-1.5044851,-1.9090783,-1.1269078,-0.77097474,-0.56278005,6,7,2,1,8,6,4,5,4,5,8,4,3,6,8,2,3,7,8,8,-0.89395547,0.27085557,1.1324301,0.30672501,0.82570514
-13.942299,0.9046199,0.63413587,2,3,0,14.172627,0.62061201,1.7379973,1.078622,0.65937532,-1.0584068,-1.5753032,-1.3406102,-1.450422,-0.76054884,-1.6352945,-1.7228245,-1.2139793,-1.0584068,-0.76054884,5,3,5,3,7,2,2,5,7,5,5,2,3,7,6,6,1,6,7,7,-0.47244243,0.51440606,2.6905415,1.3840308,1.3065106
-13.5014,1,0.63413587,1,1,0,13.900563,0.6732457,1.9216371,1.2937339,0.62790318,-0.9305234,-1.4935104,-1.325934,-1.4603297,-0.67300214,-1.5765666,-1.7987241,-1.1736735,-0.9305234,-0.67300214,6,3,2,2,8,2,1,8,7,7,7,3,3,4,8,4,7,7,6,8,-0.6045962,0.53558131,2.2779038,1.2200027,1.0579011
-14.35971,0.95335628,0.63413587,2,3,0,14.599829,0.60246402,1.4343373,0.86413664,0.57020069,-1.1008884,-1.5844543,-1.3729158,-1.4746043,-0.79957776,-1.6563259,-1.7073242,-1.2496891,-1.1008884,-0.79957776,7,2,3,5,7,4,4,8,3,6,5,1,3,3,8,5,5,6,7,4,-0.44497034,0.38591402,1.3303237,0.51339055,0.81693311
-16.434545,0.86865216,0.63413587,2,3,0,16.989187,0.89692997,0.75673569,0.67873892,0.077996769,-0.55519076,-1.1133639,-1.5352342,-1.7487308,-0.49395357,-1.4639829,-2.1130535,-1.276477,-0.55519076,-0.49395357,8,3,2,2,7,4,5,7,7,7,6,4,3,7,8,2,7,7,8,8,-2.425549,0.84664167,2.3033381,1.950102,0.3532361
-15.347404,1,0.63413587,2,3,0,16.335862,0.87781363,0.90799124,0.79704709,0.11094415,-0.55719883,-1.1374702,-1.4919281,-1.7073921,-0.48026151,-1.4510644,-2.0989393,-1.2394495,-0.55719883,-0.48026151,7,3,1,5,8,7,5,7,6,8,8,2,3,4,8,1,6,8,6,6,-1.8171903,0.52469459,3.154129,1.6549544,1.4991746
-13.206239,0.9914319,0.63413587,2,3,0,15.666424,0.81378462,3.121544,2.5402645,0.58127952,-0.56722217,-1.27065,-1.2879289,-1.5220866,-0.41578776,-1.4129276,-2.0801751,-1.0622261,-0.56722217,-0.41578776,7,2,4,5,8,4,4,6,5,8,8,2,4,2,8,3,6,8,8,7,-1.855642,0.57474455,4.1389289,2.3788269,1.7601021
-13.009756,0.99994991,0.63413587,2,3,0,13.211463,0.79362109,2.2648562,1.7974376,0.46741856,-0.63521367,-1.2941483,-1.319486,-1.5278838,-0.4736557,-1.4460508,-2.0168286,-1.1042738,-0.63521367,-0.4736557,7,5,4,5,6,5,6,5,5,8,8,2,6,5,7,2,8,5,7,7,-1.0916666,0.47267525,4.0555805,1.9169725,2.138608
-13.137275,0.97842616,0.63413587,1,3,0,13.282995,0.78656838,1.8299709,1.4393972,0.39057365,-0.66627867,-1.2964877,-1.3472976,-1.5434317,-0.50476137,-1.463151,-1.9910656,-1.1349135,-0.66627867,-0.50476137,5,3,3,6,6,4,5,8,8,8,8,4,2,3,8,1,4,7,7,8,-0.83863395,0.57687775,2.9344217,1.6928026,1.2416191
-13.438599,0.8592633,0.63413587,1,3,0,14.410625,0.89792639,2.5221046,2.2646642,0.25744031,-0.38119648,-1.1162399,-1.3374433,-1.6321263,-0.30235949,-1.3411819,-2.2534204,-1.0699889,-0.38119648,-0.30235949,8,2,2,5,7,5,6,6,7,8,7,2,4,6,7,3,6,7,6,8,-1.8564522,0.60796467,1.8455933,1.1220555,0.72353777
-13.653189,0.98495172,0.63413587,2,7,0,13.858966,0.68293457,3.1736914,2.1674236,1.0062678,-0.89743806,-1.5139685,-1.2640645,-1.4108409,-0.62877514,-1.5594255,-1.8172031,-1.1147987,-0.89743806,-0.62877514,8,2,4,6,8,4,5,7,7,8,7,3,3,3,7,2,2,8,7,8,-1.5453535,0.83520471,1.5674969,1.3091808,0.25831611
-13.211443,0.87872343,0.63413587,1,3,0,15.354229,0.82941779,1.7570018,1.4572886,0.29971326,-0.5722882,-1.2236025,-1.3629724,-1.5854873,-0.44564126,-1.4259627,-2.0693094,-1.1295192,-0.5722882,-0.44564126,6,4,2,4,6,2,4,5,6,7,8,2,5,5,6,4,4,6,8,8,-0.9867703,0.18677656,2.2985658,0.42931821,1.8692476
-13.796734,0.96640526,0.63413587,2,3,0,13.852597,0.73304351,1.3356023,0.97905459,0.3565477,-0.8084086,-1.3657923,-1.390363,-1.5464072,-0.61622029,-1.5301843,-1.8908225,-1.2013836,-0.8084086,-0.61622029,8,2,2,5,8,4,3,8,8,7,6,1,2,4,8,6,7,5,6,8,-0.68068613,0.67889307,4.3539054,2.9558362,1.3980692
-13.032458,0.97667231,0.63413587,2,3,0,14.070621,0.82298115,2.5080835,2.0641055,0.44397807,-0.55845644,-1.2467092,-1.31417,-1.5474033,-0.4189332,-1.4123322,-2.0842643,-1.0836377,-0.55845644,-0.4189332,7,2,5,3,7,2,6,6,7,8,8,5,3,4,7,4,2,8,8,8,-1.3823602,0.81223952,4.9917724,4.0545148,0.93725755
-13.050675,0.99782326,0.63413587,3,7,0,13.090876,0.78042143,2.5794827,2.0130836,0.56639911,-0.65935211,-1.3232385,-1.3007116,-1.5043305,-0.48346391,-1.4544212,-1.9978282,-1.0930673,-0.65935211,-0.48346391,7,4,5,2,7,5,8,5,7,6,7,4,5,5,7,3,6,6,7,8,-1.2750683,0.69811396,1.9897647,1.3890825,0.60068218
-13.273871,0.97222805,0.63413587,3,7,0,13.413496,0.86131437,2.9804644,2.5671168,0.41334757,-0.45423084,-1.1836607,-1.3068764,-1.5780025,-0.34361332,-1.3667162,-2.1849244,-1.0559951,-0.45423084,-0.34361332,8,4,3,5,8,2,4,7,6,7,7,4,3,6,8,3,2,8,7,6,-1.9692457,0.50433541,2.0232663,1.0204049,1.0028615
-13.99373,0.81286494,0.63413587,2,7,0,17.45726,0.7911113,1.2007123,0.94989703,0.25081523,-0.6928066,-1.269652,-1.4185413,-1.6008702,-0.54831873,-1.4868909,-1.9785975,-1.2016814,-0.6928066,-0.54831873,6,2,4,4,8,4,2,8,7,8,7,2,4,4,8,4,5,8,8,8,-0.93789102,0.63875005,1.7575859,1.1226581,0.63492779
-13.460389,0.9046593,0.63413587,2,3,0,15.220997,0.88882317,1.861012,1.6541106,0.20690141,-0.4333852,-1.1272469,-1.371982,-1.641236,-0.35130317,-1.3700388,-2.1959843,-1.1111362,-0.4333852,-0.35130317,6,4,2,5,7,6,3,5,6,8,7,3,1,5,7,3,6,8,7,8,-1.3800183,0.14424034,4.2332731,0.61060875,3.6226643
-13.032844,1,0.63413587,2,3,0,13.402901,0.80559773,2.0783697,1.6743299,0.40403977,-0.61290596,-1.2698465,-1.333468,-1.5468815,-0.4633022,-1.4383491,-2.0350626,-1.1118403,-0.61290596,-0.4633022,5,5,2,3,6,4,4,3,6,7,6,4,3,5,8,4,4,8,8,7,-1.0225669,0.23569047,2.7453278,0.64704759,2.0982802
-13.011771,0.68323211,0.63413587,3,7,0,16.737409,0.81052743,2.4231084,1.9639958,0.45911258,-0.5905328,-1.2673407,-1.3150598,-1.537792,-0.44140837,-1.4262325,-2.0555566,-1.0910592,-0.5905328,-0.44140837,7,1,2,4,6,3,4,8,6,7,6,3,2,4,8,1,4,7,7,7,-1.2663184,0.78842003,1.1229257,0.88533707,0.23758858
-13.474238,0.92348906,0.63413587,1,3,0,13.987227,0.84197185,3.5813928,3.0154319,0.56596086,-0.48978552,-1.2232086,-1.2831819,-1.5450626,-0.36033766,-1.3788025,-2.155098,-1.0417687,-0.48978552,-0.36033766,8,1,5,6,8,3,3,7,7,8,8,1,4,2,8,3,4,7,7,8,-2.4056307,0.92681806,1.2785167,1.1849524,0.093564331
-14.20904,0.94246205,0.63413587,2,3,0,14.456092,0.7708029,4.764669,3.6726207,1.0920483,-0.65918048,-1.3661551,-1.2408467,-1.4529882,-0.46206788,-1.4502467,-2.007132,-1.0410231,-0.65918048,-0.46206788,7,4,5,5,8,5,4,5,7,8,7,1,2,4,7,2,3,8,6,8,-3.2358843,0.87692333,1.8810976,1.6495784,0.23151924
-13.765213,0.99325862,0.63413587,2,3,0,14.477163,0.83175071,4.1257235,3.4315735,0.69415007,-0.50797728,-1.2458496,-1.2680568,-1.5259228,-0.36776079,-1.3850694,-2.1411554,-1.0319638,-0.50797728,-0.36776079,8,2,3,6,8,3,4,8,6,8,6,4,1,4,8,1,5,7,7,8,-2.8664292,0.86646557,3.6426716,3.1562496,0.48642207
-13.199138,0.96394988,0.63413587,2,3,0,14.344768,0.77178198,3.0133599,2.3256569,0.68770302,-0.67311817,-1.3459113,-1.2816433,-1.4837336,-0.48603065,-1.458782,-1.988162,-1.0795117,-0.67311817,-0.48603065,4,3,1,2,6,6,2,7,4,7,8,4,4,6,8,3,5,8,8,7,-1.6096447,0.25227088,1.8748728,0.47297582,1.401897
-13.245659,0.89595206,0.63413587,1,3,0,14.130687,0.87587703,2.1635394,1.8949944,0.26854493,-0.44684404,-1.1514126,-1.3478977,-1.615479,-0.352554,-1.3706542,-2.1852158,-1.0917923,-0.44684404,-0.352554,7,5,1,4,6,5,4,3,7,6,8,2,2,5,8,7,6,8,8,8,-1.4371448,0.45161541,1.14488,0.51704544,0.62783453
-13.726608,0.90801051,0.63413587,3,7,0,14.450173,0.91946395,2.2243977,2.0452535,0.17914421,-0.34445221,-1.0781783,-1.3600336,-1.6662693,-0.28373705,-1.3306849,-2.2880309,-1.0843548,-0.34445221,-0.28373705,8,3,2,6,8,2,4,7,7,8,7,2,2,5,8,1,4,7,8,6,-1.8591488,0.83383834,1.0126395,0.84437763,0.16826185
-14.316265,0.96630912,0.63413587,2,3,0,14.625822,0.93365939,1.6216254,1.5140458,0.10757962,-0.35302457,-1.0541244,-1.4071153,-1.7031042,-0.30582354,-1.3458373,-2.2738058,-1.129393,-0.35302457,-0.30582354,3,4,1,4,8,6,1,5,7,8,8,2,5,5,6,3,8,6,8,8,-1.787021,0.33351597,1.5325851,0.51114161,1.0214435
-17.89193,0.83900702,0.63413587,2,3,0,18.082999,0.99026,1.4936285,1.4790806,0.014547934,-0.24683526,-0.96704483,-1.4413668,-1.7787779,-0.24011334,-1.3135283,-2.3846635,-1.1455582,-0.24683526,-0.24011334,7,3,4,4,7,2,3,8,8,6,6,3,4,4,8,4,5,7,8,8,-3.6469992,0.33408544,2.5181549,0.84127889,1.676876
-14.387122,0.9664072,0.63413587,3,7,0,17.748274,0.94508435,1.89929,1.7949892,0.10430075,-0.30642424,-1.0353902,-1.3897723,-1.7077174,-0.26634067,-1.3223664,-2.324324,-1.1057749,-0.30642424,-0.26634067,4,5,6,3,8,5,4,5,7,6,8,1,2,4,7,1,6,6,8,8,-2.039289,0.51666647,1.4879253,0.76876113,0.7191642
-14.321823,0.97614448,0.63413587,3,7,0,14.702834,0.9465961,2.3876001,2.2600929,0.12750716,-0.27481855,-1.0326466,-1.3629344,-1.6991226,-0.23443415,-1.3026752,-2.3642842,-1.075356,-0.27481855,-0.23443415,7,2,2,4,5,5,4,6,8,8,8,1,4,5,8,2,4,7,8,8,-2.3518331,0.3072528,1.5451539,0.47475287,1.070401
-13.902635,0.99283183,0.63413587,2,7,0,14.689889,0.65451888,1.513639,0.99070531,0.52293371,-0.97979104,-1.5036548,-1.3629688,-1.4854955,-0.71862542,-1.6013159,-1.7745456,-1.2151754,-0.97979104,-0.71862542,8,3,1,3,8,3,4,5,6,8,8,4,3,4,8,3,4,4,6,8,-0.4904906,0.74764001,2.259665,1.6894159,0.57024903
-14.058992,0.76493786,0.63413587,3,7,0,16.864632,0.79968711,4.6108614,3.6872464,0.92361498,-0.58517815,-1.3096237,-1.2502702,-1.4844442,-0.41490726,-1.4176192,-2.0718692,-1.0328001,-0.58517815,-0.41490726,8,1,3,3,8,6,5,7,8,7,7,1,2,7,8,4,7,8,6,8,-3.1891996,0.81987157,2.8910764,2.3703114,0.52076507
-14.638042,0.94056841,0.63413587,2,5,0,15.124483,0.87375384,1.0723297,0.93695218,0.13537751,-0.53834061,-1.1439078,-1.4579684,-1.6818325,-0.45515282,-1.4338759,-2.1068977,-1.2065446,-0.53834061,-0.45515282,8,7,2,4,8,8,3,7,7,6,7,1,3,5,6,2,6,7,8,8,-1.4853834,0.43599307,2.1191356,0.92392846,1.1952072
-14.737219,0.98460433,0.63413587,3,7,0,15.707506,0.77048803,0.97388746,0.75036863,0.22351883,-0.7567127,-1.2906329,-1.4565535,-1.6203846,-0.60552508,-1.521334,-1.9422477,-1.2468284,-0.7567127,-0.60552508,7,6,3,4,8,2,3,7,8,6,6,2,7,2,8,7,6,7,6,5,-1.1757712,0.6024224,2.7442358,1.6531891,1.0910467
-13.718551,0.98137106,0.63413587,2,7,0,15.300598,0.63423048,2.1231745,1.346582,0.77659251,-1.0248117,-1.5715006,-1.3110147,-1.4283259,-0.7281347,-1.6189175,-1.7372454,-1.1822887,-1.0248117,-0.7281347,3,4,2,4,7,3,2,5,6,8,7,2,2,4,8,5,5,5,8,7,-0.65518273,0.17409877,3.9418735,0.68627535,3.2555982
-14.100385,0.89880214,0.63413587,2,3,0,15.132974,0.65693661,1.3595569,0.89314272,0.4664142,-0.97672498,-1.4892176,-1.3817344,-1.5038655,-0.72364655,-1.6017571,-1.7809953,-1.2300504,-0.97672498,-0.72364655,7,2,1,3,7,5,4,4,7,5,6,2,3,3,8,6,4,3,7,6,-0.52917251,0.5962352,2.7619001,1.6467421,1.1151581
-14.024055,0.94963844,0.63413587,3,7,0,15.052036,0.93043064,1.9106925,1.7777668,0.13292565,-0.33791824,-1.0592844,-1.3832574,-1.68874,-0.28688954,-1.3335244,-2.2915133,-1.1048364,-0.33791824,-0.28688954,5,3,1,1,5,4,2,5,5,8,8,2,3,7,8,6,7,7,8,8,-1.82321,0.25087411,8.5726652,2.1506597,6.4220055
-13.397467,0.99116417,0.63413587,2,7,0,14.347512,0.82289461,3.5070945,2.8859692,0.62112536,-0.53835858,-1.2577139,-1.2793019,-1.5245702,-0.39279413,-1.3994536,-2.1088776,-1.0484574,-0.53835858,-0.39279413,8,6,4,2,7,3,2,8,7,6,8,2,4,4,6,5,6,5,8,8,-2.2456379,0.63452294,2.059715,1.3069364,0.75277857
-13.909233,0.95813802,0.63413587,2,3,0,14.001814,0.88053944,4.0078882,3.5291036,0.47878458,-0.38758468,-1.1546466,-1.287214,-1.5880837,-0.28972772,-1.3353517,-2.2601806,-1.0247447,-0.38758468,-0.28972772,4,3,5,4,6,5,5,5,7,5,8,2,6,4,8,6,4,6,5,7,-3.040662,0.70026202,0.70838741,0.4960568,0.21233061
-13.148822,1,0.63413587,3,7,0,13.935759,0.73352981,2.3480688,1.7223785,0.62569034,-0.77801941,-1.4018496,-1.3040566,-1.474985,-0.56462175,-1.5069592,-1.9036996,-1.1217122,-0.77801941,-0.56462175,8,4,1,3,7,3,6,6,6,8,6,2,2,5,8,4,6,7,7,8,-0.97149088,0.12150008,3.7673818,0.45773718,3.3096446
-13.123825,0.99844002,0.63413587,3,7,0,13.261619,0.85379096,2.5539374,2.1805286,0.37340874,-0.48382311,-1.1932091,-1.3210004,-1.5789997,-0.36929325,-1.381491,-2.1530892,-1.0746478,-0.48382311,-0.36929325,4,3,3,4,8,2,3,6,8,8,8,2,4,4,8,5,3,5,6,7,-1.5720047,0.50641597,2.7277862,1.3813945,1.3463917
-14.682074,0.89428806,0.63413587,2,3,0,14.851906,0.72225274,1.0126124,0.73136209,0.28125032,-0.8508098,-1.3632637,-1.4426713,-1.5863318,-0.66367133,-1.5571214,-1.8761057,-1.2542688,-0.8508098,-0.66367133,7,1,3,5,8,1,6,7,7,8,6,2,3,2,7,2,4,6,6,8,-0.97945916,0.88946508,3.1681249,2.8179365,0.35018843
-13.18212,1,0.63413587,3,7,0,14.548042,0.77620173,1.776178,1.3786725,0.39750556,-0.69219811,-1.3123812,-1.3497528,-1.5384196,-0.52328202,-1.4745826,-1.9706853,-1.1424284,-0.69219811,-0.52328202,7,3,2,6,8,5,6,8,7,7,7,1,6,1,8,3,7,7,8,7,-0.78702027,0.86073071,2.5393072,2.1856597,0.35364751
-13.164886,0.99756592,0.63413587,2,3,0,13.252235,0.82207669,1.8042808,1.4832572,0.32102362,-0.58643693,-1.2366548,-1.3572471,-1.5759858,-0.45343109,-1.4308908,-2.0571763,-1.1273025,-0.58643693,-0.45343109,8,2,3,3,7,3,4,4,7,8,7,2,5,5,5,3,8,4,7,8,-0.96773006,0.58099006,3.4295337,1.992525,1.4370087
-13.575017,0.84319442,0.63413587,3,7,0,14.902343,0.8824809,3.3672167,2.9715045,0.39571228,-0.39428585,-1.148116,-1.3026723,-1.5979608,-0.29978481,-1.3405393,-2.2480989,-1.0403557,-0.39428585,-0.29978481,7,2,2,2,8,3,1,6,4,6,8,1,1,5,5,4,5,8,8,8,-2.4570465,0.24178591,1.6129731,0.38999417,1.2229789
-13.095825,1,0.63413587,3,7,0,13.536093,0.81727864,2.8157088,2.3012186,0.51449013,-0.56466454,-1.2608072,-1.2996113,-1.5328793,-0.4181222,-1.4131431,-2.0805907,-1.0720319,-0.56466454,-0.4181222,7,3,7,3,7,1,3,7,4,6,8,3,2,2,8,2,5,5,7,6,-1.6048334,0.36693691,1.0464587,0.38398432,0.66247437
-14.254002,0.86302916,0.63413587,3,7,0,14.797471,0.60327771,3.1581135,1.9052195,1.252894,-1.1069512,-1.6655844,-1.2644445,-1.3702507,-0.7626235,-1.6584339,-1.681993,-1.1629382,-1.1069512,-0.7626235,8,2,1,3,7,7,6,8,8,8,8,4,4,5,8,3,4,6,7,6,-1.4312862,0.52316346,1.0970717,0.57394783,0.52312388
-13.036088,1,0.63413587,2,3,0,14.116991,0.83102431,2.2567523,1.875416,0.38133629,-0.54718612,-1.229173,-1.3291581,-1.5640566,-0.41636434,-1.4096901,-2.0928828,-1.0946259,-0.54718612,-0.41636434,8,2,5,6,7,2,2,6,8,7,7,5,3,5,8,3,8,6,8,8,-1.2402307,0.60114135,0.8747484,0.52584743,0.34890097
-14.175678,0.91118757,0.63413587,2,3,0,14.309932,0.78746998,4.7659111,3.753012,1.0128992,-0.61569308,-1.3340611,-1.244713,-1.4698435,-0.43384551,-1.4309004,-2.0451503,-1.0346629,-0.61569308,-0.43384551,7,2,3,5,6,4,4,5,6,8,7,1,1,7,7,4,6,6,8,7,-3.2911568,0.12722701,2.5031349,0.31846638,2.1846686
-13.681099,0.92610401,0.63413587,2,7,0,15.116116,0.64003427,2.3616751,1.511553,0.85012208,-1.0099537,-1.5708117,-1.2968476,-1.4178287,-0.71339237,-1.6118173,-1.7445073,-1.1673421,-1.0099537,-0.71339237,7,4,4,8,7,4,4,5,7,6,8,1,3,4,8,5,4,8,6,8,-0.81664384,0.59725597,1.6581445,0.99033672,0.66780782
-13.556388,0.88776162,0.63413587,2,3,0,14.727546,0.66380415,1.9289521,1.2804464,0.6485057,-0.95323882,-1.510319,-1.3249927,-1.4549123,-0.68737656,-1.5867511,-1.7839654,-1.1779092,-0.95323882,-0.68737656,8,4,4,2,6,3,4,7,8,7,7,5,3,5,8,2,2,7,6,7,-0.59345488,0.29260881,2.4660327,0.72158289,1.7444498
-13.658427,0.94712559,0.63413587,2,7,0,15.420691,0.72071804,3.5858353,2.5843762,1.0014591,-0.79719726,-1.4496821,-1.255767,-1.4273425,-0.55992441,-1.5132507,-1.8912465,-1.0850329,-0.79719726,-0.55992441,4,3,4,1,8,4,4,7,6,7,6,2,4,2,8,2,4,7,8,8,-1.9958122,0.30509328,6.4777667,1.9763231,4.5014436
-13.354563,0.97036894,0.63413587,3,7,0,14.009123,0.85380562,1.6819014,1.4360169,0.24588453,-0.52227325,-1.1824546,-1.3759345,-1.6132052,-0.41531759,-1.4076223,-2.1131285,-1.1312531,-0.52227325,-0.41531759,8,4,4,6,8,3,3,8,8,8,8,3,5,4,7,4,4,7,8,7,-1.0948386,0.62435528,1.4929525,0.93213276,0.56081971
-13.700016,0.98907901,0.63413587,2,7,0,13.816258,0.78013238,4.0053099,3.1246719,0.88063795,-0.64062816,-1.3420408,-1.2565956,-1.4720135,-0.45505556,-1.4426699,-2.0200743,-1.0505923,-0.64062816,-0.45505556,7,3,2,5,5,3,5,5,3,6,8,2,3,2,7,5,3,6,8,8,-2.5492618,0.56327937,1.1309878,0.63706208,0.4939257
-13.522837,0.9622456,0.63413587,2,7,0,14.271259,0.89715579,1.9009196,1.7054211,0.19549858,-0.4123906,-1.1138265,-1.3718845,-1.6491118,-0.33635008,-1.3613634,-2.2165867,-1.1072566,-0.4123906,-0.33635008,6,3,4,5,8,2,2,6,7,8,6,4,1,5,8,3,3,7,8,8,-1.4645986,0.66899118,1.6650481,1.1139025,0.55114561
-13.274739,0.95988321,0.63413587,3,7,0,14.589579,0.71733917,1.9247978,1.3807329,0.54406496,-0.82504355,-1.4172102,-1.3291588,-1.4862479,-0.60498305,-1.529854,-1.8705751,-1.1532423,-0.82504355,-0.60498305,7,5,3,4,8,3,7,7,7,5,5,5,4,5,5,2,4,4,8,7,-0.68750471,0.60485396,1.4977189,0.90590124,0.59181771
-17.917972,0.44796051,0.63413587,2,3,0,18.311531,0.99073732,1.5455976,1.5312812,0.014316373,-0.2399368,-0.96551761,-1.4366587,-1.777839,-0.23350173,-1.3092929,-2.3925854,-1.1401774,-0.2399368,-0.23350173,4,1,5,4,8,6,5,3,5,8,7,2,4,7,8,1,4,6,8,8,-3.6933667,0.2876899,1.0627687,0.30574781,0.75702085
-18.12135,0.92161609,0.63413587,2,7,0,19.94473,0.99299403,2.8662739,2.8461929,0.020081032,-0.14799805,-0.95272396,-1.3661936,-1.7640385,-0.14263856,-1.2514361,-2.517412,-1.059188,-0.14799805,-0.14263856,8,3,3,5,7,6,3,7,6,8,8,4,2,7,8,3,5,8,8,8,-4.7140746,0.42646209,4.2409015,1.8085837,2.4323178
-17.132556,0.99970065,0.63413587,2,3,0,18.549178,0.98873068,2.5684768,2.5395318,0.028944997,-0.17053907,-0.9609869,-1.3745755,-1.7591206,-0.1620286,-1.2629451,-2.4859193,-1.0706669,-0.17053907,-0.1620286,5,4,2,4,7,2,4,7,5,7,8,1,1,6,8,3,5,8,8,8,-3.9995151,0.20941286,3.9234202,0.82161464,3.1018055
-16.68705,0.96700836,0.63413587,3,7,0,17.425226,0.37421901,2.2867384,0.85574099,1.4309975,-1.7122946,-2.0681645,-1.3614184,-1.398385,-1.1553305,-1.9573787,-1.4245285,-1.3686547,-1.7122946,-1.1553305,3,2,2,6,7,5,2,5,8,7,7,4,2,3,7,4,5,7,6,6,-0.74872826,0.28185257,1.5464224,0.43586313,1.1105593
-16.002374,1,0.63413587,3,7,0,16.904119,0.97961321,2.4783247,2.4277996,0.050525072,-0.19551626,-0.97670878,-1.373824,-1.7458892,-0.18015702,-1.2729488,-2.4551898,-1.0735376,-0.19551626,-0.18015702,8,2,2,6,7,4,3,6,6,8,8,1,4,8,8,4,4,6,8,8,-3.3470458,0.52845763,3.4915885,1.8451566,1.6464319
-14.971089,0.99570973,0.63413587,2,3,0,16.388855,0.95930875,3.1896175,3.059828,0.12978953,-0.21518074,-1.0108276,-1.3400509,-1.7086597,-0.18336122,-1.2726135,-2.4418508,-1.0436836,-0.21518074,-0.18336122,6,3,3,3,8,5,3,7,6,6,8,2,2,7,8,3,6,8,7,8,-3.2729356,0.52377304,2.2753712,1.1917781,1.0835931
-13.086305,0.90372183,0.63413587,1,3,0,17.349374,0.82185141,1.9550434,1.6067552,0.34828823,-0.58005781,-1.2399057,-1.345748,-1.5678604,-0.44497338,-1.4262652,-2.0628165,-1.1159152,-0.58005781,-0.44497338,7,2,2,5,8,4,6,6,8,8,6,5,4,1,8,2,4,8,8,6,-1.026811,0.87508449,3.9596239,3.4650055,0.49461842
-13.128092,0.99373477,0.63413587,2,3,0,13.18094,0.82803559,1.8873083,1.5627584,0.32454986,-0.56893035,-1.2282988,-1.3522545,-1.577109,-0.43955044,-1.4226569,-2.0723058,-1.1194133,-0.56893035,-0.43955044,6,6,2,3,5,4,3,7,6,7,6,2,2,3,8,1,6,8,7,8,-1.0250773,0.15939364,2.1605201,0.34437316,1.8161469
-13.267403,0.92992166,0.63413587,2,3,0,13.811406,0.86525812,1.8915715,1.6366976,0.2548739,-0.48440839,-1.16642,-1.362296,-1.6142814,-0.38401179,-1.3891432,-2.1480516,-1.111881,-0.48440839,-0.38401179,6,3,1,3,7,3,3,8,7,8,7,3,5,6,8,2,7,8,8,8,-1.2267753,0.52976656,1.5511601,0.82175276,0.72940735
-13.551407,0.89922598,0.63413587,2,3,0,14.487318,0.88216099,1.6631368,1.4671544,0.19598239,-0.46117228,-1.1364131,-1.3859412,-1.6432055,-0.37578719,-1.384586,-2.1688434,-1.1287961,-0.46117228,-0.37578719,5,2,2,6,8,1,8,6,8,8,8,3,3,6,8,1,7,7,8,8,-1.2745915,0.80208583,3.6661554,2.9405712,0.7255841
-14.700462,0.8480405,0.63413587,2,3,0,15.619493,0.95763612,2.4223507,2.3197305,0.10262018,-0.2480564,-1.013958,-1.3661632,-1.7141702,-0.21605096,-1.292477,-2.3943976,-1.0741421,-0.2480564,-0.21605096,5,4,4,5,8,2,3,7,7,5,8,2,4,6,8,4,6,8,8,8,-2.5969312,0.48086718,2.1027113,1.0111248,1.0915864
-13.733832,0.98337904,0.63413587,2,7,0,15.155055,0.84325924,4.0296895,3.3980729,0.6316166,-0.48017958,-1.2237777,-1.2736039,-1.5406781,-0.35029399,-1.3735462,-2.1673223,-1.0311207,-0.48017958,-0.35029399,5,2,2,2,8,4,2,6,7,6,8,4,5,5,8,5,7,6,7,8,-2.8328827,0.25149939,3.228222,0.81189587,2.4163261
-13.302637,0.99808177,0.63413587,2,3,0,13.793086,0.822695,3.3182525,2.7299098,0.58834278,-0.5418316,-1.2563822,-1.2844096,-1.5276689,-0.39698908,-1.4015078,-2.1044845,-1.0537419,-0.5418316,-0.39698908,7,3,4,5,8,2,6,7,8,7,8,1,1,6,7,3,8,6,8,8,-2.0711852,0.63552576,2.9506446,1.8752106,1.0754339
-13.340271,0.98089526,0.63413587,2,7,0,13.549264,0.73871213,3.1102891,2.2976082,0.81268081,-0.75500473,-1.4083939,-1.2723904,-1.4528865,-0.53784321,-1.4947052,-1.922586,-1.0896565,-0.75500473,-0.53784321,6,3,2,5,8,4,4,5,6,5,8,1,4,5,8,1,6,8,8,7,-1.6036925,0.35138352,4.0396263,1.4194581,2.6201682
-13.219458,0.97590963,0.63413587,3,7,0,13.623135,0.74411499,1.8327278,1.3637602,0.46896759,-0.76441014,-1.3681896,-1.3397805,-1.510536,-0.5684275,-1.50442,-1.9152369,-1.1491568,-0.76441014,-0.5684275,8,1,2,6,8,1,6,7,6,7,8,2,3,5,7,2,5,6,6,7,-0.71368131,0.5977044,1.49092,0.89112947,0.59979057
-14.027095,0.91202761,0.63413587,2,3,0,14.137559,0.91571563,3.5266184,3.2293796,0.29723881,-0.31040767,-1.0888729,-1.3118237,-1.6411535,-0.24294111,-1.3065883,-2.3382317,-1.0330645,-0.31040767,-0.24294111,6,2,1,7,7,5,6,3,7,6,8,1,6,4,8,4,7,8,7,8,-2.8993937,0.4957311,1.5713949,0.77898932,0.79240557
-14.669495,0.95131538,0.63413587,3,7,0,15.076351,0.95044331,3.2440782,3.0833124,0.16076578,-0.23449884,-1.0264634,-1.3344105,-1.6946781,-0.19557581,-1.279369,-2.4201806,-1.0413818,-0.23449884,-0.19557581,8,4,1,4,8,1,3,6,5,6,7,3,6,5,8,2,8,6,8,7,-3.1342284,0.4147575,1.7847792,0.74025055,1.0445286
-15.664605,0.92894005,0.63413587,2,7,0,16.837071,0.81593182,6.9618877,5.6804257,1.281462,-0.52956494,-1.2886511,-1.2291307,-1.4862763,-0.3691458,-1.391679,-2.1324063,-1.0017293,-0.52956494,-0.3691458,6,2,2,6,7,5,3,6,5,8,6,2,1,4,7,4,5,6,8,7,-5.381888,0.40976051,1.8114308,0.7422528,1.069178
-13.338249,1,0.63413587,2,3,0,15.452008,0.79640119,3.3998056,2.7076092,0.69219639,-0.60611116,-1.3055491,-1.2751217,-1.4985711,-0.43803221,-1.4287072,-2.047206,-1.0592524,-0.60611116,-0.43803221,7,2,3,5,6,3,6,6,3,5,7,2,3,6,7,3,5,5,6,7,-2.0400175,0.36178574,1.4922641,0.53987987,0.95238424
-13.656456,0.8885685,0.63413587,2,3,0,14.343302,0.91084755,2.8017793,2.5519938,0.2497855,-0.34123995,-1.0950837,-1.3312206,-1.6435561,-0.2716636,-1.3232427,-2.2977443,-1.0569128,-0.34123995,-0.2716636,6,2,5,5,8,5,6,6,7,8,8,3,2,5,8,2,8,8,8,7,-2.2023566,0.58343432,2.7685894,1.6152901,1.1532993
-13.079025,0.95226048,0.63413587,1,3,0,14.493595,0.81576967,1.9538588,1.5938987,0.35996004,-0.59409178,-1.2501383,-1.3443402,-1.5622267,-0.45417671,-1.4319841,-2.0507771,-1.1175168,-0.59409178,-0.45417671,6,4,2,3,8,2,2,5,7,7,5,2,4,3,7,2,6,8,8,8,-1.0001195,0.45086925,1.3519084,0.60953392,0.74237445
-13.122102,0.97036128,0.63413587,2,3,0,13.401461,0.82302818,1.8810168,1.5481298,0.33288697,-0.58063599,-1.2365539,-1.3514702,-1.5727077,-0.44738515,-1.4274589,-2.0621894,-1.1210647,-0.58063599,-0.44738515,7,3,4,4,8,2,5,7,7,8,8,1,2,3,8,3,5,6,7,8,-0.99989785,0.54384001,2.2195323,1.2070705,1.0124618
-14.021898,0.8980817,0.63413587,2,3,0,14.488958,0.83813264,1.2188121,1.0215262,0.19728589,-0.59303353,-1.1988376,-1.4254187,-1.6352021,-0.48199796,-1.4475622,-2.0568859,-1.1881974,-0.59303353,-0.48199796,8,4,2,3,8,7,2,8,6,7,7,2,7,4,8,1,1,8,7,6,-1.1200513,0.26207152,1.5503178,0.40629415,1.1440237
-16.379092,0.84111245,0.63413587,2,3,0,16.807184,0.84060636,0.70782425,0.59500156,0.11282269,-0.66798096,-1.1865254,-1.5382915,-1.7200051,-0.57409071,-1.50827,-2.0309532,-1.2990282,-0.66798096,-0.57409071,4,2,1,3,8,2,3,5,6,7,8,3,1,6,8,5,2,6,5,8,-2.2563056,0.49241637,1.450856,0.71442525,0.73643076
-15.391348,1,0.63413587,1,1,0,16.298656,0.82848076,0.84913203,0.70348955,0.14564248,-0.66131526,-1.204648,-1.4953813,-1.6809281,-0.55414499,-1.4929561,-2.0208779,-1.2613337,-0.66131526,-0.55414499,6,1,4,4,8,3,6,8,7,8,8,2,3,5,8,2,5,8,8,8,-1.6895407,0.90491369,1.9208459,1.7381998,0.18264616
-17.125637,0.86049097,0.63413587,2,7,0,18.480542,0.94992532,0.81019475,0.76962451,0.040570244,-0.445825,-1.0423332,-1.534767,-1.7839163,-0.41581127,-1.422201,-2.2022488,-1.2585562,-0.445825,-0.41581127,6,3,2,2,8,2,4,7,6,6,7,2,5,4,8,2,2,8,8,4,-2.9022494,0.5227558,1.9445279,1.0165132,0.92801467
-14.006547,1,0.63413587,2,3,0,17.067764,0.8968235,1.4183792,1.2720358,0.1463434,-0.4502324,-1.1114661,-1.4152007,-1.6729757,-0.37809516,-1.3871993,-2.179299,-1.153132,-0.4502324,-0.37809516,8,2,5,5,8,1,4,6,7,8,7,3,4,6,8,1,6,5,7,6,-1.3999235,0.77293805,1.996097,1.5428593,0.45323766
-13.803737,0.98957264,0.63413587,2,7,0,14.561874,0.63142727,1.8540727,1.1707121,0.68336065,-1.0321315,-1.5631917,-1.3305131,-1.445373,-0.74006877,-1.6228688,-1.7361917,-1.1999074,-1.0321315,-0.74006877,8,4,7,5,8,4,1,7,7,8,5,5,4,2,7,5,6,8,7,7,-0.52078623,0.31320108,1.3736422,0.43022621,0.94341597
-14.85416,0.80313623,0.63413587,2,7,0,15.644891,0.96123371,2.4778315,2.3817752,0.096056341,-0.23725108,-1.0078063,-1.3653465,-1.7185973,-0.20789939,-1.2878367,-2.4073021,-1.0716597,-0.23725108,-0.20789939,6,8,3,3,8,2,1,6,5,8,8,2,4,5,8,2,6,7,8,8,-2.7229522,0.49025988,1.3738189,0.67352829,0.7002906
-15.846843,0.95580776,0.63413587,2,7,0,16.398708,0.96921165,1.4255811,1.3816898,0.043891283,-0.29840647,-1.0002109,-1.4397778,-1.7545346,-0.27724785,-1.333438,-2.3292587,-1.1512437,-0.29840647,-0.27724785,7,3,3,2,8,2,5,7,7,7,8,1,4,6,8,4,7,7,8,8,-2.5297589,0.68262412,1.3403425,0.91495012,0.42539237
-15.985925,0.99396844,0.63413587,2,3,0,16.185241,0.96863208,1.332099,1.2903139,0.041785176,-0.31137414,-1.0023884,-1.4501021,-1.7581398,-0.29012212,-1.3417849,-2.31581,-1.1626878,-0.31137414,-0.29012212,6,6,1,1,7,4,3,5,5,3,7,2,5,8,8,3,7,8,8,7,-2.5449355,0.1262008,4.5428704,0.57331386,3.9695565
-14.2974,0.972768,0.63413587,2,7,0,16.763736,0.57873815,2.7431185,1.5875473,1.1555712,-1.1697583,-1.6993421,-1.2818966,-1.3765461,-0.80819893,-1.68796,-1.6480465,-1.1912046,-1.1697583,-0.80819893,8,2,2,2,8,3,5,6,7,6,8,1,1,4,5,6,3,7,6,8,-1.0541797,0.37412946,2.9657403,1.1095708,1.8561695
-14.305965,0.94746302,0.63413587,2,3,0,15.163286,0.93193391,1.5968503,1.4881589,0.10869135,-0.35892188,-1.0568844,-1.4087329,-1.7021238,-0.3106148,-1.3486511,-2.2677351,-1.1318411,-0.35892188,-0.3106148,7,4,1,5,4,4,4,6,5,8,8,1,2,8,8,2,8,6,7,8,-1.7611872,0.43574564,1.2222783,0.53260242,0.68967584
-13.692406,0.7874346,0.63413587,1,3,0,18.315479,0.84268499,3.9632095,3.3397371,0.62347234,-0.48248487,-1.2244405,-1.2747702,-1.5407841,-0.35231129,-1.3746757,-2.1646636,-1.0326562,-0.48248487,-0.35231129,6,2,2,6,8,3,3,6,7,7,8,2,1,5,7,3,4,6,6,7,-2.7672107,0.29739967,3.0449898,0.90557898,2.1394109
-13.387103,0.95422669,0.63413587,2,3,0,14.480848,0.76226779,3.3746652,2.5723986,0.80226663,-0.69247753,-1.3685753,-1.2683131,-1.4665979,-0.49437876,-1.4664786,-1.9736426,-1.0722461,-0.69247753,-0.49437876,6,1,4,4,7,2,3,5,7,8,8,2,2,7,8,3,6,7,8,8,-1.9057654,0.39916579,1.6696475,0.66646617,1.0031814
-13.450588,0.99701439,0.63413587,3,7,0,13.576926,0.82333905,1.5074849,1.2411712,0.26631371,-0.60065835,-1.2282713,-1.3853287,-1.5966353,-0.47316039,-1.4420333,-2.0462754,-1.1547105,-0.60065835,-0.47316039,7,1,6,5,7,1,4,7,7,7,8,4,2,5,8,6,8,6,8,8,-0.93222835,0.79057744,2.661263,2.1039345,0.5573285
-15.404689,0.85061282,0.63413587,2,3,0,15.615601,0.48566397,1.4699848,0.71391863,0.75606613,-1.3796525,-1.7856758,-1.3841804,-1.4506312,-0.97445484,-1.786363,-1.5732364,-1.3185234,-1.3796525,-0.97445484,7,3,2,3,8,7,3,6,8,8,8,3,4,4,8,3,4,6,5,8,-0.39599955,0.73346166,1.5589616,1.1434386,0.41552304
-15.945923,0.94291971,0.63413587,3,7,0,16.935152,0.9763339,3.2345175,3.1579691,0.076548428,-0.17388017,-0.9809253,-1.3471281,-1.7352,-0.15543299,-1.2571834,-2.4911764,-1.0441195,-0.17388017,-0.15543299,5,5,6,3,5,5,3,4,5,5,8,2,1,7,8,2,3,7,8,8,-3.8377814,0.35237954,2.1100888,0.74355214,1.3665367
-14.28999,0.96340062,0.63413587,2,7,0,16.398973,0.93106294,1.5946054,1.484678,0.10992742,-0.36098473,-1.0582604,-1.4086234,-1.7011964,-0.31206184,-1.3494537,-2.2656513,-1.1320768,-0.36098473,-0.31206184,6,5,5,4,8,2,5,4,6,8,7,2,4,7,8,3,4,8,7,8,-1.7492713,0.54827961,3.2284783,1.7701088,1.4583695
-13.854681,0.96333927,0.63413587,3,7,0,15.327447,0.91645766,1.7761214,1.6277401,0.14838133,-0.37796552,-1.0817543,-1.3879414,-1.6764315,-0.31724186,-1.3510225,-2.2496996,-1.1159165,-0.37796552,-0.31724186,5,3,4,4,4,7,6,5,8,8,7,1,4,5,8,2,7,8,7,8,-1.6062916,0.24491757,1.6907409,0.41409214,1.2766488
-14.646503,0.96041902,0.63413587,3,7,0,15.234909,0.64469581,4.3881912,2.8290485,1.5591427,-0.99716518,-1.6089579,-1.2329192,-1.3615852,-0.681606,-1.6072348,-1.7497807,-1.1120665,-0.99716518,-0.681606,8,5,2,5,6,6,4,8,7,8,7,1,4,5,5,5,6,6,7,8,-2.6215754,0.51678275,2.1422122,1.1070583,1.0351539
-13.851534,0.94767956,0.63413587,3,7,0,15.30918,0.84007687,1.2963126,1.0890022,0.20731037,-0.58144493,-1.1974702,-1.4148441,-1.6290876,-0.47021968,-1.4403912,-2.0648961,-1.1767771,-0.58144493,-0.47021968,6,2,4,1,7,5,5,7,4,7,8,3,5,4,7,2,2,8,8,8,-1.0769381,0.3050898,1.7401075,0.53088905,1.2092184
-13.050444,0.99624439,0.63413587,2,5,0,13.930326,0.81692061,2.6459598,2.1615391,0.4844207,-0.56943277,-1.2592769,-1.3063977,-1.5371212,-0.42380053,-1.4160353,-2.0753129,-1.0790309,-0.56943277,-0.42380053,5,4,1,6,7,6,3,3,7,5,8,2,2,5,8,5,6,5,8,6,-1.4637876,0.19434116,1.2343877,0.23989234,0.99449534
-14.478339,0.71828738,0.63413587,1,3,0,15.685744,0.94280787,3.3210347,3.1310977,0.18993705,-0.25048671,-1.0400492,-1.3288632,-1.6825386,-0.20535219,-1.2848301,-2.4028024,-1.0387223,-0.25048671,-0.20535219,5,3,2,5,7,3,5,3,4,8,8,2,4,6,8,2,3,8,8,8,-3.0689001,0.35723556,4.6636951,1.6660377,2.9976574
-15.309687,0.94134747,0.63413587,3,7,0,16.837644,0.89740854,0.95708889,0.85889974,0.098189145,-0.5107395,-1.1100962,-1.4862766,-1.7168016,-0.4454967,-1.4311923,-2.1354599,-1.2265105,-0.5107395,-0.4454967,8,5,1,2,8,5,6,5,8,7,8,3,5,5,8,3,8,8,6,8,-1.8617738,0.74201746,5.5817228,4.1417357,1.439987
-14.553194,1,0.63413587,1,1,0,15.25694,0.86462792,1.0788802,0.93282998,0.14605026,-0.55561732,-1.157226,-1.4545096,-1.673235,-0.46607952,-1.4398183,-2.092058,-1.2066234,-0.55561732,-0.46607952,8,2,3,5,6,4,4,7,7,8,8,2,3,3,8,3,8,8,4,8,-1.4170694,0.83941742,3.0029595,2.5207365,0.48222297
-14.281321,1,0.63413587,3,7,0,15.094846,0.72808007,1.1310423,0.82348935,0.30755295,-0.83051573,-1.3621634,-1.4210242,-1.5701646,-0.64218741,-1.5446278,-1.8830383,-1.2318637,-0.83051573,-0.64218741,6,1,1,5,8,3,5,6,8,8,8,1,1,6,7,2,5,6,7,7,-0.82658065,0.65255605,2.0915666,1.3648644,0.72670215
-13.541062,0.99922326,0.63413587,2,3,0,14.407503,0.82388566,1.4445608,1.1901529,0.25440786,-0.60385329,-1.2259487,-1.3924887,-1.6021127,-0.47789603,-1.444789,-2.0442209,-1.1615858,-0.60385329,-0.47789603,4,1,2,5,8,5,5,8,6,8,8,2,2,4,8,2,8,7,8,8,-0.94387723,0.54233799,2.2312679,1.2101013,1.0211665
-13.570118,0.94778617,0.63413587,3,7,0,14.414092,0.90957158,2.3590253,2.1457024,0.21332294,-0.3608026,-1.0954496,-1.3493637,-1.6504777,-0.29184381,-1.3351179,-2.2725885,-1.0773222,-0.3608026,-0.29184381,8,4,7,6,8,4,2,8,6,6,8,1,3,7,7,3,7,8,7,8,-1.8447756,0.84779372,1.0937009,0.92723276,0.16646814
-14.08545,0.95436145,0.63413587,2,3,0,14.33808,0.59173478,1.9531666,1.1557566,0.79740998,-1.1299796,-1.6388871,-1.3245506,-1.4234917,-0.79954715,-1.6680266,-1.6785152,-1.2167003,-1.1299796,-0.79954715,7,6,2,7,8,6,5,4,4,7,6,2,2,6,8,4,2,6,7,7,-0.52514177,0.39400306,2.2114541,0.87131968,1.3401344
-13.424254,0.7315369,0.63413587,3,7,0,16.504014,0.85928138,1.6369357,1.4065883,0.23034734,-0.51315263,-1.1729538,-1.3815619,-1.6212366,-0.41088412,-1.4050214,-2.1212923,-1.1345223,-0.51315263,-0.41088412,7,5,3,3,6,4,3,7,7,6,8,5,3,5,7,6,6,8,8,8,-1.1197668,0.4027191,1.8900028,0.76114024,1.1288626
-14.381947,0.94631871,0.63413587,2,3,0,14.544937,0.55759309,2.0350298,1.1347185,0.90031124,-1.2167041,-1.7052031,-1.3221745,-1.4084607,-0.85230974,-1.7091324,-1.6310729,-1.2339391,-1.2167041,-0.85230974,3,4,5,4,7,3,4,7,6,8,5,4,5,3,8,3,4,4,6,8,-0.54479632,0.41606012,6.0918199,2.5345633,3.5572566
-13.014497,1,0.63413587,2,3,0,14.417079,0.79500992,2.440857,1.9405055,0.50035146,-0.6272225,-1.2949256,-1.3104856,-1.522435,-0.46499737,-1.4415056,-2.0241834,-1.094738,-0.6272225,-0.46499737,8,2,4,6,8,1,2,8,6,8,8,1,4,3,8,3,4,5,6,8,-1.2199384,0.69281041,1.4485792,1.0035907,0.44498843
-13.226999,0.84109313,0.63413587,3,7,0,16.058014,0.86426589,1.9668836,1.6999104,0.26697319,-0.48270235,-1.1689398,-1.3566564,-1.6099902,-0.38085953,-1.3873214,-2.1500175,-1.1064959,-0.48270235,-0.38085953,8,3,5,5,8,2,6,6,8,8,6,1,3,7,8,2,8,8,7,8,-1.253972,0.93224935,3.4478822,3.214286,0.23359625
-13.453559,0.95829433,0.63413587,2,3,0,13.901206,0.70091506,2.9590626,2.0740516,0.88501105,-0.85243414,-1.4757158,-1.2729611,-1.4291022,-0.6025949,-1.5388692,-1.849104,-1.1120264,-0.85243414,-0.6025949,8,5,2,6,8,3,4,7,8,8,8,1,5,3,7,1,6,5,8,8,-1.3881982,0.73972854,8.9889232,6.649363,2.3395602
-13.603511,0.97439229,0.63413587,2,7,0,14.231214,0.65101185,2.0852041,1.3574926,0.72771152,-0.98339352,-1.539838,-1.3135576,-1.4384135,-0.70257908,-1.5999503,-1.7632565,-1.1751475,-0.98339352,-0.70257908,8,3,3,4,5,7,3,6,6,7,7,2,7,3,8,5,1,7,8,8,-0.65432439,0.31178591,2.3363498,0.72844095,1.6079089
-14.837836,0.89292812,0.63413587,3,7,0,15.203542,0.9333597,1.2878849,1.2020599,0.085825036,-0.38905421,-1.05583,-1.4429183,-1.7204479,-0.34384632,-1.370318,-2.2383034,-1.1679075,-0.38905421,-0.34384632,8,2,1,4,8,3,4,8,5,8,8,2,3,4,6,3,7,8,7,7,-1.8519004,0.87219468,1.0975231,0.9572538,0.14026929
-14.375265,1,0.63413587,2,3,0,14.825226,0.92223022,1.4121619,1.3023384,0.10982353,-0.39753061,-1.0722524,-1.4241427,-1.7004881,-0.34355648,-1.3683656,-2.2293915,-1.1522498,-0.39753061,-0.34355648,7,2,2,3,4,8,3,6,8,7,8,1,6,7,8,5,6,7,8,8,-1.6563597,0.44057364,1.3664454,0.60201982,0.76442557
-13.950151,0.98106289,0.63413587,2,3,0,14.870203,0.88016772,1.3601861,1.1971919,0.1629942,-0.49102989,-1.1367708,-1.417123,-1.6603707,-0.40764506,-1.4041816,-2.1423832,-1.1620697,-0.49102989,-0.40764506,8,1,3,5,7,3,4,3,3,7,8,1,4,6,5,3,8,7,8,8,-1.2882184,0.1543607,2.768541,0.42735392,2.3411871
-13.725482,0.99072841,0.63413587,3,7,0,14.418436,0.88300598,1.5165085,1.3390861,0.17742242,-0.47072615,-1.1337459,-1.4003031,-1.6524538,-0.38749321,-1.3918339,-2.1599847,-1.1434126,-0.47072615,-0.38749321,7,1,4,1,8,5,4,5,7,7,7,2,3,5,7,4,6,8,8,8,-1.2736645,0.15016853,1.3851348,0.20800366,1.1771312
-13.286172,1,0.63413587,3,7,0,13.745047,0.87787629,2.6823572,2.3547778,0.32757942,-0.42282414,-1.1521371,-1.3235095,-1.6039373,-0.3271724,-1.3560896,-2.2131763,-1.0650152,-0.42282414,-0.3271724,7,5,5,3,7,5,4,7,7,4,8,2,4,3,6,2,7,8,8,8,-1.8260399,0.49881277,1.8919104,0.94370905,0.94820131
-13.239822,0.98806728,0.63413587,3,7,0,13.76289,0.73074037,1.8815439,1.3749201,0.5066238,-0.79438473,-1.3926503,-1.3340712,-1.4979882,-0.58639538,-1.5168632,-1.8929002,-1.1507492,-0.79438473,-0.58639538,6,3,3,6,7,5,4,8,7,8,5,4,4,5,8,4,8,7,8,8,-0.6993561,0.71150442,1.932514,1.3749922,0.55752173
-13.071741,0.96113862,0.63413587,1,3,0,13.6629,0.84424753,2.2643103,1.9116384,0.35267194,-0.51597459,-1.2064979,-1.3324492,-1.5774542,-0.39577278,-1.3969679,-2.1211394,-1.0912994,-0.51597459,-0.39577278,6,2,3,6,5,5,5,2,6,7,8,1,2,6,8,3,5,6,7,7,-1.310912,0.35635866,0.56282575,0.20056783,0.36225792
-13.689168,0.91224451,0.63413587,2,7,0,14.756054,0.84839354,3.92736,3.3319468,0.59541313,-0.46868551,-1.2136291,-1.2773876,-1.5480923,-0.34355919,-1.3689912,-2.1778663,-1.0321597,-0.46868551,-0.34355919,8,3,6,5,8,1,4,8,8,8,7,2,2,4,6,2,5,8,8,8,-2.763642,0.90471658,2.2494522,2.0351167,0.2143355
-14.060023,0.9309207,0.63413587,2,3,0,14.553678,0.69010849,3.9789757,2.7459249,1.2330508,-0.87562854,-1.5140902,-1.2431067,-1.3970759,-0.60691303,-1.5493857,-1.8336832,-1.0923368,-0.87562854,-0.60691303,7,2,2,3,8,5,4,6,6,8,7,2,1,5,8,3,7,8,8,8,-2.3038459,0.75176508,1.561581,1.1739421,0.38763895
-15.195838,0.86143802,0.63413587,2,7,0,15.755349,0.94387215,4.5258816,4.2718536,0.25402801,-0.22382277,-1.0395449,-1.3056813,-1.6770891,-0.17819204,-1.2689295,-2.4451899,-1.0116819,-0.22382277,-0.17819204,4,3,3,4,6,7,2,6,5,7,8,1,3,5,8,3,5,4,8,8,-4.2156161,0.21455732,1.5071139,0.32336233,1.1837516
-15.037335,1,0.63413587,3,7,0,15.379029,0.94894091,4.0300797,3.8243075,0.20577218,-0.21990302,-1.0298159,-1.31628,-1.687372,-0.17888018,-1.2693957,-2.4453941,-1.0213283,-0.21990302,-0.17888018,7,5,1,3,8,4,5,6,3,8,7,2,5,6,8,3,6,8,8,8,-3.8367885,0.66306199,3.1736315,2.1043144,1.0693171
-14.278588,0.98852012,0.63413587,2,3,0,15.452269,0.92429158,3.7311151,3.4486383,0.28247681,-0.28538898,-1.0739322,-1.3108693,-1.651735,-0.22458456,-1.2958658,-2.3677541,-1.0276117,-0.28538898,-0.22458456,6,1,2,6,7,2,4,5,7,7,7,1,2,5,8,3,5,8,8,8,-3.1879867,0.92046276,5.7990158,5.3377781,0.46123771
-14.603395,0.94777674,0.63413587,3,7,0,15.836528,0.9201562,1.277314,1.1753284,0.10198561,-0.41737662,-1.0757095,-1.4399302,-1.7070651,-0.36313433,-1.3807113,-2.2112368,-1.1697951,-0.41737662,-0.36313433,6,3,4,4,7,5,2,5,7,7,8,1,2,6,8,4,6,6,8,8,-1.6917893,0.77480137,0.95290812,0.73831452,0.2145936
-15.107364,0.96124922,0.63413587,1,1,0,15.184686,0.94130891,1.2543964,1.1807746,0.073621898,-0.37730566,-1.0442274,-1.4500356,-1.7313612,-0.3378037,-1.3677823,-2.2500601,-1.1725133,-0.37730566,-0.3378037,7,1,2,6,8,5,5,4,7,7,8,2,5,5,8,2,4,5,5,8,-1.9918684,0.5820926,1.970504,1.1470158,0.8234882
-13.812803,1,0.63413587,2,3,0,15.333583,0.63722512,1.7537712,1.117547,0.63622412,-1.0184635,-1.5475287,-1.3389454,-1.4557664,-0.734496,-1.6170249,-1.7460367,-1.2038188,-1.0184635,-0.734496,8,3,2,6,8,6,6,7,8,8,6,5,4,1,8,3,3,5,8,8,-0.49492614,0.54869802,1.7816047,0.97756297,0.80404172
-13.448394,0.99813848,0.63413587,3,7,0,14.266193,0.89978289,2.3783853,2.1400304,0.2383549,-0.38253594,-1.1122574,-1.3447715,-1.6377441,-0.30581496,-1.3432047,-2.2506013,-1.0769972,-0.38253594,-0.30581496,7,4,6,3,7,8,4,6,6,4,8,5,4,2,8,2,4,6,8,8,-1.76652,0.27544456,0.85702601,0.23606316,0.62096286
-13.193895,0.99661151,0.63413587,2,3,0,13.538655,0.86798319,2.5394879,2.2042328,0.33525509,-0.4507493,-1.168298,-1.326195,-1.5955556,-0.34783032,-1.3683421,-2.1845767,-1.0728533,-0.4507493,-0.34783032,7,2,3,2,6,5,2,7,5,3,8,2,4,5,8,2,7,7,8,8,-1.6464687,0.29244094,1.9765865,0.57803481,1.3985517
-13.625086,0.86093065,0.63413587,1,3,0,15.322302,0.79004319,1.3761122,1.087188,0.28892411,-0.68190989,-1.2774268,-1.3937386,-1.5810192,-0.53199946,-1.4774818,-1.982755,-1.1781915,-0.68190989,-0.53199946,6,4,2,3,8,3,3,5,7,5,6,2,2,5,8,1,8,7,8,8,-0.82939513,0.44047488,2.2089815,0.97300089,1.2359806
-14.011311,0.98072041,0.63413587,3,7,0,14.024343,0.90467031,3.7778354,3.4176955,0.36013987,-0.3321586,-1.1096227,-1.301512,-1.6232063,-0.25506394,-1.3139661,-2.3169468,-1.0273808,-0.3321586,-0.25506394,8,2,3,3,8,3,7,7,8,8,7,1,2,6,8,2,2,7,8,8,-3.022784,0.86408875,1.8818446,1.6260808,0.25576385
-13.531668,0.91034772,0.63413587,2,3,0,16.106099,0.89388189,1.8253222,1.6316225,0.19369975,-0.42436876,-1.1186969,-1.3763373,-1.6483983,-0.3463937,-1.3672937,-2.2044527,-1.1134594,-0.42436876,-0.3463937,6,3,3,5,8,6,2,8,6,4,8,2,3,7,8,5,5,5,7,8,-1.4078771,0.3025471,1.4697016,0.44465396,1.0250477
-16.073624,0.83656617,0.63413587,3,7,0,16.642206,0.98027816,2.5633977,2.5128428,0.050554909,-0.18996146,-0.97533036,-1.3706797,-1.7460827,-0.17503744,-1.2698359,-2.4629233,-1.0696537,-0.18996146,-0.17503744,6,1,3,5,7,4,2,2,6,7,8,3,3,6,7,3,5,7,8,8,-3.4445062,0.40789876,1.2113013,0.49408829,0.717213
-13.36721,0.96624527,0.63413587,3,7,0,15.791512,0.70380307,1.8521243,1.3035308,0.54859352,-0.85862177,-1.4376989,-1.3334921,-1.4825732,-0.62874642,-1.5450655,-1.8476297,-1.1642069,-0.85862177,-0.62874642,8,2,5,6,8,3,5,6,3,7,5,3,2,5,8,2,6,7,8,8,-0.63015334,0.6368998,1.0218629,0.6508243,0.37103864
-14.377548,0.82381283,0.63413587,2,3,0,14.676491,0.94385395,1.8549005,1.7507551,0.10414534,-0.31228829,-1.0374534,-1.3923788,-1.7074154,-0.27145949,-1.3254322,-2.3176789,-1.1091517,-0.31228829,-0.27145949,6,2,2,3,8,4,6,6,7,8,8,3,3,7,7,3,5,7,8,8,-2.0007907,0.86336361,1.6997655,1.4675157,0.23224982
-13.104362,0.82598651,0.63413587,1,3,0,16.109165,0.7488727,2.1400024,1.6025894,0.53741303,-0.74510591,-1.369292,-1.3184817,-1.4963052,-0.54779676,-1.493712,-1.9287763,-1.1268387,-0.74510591,-0.54779676,8,3,3,6,8,3,6,7,8,8,8,2,2,6,7,2,5,7,8,8,-0.87497611,0.63526593,6.3296825,4.0210316,2.3086509
-13.120579,0.97974519,0.63413587,2,3,0,13.297393,0.74141276,2.3558177,1.7466333,0.6091844,-0.75867163,-1.3880257,-1.3047736,-1.4805574,-0.55195425,-1.4984462,-1.918345,-1.1180856,-0.75867163,-0.55195425,7,3,2,2,7,5,6,5,5,8,6,1,5,7,8,5,7,4,5,8,-0.99626179,0.46976819,0.60108092,0.2823687,0.31871222
-13.013162,0.99256339,0.63413587,1,3,0,13.186814,0.80855993,2.1982119,1.777386,0.42082583,-0.60191263,-1.2669983,-1.3267681,-1.5444007,-0.45337352,-1.4326965,-2.0447704,-1.1037025,-0.60191263,-0.45337352,7,4,3,1,6,1,2,3,7,6,5,2,4,7,8,2,4,6,8,7,-1.1052165,0.30784724,1.7025633,0.52412941,1.1784339
-13.144462,0.98475682,0.63413587,2,3,0,13.195372,0.78840705,2.9431602,2.3204082,0.62275195,-0.63296727,-1.3145762,-1.2877227,-1.5009766,-0.4608646,-1.4416194,-2.0216113,-1.0760849,-0.63296727,-0.4608646,6,1,1,4,7,3,2,8,6,7,8,2,3,6,6,3,6,8,7,8,-1.6028596,0.66317579,0.95385231,0.63257175,0.32128055
-13.075983,0.95797798,0.63413587,1,3,0,13.839711,0.7907992,1.9503656,1.5423476,0.40801805,-0.65193054,-1.2923195,-1.3389707,-1.540133,-0.49200235,-1.4558239,-2.0025149,-1.1247161,-0.65193054,-0.49200235,8,2,3,2,8,3,3,7,8,8,8,5,1,7,8,2,3,5,6,7,-0.90248374,0.72680314,1.6113604,1.1711418,0.44021861
-13.066251,0.98176244,0.63413587,1,3,0,13.288479,0.76071432,2.4067774,1.83087,0.57590736,-0.71078329,-1.3549308,-1.3052553,-1.4937252,-0.51994273,-1.4773888,-1.9556431,-1.1080798,-0.71078329,-0.51994273,5,2,3,4,6,4,2,6,5,4,8,4,4,3,7,2,5,7,8,8,-1.0844698,0.16661302,0.80379068,0.133922,0.66986868
-13.053821,0.98044597,0.63413587,1,3,0,13.224183,0.83384738,2.5183697,2.099936,0.4184337,-0.53225342,-1.2277558,-1.3166848,-1.5583467,-0.40162219,-1.4014652,-2.1079394,-1.0805111,-0.53225342,-0.40162219,6,2,1,3,7,2,6,6,7,7,8,2,2,2,8,1,6,4,8,8,-1.4404249,0.48339463,2.2191553,1.0727278,1.1464275
-14.120844,0.90781553,0.63413587,3,7,0,14.662545,0.87651488,4.3981046,3.8550041,0.54310046,-0.39218799,-1.1636707,-1.2786109,-1.5792245,-0.29004391,-1.3361399,-2.2581643,-1.017694,-0.39218799,-0.29004391,5,7,3,5,7,3,3,3,7,7,8,3,4,5,8,5,5,6,8,8,-3.3806133,0.25237138,0.82502119,0.20821174,0.61680945
-13.284368,0.92764964,0.63413587,2,3,0,15.562782,0.88272029,2.291093,2.0223943,0.26869873,-0.42557366,-1.1408398,-1.3431413,-1.6194532,-0.3358637,-1.3608454,-2.2069087,-1.0834648,-0.42557366,-0.3358637,8,1,3,3,8,1,5,7,6,7,8,3,3,5,7,2,4,5,8,8,-1.567929,0.42639128,1.2607779,0.5375847,0.72319318
-13.745864,0.92290743,0.63413587,2,3,0,14.470309,0.87266501,3.8221313,3.3354403,0.48669106,-0.40995951,-1.168282,-1.2880996,-1.5796988,-0.30589468,-1.3450637,-2.2357675,-1.0300074,-0.40995951,-0.30589468,5,2,2,3,5,4,3,4,4,7,8,2,2,6,8,1,5,8,8,7,-2.8109071,0.2753704,2.6066854,0.71780399,1.8888814
-13.882481,0.9986753,0.63413587,3,7,0,13.967702,0.85389059,4.2127686,3.5972435,0.61552513,-0.45118524,-1.20499,-1.2736532,-1.5516879,-0.32998484,-1.36098,-2.1969783,-1.0251473,-0.45118524,-0.32998484,8,3,5,3,8,4,5,7,8,8,8,2,2,6,8,4,4,7,7,8,-3.0634729,0.85204578,2.5369214,2.1615731,0.37534823
-13.644328,0.86850371,0.63413587,1,3,0,16.049963,0.91355972,2.1577309,1.9712161,0.18651487,-0.36121274,-1.0878632,-1.3614627,-1.6605254,-0.29624719,-1.3379259,-2.2700528,-1.0886059,-0.36121274,-0.29624719,7,6,2,3,8,8,6,6,8,7,8,5,4,5,8,1,6,8,6,8,-1.7533217,0.69799918,2.7113717,1.8925352,0.81883648
-13.457741,1,0.63413587,1,1,0,13.640584,0.9002395,2.2508018,2.0262607,0.22454112,-0.38704121,-1.1107696,-1.3514337,-1.6415642,-0.31130173,-1.3464523,-2.2447803,-1.0839543,-0.38704121,-0.31130173,8,2,2,4,8,2,4,7,7,8,8,2,1,5,8,3,5,8,8,7,-1.6833096,0.90580735,2.4180242,2.1902641,0.2277601
-13.097269,1,0.63413587,2,3,0,13.47998,0.82921532,2.766496,2.2940209,0.47247515,-0.53685534,-1.238896,-1.3048054,-1.5466383,-0.40067055,-1.4018025,-2.1054027,-1.0708713,-0.53685534,-0.40067055,8,3,4,4,3,4,2,5,6,8,8,1,3,5,7,1,4,6,7,7,-1.6167558,0.58611943,1.5686402,0.91941051,0.64922971
-14.355459,0.84616911,0.63413587,2,5,0,15.380008,0.84314024,4.9963152,4.2125944,0.78372082,-0.47032591,-1.2289225,-1.2576352,-1.5313115,-0.33785575,-1.3676193,-2.1824678,-1.0145812,-0.47032591,-0.33785575,7,5,3,5,7,4,4,6,5,8,8,1,4,5,8,3,6,6,7,8,-3.7422341,0.15514597,3.1930732,0.49539243,2.6976807
-13.261006,0.96390134,0.63413587,2,3,0,15.085782,0.76141748,3.1012292,2.3613301,0.73989907,-0.69785101,-1.3662705,-1.2766072,-1.4722469,-0.50096833,-1.4693896,-1.9681752,-1.0805887,-0.69785101,-0.50096833,7,3,1,4,4,5,4,4,4,8,8,2,2,3,8,1,2,7,3,8,-1.656274,0.39463352,1.2424501,0.49031247,0.75213766
-13.031755,0.99717198,0.63413587,2,5,0,13.318511,0.78092321,2.1572394,1.6846383,0.47260108,-0.66839751,-1.3139868,-1.323143,-1.5213896,-0.49760256,-1.4608371,-1.9892431,-1.1144452,-0.66839751,-0.49760256,7,6,3,2,8,1,3,8,5,7,8,2,3,4,8,5,4,7,6,8,-0.97992821,0.27982728,2.05863,0.57606082,1.4825691
-13.079635,0.98324916,0.63413587,2,3,0,13.210085,0.80044181,1.9336907,1.5478068,0.38588381,-0.63023945,-1.2756075,-1.3422548,-1.5494039,-0.47831529,-1.447033,-2.020355,-1.1230839,-0.63023945,-0.47831529,8,2,1,3,5,3,5,8,8,5,8,3,4,4,7,3,7,8,8,7,-0.92997679,0.39384703,2.434162,0.95868747,1.4754745
-13.309647,0.9831806,0.63413587,3,7,0,13.468243,0.80079599,3.3476531,2.6807871,0.66686592,-0.59584611,-1.2968785,-1.2776915,-1.5040419,-0.43189589,-1.4244234,-2.0559678,-1.0592971,-0.59584611,-0.43189589,2,2,2,2,7,4,4,7,8,8,7,3,2,6,8,1,6,7,7,8,-2.0085477,0.38495035,2.6153821,1.0067923,1.6085899
-14.263962,0.61570536,0.63413587,1,3,0,16.521867,0.94417732,2.1970965,2.0744487,0.12264782,-0.29001542,-1.0366943,-1.3713955,-1.6993577,-0.24829066,-1.3109872,-2.3453377,-1.085845,-0.29001542,-0.24829066,5,5,3,1,8,2,3,6,5,5,8,1,2,7,8,1,5,7,8,8,-2.181853,0.37079244,1.3126493,0.48672045,0.82592887
-13.690693,0.99509564,0.63413587,2,7,0,14.312934,0.6457472,1.8843952,1.2168429,0.66755227,-0.99727965,-1.539743,-1.3280586,-1.4493611,-0.71687669,-1.6068692,-1.7568611,-1.1901818,-0.99727965,-0.71687669,7,4,1,3,8,4,5,7,6,8,8,2,4,3,7,2,3,7,7,4,-0.54982056,0.35279451,3.1510097,1.1116589,2.0393508
-13.251459,0.99927988,0.63413587,2,7,0,13.685552,0.8684856,1.9683168,1.7094548,0.25886201,-0.47306676,-1.1619136,-1.357852,-1.6144631,-0.37449079,-1.3835394,-2.159008,-1.1057397,-0.47306676,-0.37449079,8,2,4,4,8,5,3,6,6,8,8,1,3,4,8,3,2,5,7,8,-1.2813638,0.72455322,0.67647266,0.49014045,0.18633221
-13.256696,0.99388577,0.63413587,2,7,0,13.5369,0.81449033,3.2350508,2.6349176,0.60013319,-0.56353117,-1.2705661,-1.2845829,-1.5204777,-0.41206404,-1.4109674,-2.0841923,-1.0584805,-0.56353117,-0.41206404,8,3,6,2,7,6,6,8,7,8,7,3,2,4,7,1,4,8,8,8,-1.9604422,0.67893489,1.2214311,0.82927217,0.39215889
-13.456987,0.80631292,0.63413587,3,7,0,14.944207,0.68634595,1.8496461,1.2694971,0.58014901,-0.90011425,-1.4676247,-1.3323373,-1.4725402,-0.65554734,-1.5633913,-1.8195294,-1.1723172,-0.90011425,-0.65554734,8,5,2,6,7,5,4,5,8,7,8,3,1,2,7,7,8,2,8,7,-0.59708009,0.40516682,4.3861554,1.7771246,2.6090308
-13.817192,0.93918239,0.63413587,2,3,0,14.086725,0.91507848,1.7986021,1.6458621,0.15274003,-0.3793913,-1.0840544,-1.3857058,-1.6739324,-0.31750345,-1.3510575,-2.2484356,-1.1141086,-0.3793913,-0.31750345,6,2,2,6,7,4,2,5,6,8,7,1,3,4,8,1,4,8,8,7,-1.5983451,0.22932476,1.7658892,0.40496212,1.3609271
-14.884035,0.94665355,0.63413587,2,7,0,15.490585,0.77391695,5.7621141,4.4593978,1.3027163,-0.64588073,-1.3663271,-1.2286546,-1.4468465,-0.44871545,-1.4438676,-2.0220269,-1.0274078,-0.64588073,-0.44871545,7,3,2,4,7,6,3,5,5,6,7,4,3,6,8,4,4,7,8,7,-4.1678735,0.4371145,2.9021337,1.2685647,1.633569
-16.082746,0.93659457,0.63413587,2,7,0,16.842251,0.79950922,0.73204262,0.58527482,0.14676779,-0.73666894,-1.240279,-1.523547,-1.6888819,-0.61617627,-1.5305565,-1.9784477,-1.2995167,-0.73666894,-0.61617627,8,1,2,4,6,4,3,5,6,6,7,2,2,8,8,5,6,8,8,7,-1.9731658,0.3731292,5.6780654,2.118652,3.5594134
-14.103943,0.96810382,0.63413587,2,3,0,16.741101,0.68267536,1.2807489,0.87433571,0.40641319,-0.92133706,-1.4424064,-1.3936492,-1.5256091,-0.6920677,-1.5790425,-1.8178975,-1.2280641,-0.92133706,-0.6920677,3,3,4,4,4,5,7,7,5,4,8,1,1,3,5,3,4,4,6,8,-0.60834353,0.2801232,0.78228049,0.21913491,0.56314558
-13.564623,0.90873695,0.63413587,2,7,0,14.922989,0.6554637,2.2691402,1.487339,0.78180115,-0.97149428,-1.5392968,-1.3021957,-1.4301638,-0.690722,-1.5941518,-1.769416,-1.1631183,-0.97149428,-0.690722,4,1,7,3,8,6,2,7,8,8,6,3,2,4,7,6,7,7,7,8,-0.7732811,0.88520338,1.2432518,1.1005307,0.14272111
-14.062658,0.55952342,0.63413587,2,7,0,17.443555,0.93305623,2.8632255,2.6715504,0.19167509,-0.28708686,-1.056482,-1.3382156,-1.6731337,-0.23502452,-1.3020904,-2.3566885,-1.0539316,-0.28708686,-0.23502452,7,3,2,6,8,7,2,7,8,8,8,3,3,4,8,2,5,8,7,8,-2.51665,0.8182028,1.5786793,1.2916798,0.28699948
-15.155372,0.89127443,0.63413587,2,7,0,16.645293,0.8802602,0.95335169,0.83919755,0.11415414,-0.54434425,-1.1340929,-1.4826299,-1.7027107,-0.46796848,-1.4432678,-2.1070255,-1.2291229,-0.54434425,-0.46796848,6,4,3,4,7,3,4,5,8,7,8,1,6,6,8,1,7,6,8,8,-1.7341531,0.53224136,2.7177162,1.446481,1.2712352
-14.923793,1,0.63413587,2,3,0,16.121824,0.5859001,1.184982,0.69428105,0.49070092,-1.1372822,-1.5877359,-1.4086549,-1.5041316,-0.8360575,-1.6754006,-1.6999677,-1.2867469,-1.1372822,-0.8360575,8,2,4,3,8,3,4,7,8,8,7,3,2,3,8,7,4,5,8,8,-0.56794965,0.81584922,2.3655685,1.9299472,0.43562128
-13.075173,1,0.63413587,2,3,0,14.69576,0.82748839,2.0118859,1.6648123,0.34707369,-0.56469483,-1.2313888,-1.3432398,-1.5705682,-0.43345049,-1.4193545,-2.0763131,-1.1106137,-0.56469483,-0.43345049,5,3,1,4,4,6,2,8,4,6,7,3,2,7,8,3,5,7,8,8,-1.0798256,0.13146594,3.741967,0.4919412,3.2500258
-14.663112,0.84684087,0.63413587,2,3,0,14.847097,0.93582367,3.9921658,3.7359632,0.25620255,-0.25238321,-1.0535414,-1.3108055,-1.6671909,-0.20067202,-1.2819532,-2.4074419,-1.0216604,-0.25238321,-0.20067202,7,4,3,4,8,4,4,4,7,4,8,4,2,7,8,6,5,7,8,8,-3.5862929,0.076203321,1.6957021,0.12921813,1.5664839
-14.159629,0.99958063,0.63413587,3,7,0,14.713446,0.64634347,1.362544,0.8806714,0.48187258,-1.0006067,-1.5066287,-1.3811577,-1.4990407,-0.73883184,-1.6122101,-1.7666516,-1.2347295,-1.0006067,-0.73883184,8,2,3,6,8,3,3,5,8,8,7,2,4,3,7,5,5,6,7,8,-0.51383387,0.61733237,3.6684334,2.2646427,1.4037907
-13.5582,1,0.63413587,2,3,0,14.295479,0.82561968,1.4357249,1.1853627,0.25036218,-0.60074664,-1.2230048,-1.3939132,-1.6043279,-0.47624835,-1.4437935,-2.0468883,-1.1622212,-0.60074664,-0.47624835,6,1,3,3,6,3,6,5,6,7,8,1,4,6,8,1,5,8,6,8,-0.9535938,0.36365125,2.0698391,0.75269958,1.3171395
-13.526584,0.93747544,0.63413587,2,3,0,14.59516,0.74387784,1.4888409,1.1075158,0.38132514,-0.77734578,-1.355538,-1.3727957,-1.5374681,-0.58904706,-1.5143062,-1.9094972,-1.1799766,-0.77734578,-0.58904706,6,3,3,7,8,3,6,8,7,8,5,1,3,3,8,2,3,7,6,8,-0.6642352,0.74746859,2.5883945,1.9347436,0.65365091
-13.960971,0.91327005,0.63413587,2,5,0,14.758194,0.88932936,3.9722155,3.5326079,0.43960764,-0.36643118,-1.1383413,-1.2913223,-1.6002406,-0.27608553,-1.3269134,-2.2820322,-1.02441,-0.36643118,-0.27608553,7,5,3,5,6,1,4,8,7,6,7,1,2,6,8,1,3,7,7,8,-3.0735175,0.64468299,1.8094554,1.1665251,0.64293027
-14.708204,0.91252873,0.63413587,3,7,0,16.078093,0.95764553,2.5142981,2.4078063,0.10649177,-0.24376125,-1.0138656,-1.362192,-1.7129074,-0.21159662,-1.2897228,-2.4004556,-1.0696539,-0.24376125,-0.21159662,5,1,2,2,5,4,5,6,8,7,8,2,4,4,8,4,4,8,8,7,-2.6657259,0.33743375,3.0441099,1.0271854,2.0169245
-15.530108,0.93632117,0.63413587,2,7,0,16.723814,0.92370075,0.99609791,0.92009639,0.07600152,-0.45307032,-1.0728389,-1.485877,-1.7359175,-0.40433056,-1.4085706,-2.1847526,-1.2166229,-0.45307032,-0.40433056,7,5,3,4,7,3,6,6,8,7,8,2,4,5,8,1,5,8,7,7,-2.0543582,0.6594964,2.0782989,1.3706307,0.70766827
-14.13179,0.98427581,0.63413587,2,3,0,15.909876,0.87817669,1.2645665,1.1105129,0.15405368,-0.50522173,-1.1389547,-1.4290321,-1.6662763,-0.42177917,-1.4129252,-2.1309174,-1.1751749,-0.50522173,-0.42177917,5,2,1,3,7,2,5,5,6,8,7,2,1,5,6,2,4,5,8,7,-1.324146,0.40645248,1.8109962,0.73608388,1.0749123
-14.057891,0.95403875,0.63413587,3,7,0,15.983584,0.59372353,2.3691656,1.4066294,0.96253626,-1.1279466,-1.6562051,-1.2982246,-1.3986663,-0.78837515,-1.667269,-1.6743882,-1.1949496,-1.1279466,-0.78837515,8,1,2,3,7,5,6,6,5,4,5,3,6,5,8,4,4,7,8,8,-0.776019,0.38467871,1.4196696,0.54611667,0.87355293
-13.417006,1,0.63413587,2,3,0,14.142288,0.86025116,1.6493999,1.4188982,0.23050172,-0.51017973,-1.1715607,-1.3806841,-1.6214679,-0.40849358,-1.4036077,-2.1239538,-1.1331805,-0.51017973,-0.40849358,7,2,4,6,8,1,4,6,5,8,8,3,1,8,8,5,4,8,8,7,-1.1271768,0.75563045,2.9010621,2.1921309,0.70893124
-13.26569,0.96794116,0.63413587,2,7,0,14.329968,0.87645541,2.6345197,2.309039,0.32548065,-0.42768728,-1.154275,-1.3249706,-1.603284,-0.3311171,-1.358396,-2.2079345,-1.0672845,-0.42768728,-0.3311171,6,2,4,7,6,2,7,6,7,8,7,3,1,5,7,2,4,7,7,8,-1.777615,0.74549731,1.3781343,1.0273954,0.35073889
-14.177213,0.9504787,0.63413587,2,3,0,14.240648,0.58023788,2.3521825,1.3648254,0.98735711,-1.1625377,-1.6804088,-1.3003083,-1.3952434,-0.81065922,-1.6837374,-1.6553373,-1.2043679,-1.1625377,-0.81065922,5,5,3,6,8,5,4,5,7,5,6,3,3,5,6,6,1,8,7,7,-0.75437511,0.39986011,1.0461173,0.4183006,0.62781674
-13.398488,1,0.63413587,2,7,0,14.476815,0.83595748,3.465912,2.8973551,0.56855693,-0.50655246,-1.2333712,-1.2842603,-1.5398981,-0.37241513,-1.3861861,-2.1383468,-1.0462213,-0.50655246,-0.37241513,7,4,1,2,4,3,6,7,6,8,7,1,3,5,8,1,3,6,8,8,-2.2684379,0.44702265,2.9430013,1.3155882,1.627413
-13.483196,0.99674079,0.63413587,3,7,0,13.599127,0.87627501,3.2702334,2.8656238,0.40460961,-0.41142051,-1.1587713,-1.3030782,-1.5914127,-0.31207663,-1.347895,-2.2298352,-1.0440733,-0.41142051,-0.31207663,8,2,6,3,8,8,4,7,6,8,8,1,4,2,8,2,3,7,7,7,-2.3242282,0.85151454,1.9475113,1.6583342,0.2891771
-13.570255,0.99978347,0.63413587,2,3,0,13.805312,0.74685469,3.6256054,2.7078004,0.91780501,-0.72942618,-1.4007616,-1.2587051,-1.4478744,-0.5158066,-1.4825854,-1.9445007,-1.0722276,-0.72942618,-0.5158066,7,2,2,4,8,2,3,6,5,8,8,3,3,5,8,6,4,8,8,7,-2.0954798,0.17792409,1.8333522,0.32619752,1.5071546
-14.192485,0.75563271,0.63413587,2,3,0,15.271797,0.60298583,3.0256552,1.8244272,1.201228,-1.1071911,-1.662366,-1.2689774,-1.3744593,-0.76446489,-1.6583253,-1.6823136,-1.1666502,-1.1071911,-0.76446489,7,2,1,4,8,5,2,8,8,7,7,2,4,4,5,3,3,3,7,8,-1.3135641,0.72123551,1.0828125,0.78096284,0.30184968
-13.971512,0.99814093,0.63413587,3,7,0,14.343042,0.93120117,2.0898571,1.9460774,0.14377972,-0.32514755,-1.0582332,-1.3721682,-1.6846942,-0.27394485,-1.3255775,-2.3066881,-1.0923736,-0.32514755,-0.27394485,5,5,2,6,6,4,7,6,5,7,8,3,7,4,8,5,7,5,8,8,-1.9228391,0.36991651,0.97147145,0.35936332,0.61210812
-13.266481,0.94605961,0.63413587,1,3,0,14.970242,0.84802083,3.1069722,2.6347772,0.47219504,-0.4835964,-1.2085228,-1.2984082,-1.5600265,-0.36129684,-1.3780682,-2.1575955,-1.0542345,-0.4835964,-0.36129684,8,1,3,4,6,3,5,7,6,8,8,2,5,3,8,2,3,6,7,8,-2.0046256,0.68963057,1.9384404,1.3368078,0.60163266
-14.872018,0.8039615,0.63413587,2,3,0,16.016355,0.85000199,5.7229924,4.8645549,0.85843746,-0.44711549,-1.2185511,-1.2513378,-1.5351756,-0.31940321,-1.3568832,-2.2091144,-1.0039358,-0.44711549,-0.31940321,7,4,4,4,8,1,3,6,6,8,7,3,4,3,7,4,6,7,8,6,-4.4488246,0.59128414,1.7924876,1.0598695,0.73261812
-15.811862,0.77256826,0.63413587,2,3,0,17.688801,0.45956684,3.071969,1.4117751,1.6601939,-1.4997477,-1.9448643,-1.2955431,-1.3484612,-1.010372,-1.853394,-1.4865696,-1.2746718,-1.4997477,-1.010372,7,3,2,4,8,2,6,8,4,7,8,2,1,4,7,2,3,6,5,7,-1.3175822,0.40545769,2.2622421,0.91724345,1.3449986
-13.85791,1,0.63413587,3,7,0,15.412853,0.64300503,3.0176304,1.9403515,1.0772789,-1.0017607,-1.5858611,-1.2679989,-1.3927017,-0.69747842,-1.6081094,-1.7472479,-1.1418323,-1.0017607,-0.69747842,8,2,2,6,8,5,6,8,8,8,7,3,6,3,7,1,1,8,8,7,-1.3485161,0.96094071,1.3158458,1.2644498,0.051395999
-14.040302,0.94179304,0.63413587,3,7,0,15.161366,0.65348214,3.5280445,2.3055141,1.2225304,-0.97378632,-1.5773722,-1.2522299,-1.3838559,-0.67376368,-1.5952755,-1.765096,-1.1224874,-0.97378632,-0.67376368,6,2,3,6,5,1,3,4,8,4,8,4,5,5,7,3,3,7,6,7,-1.8243684,0.38237713,0.90218637,0.34497544,0.55721093
-14.240928,0.95488604,0.63413587,2,3,0,15.14301,0.79106844,4.8711108,3.8533821,1.0177288,-0.60561913,-1.3278315,-1.2440381,-1.4725313,-0.42672051,-1.4263657,-2.054559,-1.0318297,-0.60561913,-0.42672051,7,5,4,1,8,2,4,4,8,8,8,1,3,6,8,6,5,5,7,8,-3.4022957,0.66290859,1.2667272,0.83972431,0.42700285
-15.396889,0.89042919,0.63413587,2,3,0,15.589811,0.62604151,5.2485272,3.2857959,1.9627313,-1.0492056,-1.6572433,-1.2197318,-1.3393779,-0.70975562,-1.6334047,-1.7161204,-1.1134788,-1.0492056,-0.70975562,5,5,6,5,6,4,3,8,8,7,8,4,3,6,7,4,5,6,7,7,-3.4056078,0.59438744,2.0665916,1.2283561,0.83823553
-13.606049,1,0.63413587,2,3,0,15.383195,0.83762628,3.8384832,3.2152144,0.62326878,-0.49682733,-1.2330235,-1.2758118,-1.5363798,-0.36269142,-1.3810179,-2.150052,-1.0365927,-0.49682733,-0.36269142,5,3,5,4,7,1,4,7,6,7,8,2,7,5,7,3,6,8,7,8,-2.6241728,0.55330724,1.2572582,0.69565006,0.56160813
-14.674332,0.88952542,0.63413587,2,3,0,14.944932,0.93693103,3.9674203,3.7171992,0.2502211,-0.2501607,-1.0514957,-1.311785,-1.6690347,-0.19938797,-1.2812084,-2.4097569,-1.0222131,-0.2501607,-0.19938797,4,1,3,4,8,3,3,3,7,6,8,1,5,4,8,3,3,5,7,8,-3.5791849,0.3318593,0.72154103,0.2394501,0.48209093
-15.218321,0.96329516,0.63413587,1,1,0,15.249325,0.95231257,4.1481407,3.9503266,0.19781417,-0.2095507,-1.0238043,-1.3158187,-1.692183,-0.17117182,-1.2649565,-2.4586853,-1.0191192,-0.2095507,-0.17117182,7,2,2,3,8,6,3,7,7,7,8,3,4,7,8,3,5,8,7,8,-4.0130201,0.61433943,1.6344103,1.0040827,0.63032762
-13.762137,0.98683602,0.63413587,2,3,0,16.129467,0.92153068,2.2195383,2.0453727,0.17416567,-0.3400024,-1.0746854,-1.3610936,-1.6690334,-0.28089823,-1.3290889,-2.2926028,-1.0845711,-0.3400024,-0.28089823,8,2,3,3,8,3,5,6,8,6,8,1,3,7,8,3,6,8,8,8,-1.8797931,0.68924123,2.0813719,1.4345674,0.64680458
-13.847296,0.98767047,0.63413587,2,3,0,14.353041,0.9090749,3.3552254,3.0501512,0.30507421,-0.33026956,-1.1002544,-1.3133791,-1.6336492,-0.25773931,-1.3152477,-2.3150916,-1.0381839,-0.33026956,-0.25773931,7,2,2,4,4,6,1,7,7,8,8,1,3,7,8,4,5,7,8,7,-2.6729449,0.083461709,1.0425506,0.087013051,0.95553751
-14.651929,0.86408648,0.63413587,3,7,0,17.238587,0.62544917,4.156382,2.5996057,1.5567763,-1.049509,-1.6435699,-1.2376388,-1.3556906,-0.71656775,-1.6322025,-1.715781,-1.1280571,-1.049509,-0.71656775,8,1,4,6,8,4,5,4,7,8,8,2,1,3,8,2,7,6,8,6,-2.380168,0.62924743,2.0243516,1.273818,0.75053354
-14.457813,0.85694948,0.63413587,3,7,0,17.363124,0.61378001,3.6894352,2.2645016,1.4249336,-1.0803758,-1.6579041,-1.2486115,-1.3601422,-0.74007585,-1.646468,-1.6968643,-1.1440674,-1.0803758,-0.74007585,8,3,2,5,6,4,5,7,6,8,6,1,4,5,8,3,8,8,7,8,-1.9288589,0.65645749,0.95779713,0.6287531,0.32904403
-14.568958,0.99479749,0.63413587,1,1,0,14.84407,0.62052338,3.9626059,2.4588896,1.5037163,-1.0626369,-1.6499532,-1.2419005,-1.3571639,-0.72642691,-1.6382898,-1.707594,-1.1345479,-1.0626369,-0.72642691,5,1,5,4,5,5,2,6,7,8,7,4,1,5,7,5,4,4,7,8,-2.192129,0.47016704,1.799506,0.84606842,0.9534376
-15.163673,0.87607518,0.63413587,1,1,0,15.342662,0.57703244,4.2430649,2.4483861,1.7946788,-1.1834256,-1.7418773,-1.2395272,-1.3342586,-0.80073985,-1.6979345,-1.6351584,-1.1604963,-1.1834256,-0.80073985,5,3,5,3,7,3,4,5,7,7,7,3,4,3,7,1,6,7,8,7,-2.4210596,0.55978265,1.1766071,0.65864424,0.51796286
-13.610925,1,0.63413587,2,3,0,15.433869,0.88718062,1.647005,1.4611909,0.18581407,-0.45139006,-1.1282127,-1.3889607,-1.6493893,-0.36990134,-1.3812686,-2.1779716,-1.1297415,-0.45139006,-0.36990134,5,2,2,5,6,5,6,4,5,8,6,2,3,6,8,4,6,6,8,8,-1.3100827,0.16348345,1.3042613,0.21322513,1.0910362
-13.876885,0.98556713,0.63413587,2,3,0,14.190664,0.68610907,1.4008185,0.96111428,0.43970423,-0.91007281,-1.4446786,-1.3776583,-1.5127494,-0.67877338,-1.5721693,-1.8211362,-1.2123111,-0.91007281,-0.67877338,5,5,2,4,8,3,2,7,6,8,6,1,3,2,8,2,6,4,7,5,-0.56011781,0.21513046,7.6887112,1.654076,6.0346353
-13.063413,0.85210314,0.63413587,3,7,0,15.109398,0.83721946,2.1506597,1.8005741,0.35008554,-0.53661362,-1.2170106,-1.3369939,-1.5743654,-0.4117503,-1.4064484,-2.1017833,-1.0994593,-0.53661362,-0.4117503,8,3,3,4,7,5,4,7,6,5,8,3,5,4,8,5,6,7,8,8,-1.2033774,0.4352323,2.7966881,1.217209,1.5794791
-14.067814,0.83808624,0.63413587,2,3,0,14.526432,0.93696881,2.4196675,2.267153,0.15251453,-0.2952872,-1.048996,-1.357395,-1.6852979,-0.24740609,-1.3097897,-2.342396,-1.0734918,-0.2952872,-0.24740609,7,1,4,5,6,3,4,3,7,8,8,3,3,3,8,2,3,8,7,8,-2.2194604,0.70412746,2.3898991,1.6827936,0.7071055
-13.931629,0.88098224,0.63413587,2,3,0,16.308,0.84991355,4.3153428,3.6676683,0.64767445,-0.45995264,-1.2129442,-1.2704485,-1.545707,-0.33503077,-1.3644177,-2.188925,-1.0240463,-0.45995264,-0.33503077,8,4,1,2,8,4,4,7,7,6,8,1,4,2,8,3,5,6,8,7,-3.1381861,0.48261556,3.3933178,1.637668,1.7556498
-14.378862,0.95299272,0.63413587,3,7,0,15.036931,0.60297973,3.3881402,2.0429798,1.3451603,-1.1086309,-1.6721695,-1.2573637,-1.3633385,-0.76103317,-1.6596449,-1.6803522,-1.1576135,-1.1086309,-0.76103317,8,2,4,5,8,2,4,6,8,6,7,4,5,2,8,2,5,8,8,8,-1.6396931,0.53669907,4.2834229,2.2989091,1.9845138
-13.577995,1,0.63413587,1,1,0,14.191734,0.69963486,3.2227123,2.2547219,0.96799043,-0.85399459,-1.483454,-1.2638433,-1.4205898,-0.60030188,-1.5393995,-1.8482408,-1.1047331,-0.85399459,-0.60030188,4,4,3,1,7,7,2,2,4,5,7,3,2,3,8,2,5,7,7,8,-1.6194117,0.26241326,0.73558588,0.19302749,0.54255839
-13.357267,1,0.63413587,2,7,0,13.618266,0.89109037,2.3541439,2.097755,0.25638894,-0.40362369,-1.1269829,-1.3428293,-1.6277075,-0.32017279,-1.3516125,-2.2291729,-1.0790871,-0.40362369,-0.32017279,6,1,2,8,7,1,5,6,8,7,8,2,4,6,8,4,6,7,8,8,-1.6759129,0.73728136,1.2972826,0.95646228,0.34082032
-13.495316,0.98585417,0.63413587,2,7,0,13.768534,0.87891769,3.2550823,2.8609494,0.39413287,-0.40534491,-1.153929,-1.3044683,-1.5949826,-0.30824826,-1.3455268,-2.2358535,-1.0441644,-0.40534491,-0.30824826,7,5,2,3,7,4,4,6,7,8,8,3,3,3,8,4,3,7,8,8,-2.3290733,0.34068496,5.5222936,1.8813624,3.6409312
-13.34242,0.98748009,0.63413587,2,7,0,13.954193,0.78167112,1.5833745,1.2376781,0.34569638,-0.6883702,-1.2975552,-1.3686748,-1.5565055,-0.5274447,-1.4758297,-1.9749862,-1.1579319,-0.6883702,-0.5274447,6,7,3,4,5,6,3,8,7,5,8,2,2,5,6,2,3,7,8,5,-0.77079164,0.30870131,0.71084415,0.21943852,0.49140563
-13.754651,0.94024841,0.63413587,2,3,0,14.024413,0.65092162,1.7010524,1.1072518,0.59380063,-0.98615274,-1.521007,-1.3438063,-1.4662287,-0.71558748,-1.6027117,-1.76659,-1.200722,-0.98615274,-0.71558748,7,2,1,3,8,3,2,4,3,8,6,4,5,3,8,3,6,6,7,8,-0.49952711,0.11476965,3.0952221,0.35523757,2.7399845
-13.332169,1,0.63413587,3,7,0,13.77667,0.88712162,2.1868576,1.9400086,0.24684894,-0.42001073,-1.1325687,-1.3503257,-1.6277016,-0.33438318,-1.3599397,-2.2114419,-1.0889811,-0.42001073,-0.33438318,4,3,2,2,6,4,4,7,3,5,7,1,3,7,8,5,6,6,8,8,-1.5336706,0.17922225,3.5198301,0.63083188,2.8889983
-13.02318,0.98421497,0.63413587,3,7,0,13.811373,0.82433412,2.2653291,1.8673881,0.39794103,-0.56260378,-1.2408533,-1.3268937,-1.5570227,-0.42626802,-1.4159148,-2.0792336,-1.0957482,-0.56260378,-0.42626802,8,1,3,3,8,3,4,7,7,7,8,2,1,3,8,2,3,7,5,8,-1.2151396,0.76598342,1.817852,1.3924445,0.4254075
-14.751992,0.86304822,0.63413587,2,3,0,15.003973,0.81767123,5.638058,4.6100778,1.0279802,-0.53145985,-1.2805195,-1.24166,-1.4958011,-0.37484277,-1.3932448,-2.1260764,-1.0133572,-0.53145985,-0.37484277,5,2,1,1,7,1,2,4,6,8,8,4,4,4,8,3,3,5,8,8,-4.2150291,0.1463128,2.165107,0.31678286,1.8483241
-14.368035,1,0.63413587,2,3,0,14.852706,0.76184642,4.9633408,3.7813034,1.1820374,-0.68158182,-1.384951,-1.2359855,-1.442127,-0.47549374,-1.4602162,-1.9886882,-1.0418707,-0.68158182,-0.47549374,6,3,2,3,6,6,4,7,8,4,8,1,5,5,6,3,2,8,8,7,-3.3952751,0.42390484,0.93344473,0.39569174,0.53775299
-13.543228,0.98974102,0.63413587,3,7,0,14.819444,0.74683839,3.576823,2.6713087,0.90551427,-0.72988067,-1.4001578,-1.2599578,-1.4488351,-0.51656045,-1.4828407,-1.943968,-1.0734032,-0.72988067,-0.51656045,7,4,1,6,4,5,5,3,4,7,6,5,6,6,8,5,5,7,5,8,-2.0500245,0.47163331,2.3670865,1.1163968,1.2506896
-13.561123,0.95087048,0.63413587,3,7,0,14.099687,0.90845225,2.4795645,2.2525659,0.22699855,-0.35837661,-1.0978972,-1.3432905,-1.6463864,-0.28804279,-1.3328375,-2.2763801,-1.0712512,-0.35837661,-0.28804279,6,3,3,4,7,3,4,6,5,8,6,1,1,7,8,5,4,7,8,8,-1.9214171,0.51587949,3.0994297,1.5989323,1.5004975
-13.641975,0.98579924,0.63413587,2,3,0,13.985468,0.90465831,3.0059421,2.7193505,0.2865916,-0.34974726,-1.1067914,-1.321796,-1.6321637,-0.27455764,-1.3249997,-2.2909246,-1.0496649,-0.34974726,-0.27455764,5,1,3,3,5,5,5,7,7,7,8,2,1,4,8,2,8,8,8,7,-2.31713,0.28584593,2.4142121,0.6900927,1.7241194
-13.690429,0.98393368,0.63413587,3,7,0,14.140642,0.91752583,2.2735657,2.0860553,0.18751045,-0.34647431,-1.0816118,-1.3566987,-1.6626102,-0.28405949,-1.3307732,-2.28647,-1.0816042,-0.34647431,-0.28405949,7,2,4,3,8,4,4,6,5,7,6,5,3,3,7,2,4,8,8,8,-1.8695976,0.49285357,1.1771764,0.58017559,0.5970008
-14.002926,0.97925132,0.63413587,2,7,0,14.503536,0.92253229,3.2453444,2.993935,0.25140939,-0.3007303,-1.0759054,-1.3219666,-1.653712,-0.23939986,-1.3044462,-2.3459793,-1.040914,-0.3007303,-0.23939986,7,3,2,5,8,5,1,4,6,6,8,4,5,4,8,3,3,7,8,8,-2.7184361,0.62348054,1.0596665,0.66068146,0.39898507
-13.299916,1,0.63413587,2,3,0,14.040419,0.82103461,3.3163861,2.7228678,0.59351833,-0.54597528,-1.2594027,-1.2839934,-1.5259018,-0.39971443,-1.4032642,-2.1006697,-1.0542447,-0.54597528,-0.39971443,7,3,4,5,7,3,5,5,7,6,8,1,2,4,5,2,5,8,8,8,-2.062183,0.4409859,2.5097033,1.1067438,1.4029595
-13.349092,0.98504439,0.63413587,3,7,0,13.590477,0.87709676,2.9222899,2.563131,0.35915888,-0.41778731,-1.1551557,-1.3142871,-1.5981929,-0.32043674,-1.3523954,-2.2203724,-1.0556008,-0.41778731,-0.32043674,5,2,4,2,8,3,3,6,5,8,8,1,3,6,7,2,5,8,8,8,-2.0215114,0.57430379,0.73277009,0.42083264,0.31193745
-13.171389,0.97377902,0.63413587,2,3,0,13.771592,0.80423846,3.0409813,2.4456741,0.59530718,-0.59219084,-1.2870833,-1.2881033,-1.5140848,-0.43305372,-1.423823,-2.0574798,-1.067681,-0.59219084,-0.43305372,6,2,4,7,6,3,3,6,7,7,8,4,3,3,8,4,5,5,7,7,-1.746107,0.75299867,2.1887512,1.6481267,0.54062446
-13.337799,0.88964337,0.63413587,1,3,0,14.462563,0.87686367,1.9034064,1.6690279,0.23437847,-0.45765863,-1.1473309,-1.3650262,-1.6262467,-0.36609689,-1.3785905,-2.1731169,-1.1093106,-0.45765863,-0.36609689,8,2,4,7,8,2,5,6,8,8,7,1,5,6,8,3,7,6,7,7,-1.3084448,0.86800815,7.4476753,6.4646429,0.98303245
-13.151051,0.95524451,0.63413587,2,3,0,13.934402,0.84585421,1.945354,1.6454859,0.29986813,-0.5255998,-1.199438,-1.3527844,-1.5917901,-0.40957949,-1.4045359,-2.1107264,-1.1113212,-0.5255998,-0.40957949,7,4,4,6,7,2,4,6,7,8,8,3,4,7,8,2,6,6,8,7,-1.1382755,0.55217582,4.046679,2.2344783,1.8122007
-13.866337,0.93912917,0.63413587,2,3,0,14.237577,0.85743226,1.3256948,1.1366935,0.18900131,-0.54217512,-1.1713271,-1.4152667,-1.6417579,-0.44295833,-1.4244835,-2.0977441,-1.1697687,-0.54217512,-0.44295833,8,2,3,2,7,2,2,6,8,8,6,3,3,8,8,3,7,7,6,7,-1.1559078,0.45932906,0.92286704,0.42389965,0.49896739
-15.712137,0.91552022,0.63413587,2,3,0,15.988567,0.46836381,1.368814,0.64110296,0.72771108,-1.4162487,-1.8030724,-1.3999905,-1.4631838,-1.0022559,-1.8038371,-1.5640699,-1.3387419,-1.4162487,-1.0022559,7,2,2,5,8,2,5,8,8,8,8,1,2,4,5,3,3,8,6,4,-0.42587141,0.81592091,2.733374,2.230217,0.50315701
-14.902289,0.9438443,0.63413587,2,3,0,16.856755,0.9531422,1.5847557,1.5104975,0.074258168,-0.31491775,-1.0235999,-1.4177996,-1.7282443,-0.28189158,-1.3334768,-2.3126839,-1.1332621,-0.31491775,-0.28189158,5,5,1,6,6,5,4,7,8,6,8,1,5,6,8,4,5,8,8,7,-2.1114054,0.29336081,2.1613321,0.63405015,1.527282
-14.146313,0.98526952,0.63413587,2,3,0,15.355326,0.90959917,1.4301154,1.3008318,0.12928362,-0.42215674,-1.0917376,-1.4179378,-1.6856882,-0.35904769,-1.3765873,-2.2056814,-1.1507584,-0.42215674,-0.35904769,8,1,6,5,8,5,3,7,6,7,8,1,4,5,8,3,7,7,8,8,-1.5150157,0.75996226,2.1687915,1.6481997,0.52059181
-13.991245,1,0.63413587,2,3,0,14.19846,0.90452985,1.4873774,1.3453773,0.14200014,-0.42733081,-1.0997814,-1.4100839,-1.6768153,-0.3600522,-1.3766317,-2.2006316,-1.1445511,-0.42733081,-0.3600522,6,3,2,4,6,4,4,8,8,6,8,2,4,3,8,6,5,6,6,7,-1.4557172,0.32702581,4.3366106,1.4181836,2.918427
-13.550538,0.9767837,0.63413587,3,7,0,14.874447,0.88546948,3.2625171,2.8888593,0.37365777,-0.38932303,-1.1421947,-1.3066745,-1.6032692,-0.29762957,-1.3390733,-2.2522645,-1.0430921,-0.38932303,-0.29762957,7,1,5,4,8,2,3,7,7,6,8,3,3,3,7,1,6,4,8,7,-2.3840126,0.6914163,1.4509853,1.0032349,0.44775042
-13.116139,0.98001307,0.63413587,2,3,0,13.93796,0.84858787,2.078158,1.7634997,0.31465833,-0.51330482,-1.1966773,-1.3446771,-1.5889294,-0.39816374,-1.3979196,-2.1224746,-1.1016897,-0.51330482,-0.39816374,5,4,2,3,5,4,3,7,6,8,8,1,4,4,8,1,2,6,8,8,-1.2203844,0.44203982,1.9454598,0.85997067,1.0854891
-13.175619,0.95754094,0.63413587,2,3,0,13.582451,0.86247614,2.6144201,2.254875,0.35954515,-0.46138635,-1.1785745,-1.3211348,-1.5873156,-0.35357671,-1.3719961,-2.1749517,-1.0703419,-0.46138635,-0.35357671,8,2,3,3,7,5,4,6,7,7,7,1,3,4,8,3,5,7,8,8,-1.6705155,0.66152535,1.5889002,1.0510978,0.53780245
-13.491633,0.97299534,0.63413587,2,3,0,13.726628,0.76837365,1.4752677,1.1335569,0.34171089,-0.72349145,-1.3154207,-1.3780128,-1.5556834,-0.55464039,-1.4922081,-1.9493962,-1.1731917,-0.72349145,-0.55464039,5,1,3,4,7,1,1,7,2,4,6,1,3,6,8,2,2,7,7,8,-0.73418661,0.14469007,2.6442532,0.38259717,2.261656
-14.055168,0.80793485,0.63413587,3,7,0,15.439907,0.71778908,4.218051,3.0276709,1.1903801,-0.80146526,-1.46355,-1.2410922,-1.4134051,-0.55744876,-1.5150358,-1.8895634,-1.0735948,-0.80146526,-0.55744876,5,1,2,4,8,7,3,7,8,6,6,2,3,3,6,6,3,6,6,8,-2.5837916,0.65703545,1.2175057,0.79994441,0.4175613
-13.546418,0.81931935,0.63413587,2,3,0,15.645316,0.85472647,1.5123322,1.2926304,0.21970184,-0.5320364,-1.1784166,-1.3926695,-1.6247996,-0.42798074,-1.4151928,-2.1048827,-1.1479355,-0.5320364,-0.42798074,8,4,3,7,8,2,5,7,5,6,8,2,2,3,8,4,3,8,8,4,-1.0900296,0.7307106,1.5657517,1.1441114,0.42164033
-13.117412,0.92265923,0.63413587,2,7,0,15.222395,0.80478759,2.8963938,2.3309818,0.56541202,-0.59350537,-1.2842852,-1.2933443,-1.5181448,-0.43580453,-1.424943,-2.0555083,-1.0725745,-0.59350537,-0.43580453,5,5,1,5,6,1,3,3,6,3,8,1,3,4,8,3,6,8,8,5,-1.6226149,0.069742047,3.0393918,0.21197341,2.8274184
-13.130459,0.99896366,0.63413587,2,3,0,13.149522,0.7840959,2.8884399,2.2648139,0.62362602,-0.64454668,-1.3216154,-1.2887667,-1.4983645,-0.46913619,-1.4467948,-2.0115233,-1.0794928,-0.64454668,-0.46913619,6,5,2,6,7,3,5,4,3,6,6,3,2,6,5,5,3,7,8,8,-1.5411078,0.18375891,3.1325864,0.57564067,2.5569458
-14.113353,0.91893795,0.63413587,2,3,0,14.127586,0.89522869,4.1317734,3.6988821,0.4328913,-0.34938878,-1.1280691,-1.290627,-1.6069517,-0.26368829,-1.3195356,-2.3013531,-1.0204548,-0.34938878,-0.26368829,7,1,5,3,8,2,4,8,7,8,8,2,3,6,6,2,5,7,8,8,-3.2722633,0.62717731,4.8754429,3.0577672,1.8176757
-13.332056,1,0.63413587,2,3,0,14.30633,0.8883021,2.3032343,2.0459679,0.25726643,-0.41217953,-1.1314022,-1.3444338,-1.6257196,-0.3268031,-1.3555011,-2.2201993,-1.0821445,-0.41217953,-0.3268031,6,1,3,2,8,3,2,7,6,7,7,1,4,8,8,3,7,7,8,8,-1.6186034,0.68764748,2.8399678,1.9528967,0.88707111
-14.635847,0.8882664,0.63413587,3,7,0,15.894406,0.6058505,1.2498434,0.75721823,0.49262513,-1.0928334,-1.562484,-1.3975595,-1.4997636,-0.80384361,-1.6546123,-1.7195828,-1.2681228,-1.0928334,-0.80384361,8,3,2,2,8,2,4,6,7,8,8,1,3,2,5,6,3,8,8,3,-0.5312396,0.59990469,3.164875,1.8986233,1.2662516
-16.234587,0.94218318,0.63413587,2,3,0,16.338133,0.51861548,0.93409635,0.48443683,0.44965952,-1.2780831,-1.6575172,-1.4628671,-1.5411871,-0.94419279,-1.7432516,-1.6558654,-1.3607267,-1.2780831,-0.94419279,7,1,2,3,8,3,5,7,7,7,5,4,3,5,5,1,3,6,4,8,-0.91276269,0.70793088,2.5096711,1.7766736,0.73299743
-14.082736,0.94704565,0.63413587,2,3,0,18.192984,0.86877378,1.2561651,1.0913233,0.1648418,-0.52559729,-1.1530944,-1.427641,-1.658292,-0.43563973,-1.4207864,-2.1131805,-1.1776205,-0.52559729,-0.43563973,5,4,2,2,4,4,4,6,7,7,8,1,2,3,8,4,3,8,8,8,-1.2662061,0.43340192,1.158918,0.50227729,0.65664072
-13.626361,0.91099855,0.63413587,3,7,0,15.90382,0.65161396,1.9575922,1.2755944,0.6819978,-0.9826096,-1.5330211,-1.3225389,-1.446943,-0.70540613,-1.5999467,-1.7650534,-1.1823821,-0.9826096,-0.70540613,6,4,4,2,7,4,1,6,8,8,6,3,5,6,8,3,4,5,6,7,-0.58941287,0.64532508,5.1420096,3.3182678,1.8237419
-14.104854,0.95493951,0.63413587,2,7,0,14.417261,0.90214464,1.3969058,1.2602111,0.13669473,-0.44119038,-1.1031554,-1.4193388,-1.6799274,-0.37308691,-1.3846224,-2.1878528,-1.1552802,-0.44119038,-0.37308691,6,5,4,6,6,5,2,4,4,5,7,3,4,8,8,3,5,7,7,8,-1.4531372,0.49837277,0.91470331,0.45586322,0.45884009
-14.524042,0.98759988,0.63413587,2,3,0,14.605026,0.9296205,1.4077082,1.3086344,0.099073797,-0.38258733,-1.0609117,-1.427171,-1.7089432,-0.33386579,-1.3632233,-2.2439708,-1.1525593,-0.38258733,-0.33386579,6,3,2,5,7,6,2,6,8,5,8,1,4,8,5,1,4,6,8,7,-1.7494877,0.3053358,3.10942,0.94941726,2.1600028
-15.39921,0.96357726,0.63413587,2,3,0,15.982325,0.96850264,1.7762998,1.7203511,0.055948749,-0.26489234,-0.99810331,-1.4081545,-1.7418278,-0.24230713,-1.310626,-2.3675259,-1.1166914,-0.26489234,-0.24230713,8,3,3,5,7,4,6,6,7,8,8,4,3,6,8,1,7,8,5,6,-2.526559,0.74618849,3.2666545,2.43754,0.8291145
-13.341995,0.97024532,0.63413587,3,7,0,16.439323,0.88660661,2.6133888,2.3170478,0.29634103,-0.40446244,-1.1364182,-1.3294142,-1.6160812,-0.31617564,-1.3494109,-2.2308255,-1.0669314,-0.40446244,-0.31617564,6,2,2,3,7,4,3,7,7,7,8,2,4,2,8,4,7,4,8,7,-1.8350389,0.41559039,2.8701221,1.1927952,1.6773269
-15.810138,0.76799008,0.63413587,2,3,0,16.525233,0.96122668,1.2448544,1.1965873,0.048267144,-0.33846711,-1.0147935,-1.4583463,-1.7542626,-0.312543,-1.3550509,-2.2886884,-1.1742128,-0.33846711,-0.312543,8,3,1,3,8,4,5,8,6,7,8,2,3,3,8,2,4,8,7,7,-2.3922141,0.37935738,2.6272552,0.99666866,1.6305866
-13.956564,0.97919534,0.63413587,3,7,0,16.583124,0.78101895,4.4158594,3.4488699,0.96698955,-0.63495022,-1.3438688,-1.2489056,-1.467271,-0.44846363,-1.43972,-2.0267647,-1.0426192,-0.63495022,-0.44846363,7,2,2,5,7,4,6,5,7,6,6,1,2,5,6,4,5,7,7,7,-2.9398635,0.65702689,3.0572708,2.0087091,1.0485617
-13.381947,0.84726191,0.63413587,1,3,0,16.489965,0.68836611,2.0386239,1.4033196,0.63530432,-0.89256645,-1.4718901,-1.3183231,-1.4612336,-0.64546582,-1.5590464,-1.8229502,-1.1589543,-0.89256645,-0.64546582,6,1,2,4,6,5,5,6,5,8,6,1,4,4,7,3,7,8,8,8,-0.68639933,0.46372037,1.7895169,0.82983545,0.95968148
-14.376549,0.96124375,0.63413587,2,3,0,14.472558,0.89023795,4.6249313,4.1172894,0.50764192,-0.35508478,-1.1388923,-1.2804055,-1.5963005,-0.26426677,-1.3204575,-2.2988047,-1.0119973,-0.35508478,-0.26426677,6,1,2,8,6,4,3,7,7,8,8,2,2,6,8,2,4,7,8,8,-3.6967422,0.58481267,3.9235158,2.2945218,1.6289941
-13.393147,1,0.63413587,2,3,0,14.362825,0.79091437,3.4963145,2.7652854,0.73102914,-0.61863639,-1.316752,-1.2711574,-1.4912366,-0.44520718,-1.4339021,-2.0367495,-1.058493,-0.61863639,-0.44520718,5,3,4,5,6,6,3,8,5,6,7,3,4,6,8,3,6,8,7,6,-2.1093018,0.29938624,2.7357026,0.81903171,1.9166709
-13.832635,0.98349295,0.63413587,3,7,0,13.975316,0.85939769,4.0928506,3.5173864,0.57546426,-0.4389411,-1.1941318,-1.2778222,-1.559839,-0.32281347,-1.3561836,-2.2084121,-1.0264362,-0.4389411,-0.32281347,7,2,2,4,7,3,4,8,7,8,8,4,2,6,7,1,6,8,8,8,-2.9821997,0.31097566,2.929591,0.91103151,2.0185595
-13.361497,0.99210086,0.63413587,2,7,0,14.236327,0.883296,1.9617935,1.7328444,0.22894915,-0.43996108,-1.1371966,-1.3630135,-1.6310303,-0.35288471,-1.3708344,-2.1903262,-1.1042095,-0.43996108,-0.35288471,8,5,1,1,6,4,1,7,5,4,7,2,6,8,8,2,5,8,8,8,-1.3808444,0.013276117,5.6736008,0.07532339,5.5982775
-14.073759,0.95006148,0.63413587,2,3,0,14.245068,0.91076303,1.4882979,1.3554867,0.1328112,-0.41401387,-1.0900527,-1.4120306,-1.6835159,-0.35122028,-1.3717534,-2.2133546,-1.1440296,-0.41401387,-0.35122028,5,3,3,4,6,4,1,5,4,7,8,1,3,6,8,5,3,7,7,8,-1.5162545,0.42960091,1.3741794,0.59034872,0.78383067
-14.937291,0.95370683,0.63413587,2,3,0,15.403308,0.96060226,1.8899064,1.8154484,0.074458042,-0.27311809,-1.0102251,-1.3967557,-1.7283763,-0.2445026,-1.3107382,-2.3598825,-1.1071451,-0.27311809,-0.2445026,7,2,2,6,8,3,4,8,8,7,8,2,2,5,6,5,4,6,7,8,-2.3512125,0.64452536,5.4762707,3.5295954,1.9466754
-14.671618,0.94819926,0.63413587,2,3,0,16.206908,0.5804081,1.3389401,0.77713169,0.56180843,-1.1512471,-1.6124,-1.3864289,-1.480349,-0.83629385,-1.6799844,-1.6847058,-1.27161,-1.1512471,-0.83629385,8,2,4,2,7,6,2,7,8,8,6,4,4,3,7,5,3,5,7,7,-0.4604401,0.35760162,2.4854433,0.88879857,1.5966448
-13.316767,0.94928317,0.63413587,2,3,0,15.166939,0.69824373,2.1098012,1.4731555,0.63664572,-0.8676491,-1.4571345,-1.314304,-1.4630022,-0.62766621,-1.5476234,-1.8395916,-1.1500905,-0.8676491,-0.62766621,7,1,2,6,7,1,2,6,8,5,8,1,3,5,7,5,5,7,7,8,-0.74366136,0.34229191,1.3236528,0.45307564,0.87057716
-13.351006,0.90192299,0.63413587,2,3,0,14.247326,0.86726161,3.0971352,2.6860265,0.41110874,-0.43711909,-1.1738703,-1.3050806,-1.5830199,-0.33093409,-1.3591498,-2.2026864,-1.050966,-0.43711909,-0.33093409,8,5,5,4,8,1,3,8,6,8,4,2,2,4,7,6,5,8,7,8,-2.1088149,0.76282174,1.6243073,1.2390569,0.38525038
-13.520161,0.84921785,0.63413587,1,3,0,15.816748,0.68818211,1.7239342,1.1863806,0.53755352,-0.89791707,-1.45872,-1.3432464,-1.4831013,-0.65812336,-1.5633016,-1.8225296,-1.1809463,-0.89791707,-0.65812336,5,3,2,4,7,3,5,6,7,6,6,3,6,3,7,5,7,6,7,7,-0.56180578,0.36082506,1.9762542,0.71308203,1.2631721
-14.60663,0.66991092,0.63413587,3,7,0,16.006019,0.59893904,3.7127262,2.2236967,1.4890295,-1.1207813,-1.6875913,-1.2489686,-1.3534204,-0.76548534,-1.6661275,-1.6724586,-1.1536446,-1.1207813,-0.76548534,7,1,5,5,8,2,6,6,8,7,6,3,3,5,7,4,5,4,5,6,-1.9374152,0.83146515,1.974633,1.6418385,0.33279448
-13.819128,0.96867263,0.63413587,2,3,0,15.115958,0.91240881,1.7425292,1.589899,0.15263022,-0.38926678,-1.0881878,-1.3891814,-1.6730419,-0.32575247,-1.3559361,-2.2382526,-1.1189914,-0.38926678,-0.32575247,8,5,3,7,7,3,4,6,7,8,8,2,5,5,8,2,6,7,6,8,-1.5540944,0.5419804,0.89594965,0.48558715,0.4103625
-13.992078,0.99101132,0.63413587,2,7,0,14.438734,0.63221758,1.5670161,0.99069516,0.57632099,-1.0312379,-1.5445112,-1.3570389,-1.4707003,-0.74942336,-1.6238676,-1.7424869,-1.221501,-1.0312379,-0.74942336,7,2,4,4,8,2,3,7,7,5,8,2,4,6,7,3,4,7,7,8,-0.46103713,0.57591848,2.3378532,1.3464128,0.99144033
-15.088449,0.95279927,0.63413587,2,3,0,15.217819,0.55725114,1.2161149,0.67768144,0.53843351,-1.2021908,-1.637105,-1.4061179,-1.4929296,-0.87548506,-1.7043625,-1.6660264,-1.298556,-1.2021908,-0.87548506,8,4,1,5,4,4,3,8,8,8,8,6,2,2,7,5,2,5,6,7,-0.52416942,0.15509329,0.40301842,0.062505451,0.34051297
-14.192849,1,0.63413587,1,1,0,14.956716,0.64110111,1.3624307,0.87345583,0.48897487,-1.0124854,-1.5151465,-1.3811352,-1.4969457,-0.7464566,-1.6174548,-1.7596848,-1.2372785,-1.0124854,-0.7464566,4,3,1,5,8,3,4,5,6,8,8,3,4,7,8,3,7,7,8,7,-0.50730773,0.22340262,2.6644684,0.59524923,2.0692191
-14.709489,0.97835261,0.63413587,2,3,0,14.773414,0.60849348,1.2059576,0.73381731,0.47214024,-1.0869918,-1.5539959,-1.4041933,-1.5071123,-0.80266873,-1.6526469,-1.7250185,-1.2723095,-1.0869918,-0.80266873,5,1,1,7,8,2,7,4,7,8,8,6,3,4,8,1,6,4,7,7,-0.56764352,0.66782721,2.0830337,1.3911066,0.69192713
-15.35738,0.9677036,0.63413587,2,3,0,16.175513,0.85186128,0.87267748,0.74340015,0.12927733,-0.61291132,-1.173009,-1.494271,-1.6931686,-0.52011765,-1.4735901,-2.056344,-1.2514345,-0.61291132,-0.52011765,8,1,3,7,7,6,5,5,8,7,6,3,2,4,7,7,6,8,8,8,-1.7433781,0.48522499,1.1027279,0.53507113,0.56765676
-17.385438,0.89206446,0.63413587,2,3,0,18.327415,0.4712498,0.77977103,0.36746694,0.41230409,-1.3669609,-1.6962257,-1.5085313,-1.5798988,-1.0161212,-1.7876225,-1.6431128,-1.4162796,-1.3669609,-1.0161212,3,1,2,5,7,4,5,5,8,8,8,1,3,2,5,5,4,4,8,8,-1.3492423,0.59188725,1.3071454,0.77368272,0.53346272
-15.900847,1,0.63413587,3,7,0,17.81707,0.48085965,1.1745142,0.56477651,0.60973773,-1.3751853,-1.7552975,-1.4242107,-1.4919477,-0.98746607,-1.7847932,-1.5934726,-1.3495983,-1.3751853,-0.98746607,5,2,3,3,4,3,3,5,7,5,8,2,4,5,7,3,1,8,7,8,-0.54931805,0.20317037,2.0448888,0.41546081,1.629428
-14.705025,1,0.63413587,3,7,0,15.821645,0.64859771,1.1058465,0.71724953,0.38859701,-1.0007254,-1.4817214,-1.4206606,-1.5369621,-0.7537476,-1.6169134,-1.778626,-1.2674335,-1.0007254,-0.7537476,8,2,1,4,8,2,4,7,8,8,6,2,1,5,5,8,2,7,7,6,-0.71560714,0.70526785,2.1062975,1.4855039,0.62079358
-13.254847,0.80616206,0.63413587,3,7,0,19.087069,0.87746361,2.526406,2.2168293,0.30957667,-0.42889613,-1.1517039,-1.3299659,-1.6070252,-0.33369013,-1.3597881,-2.2057646,-1.0720757,-0.42889613,-0.33369013,4,1,2,1,7,6,2,7,6,8,8,2,4,3,8,5,5,4,8,8,-1.7000818,0.46694553,1.1973371,0.55909119,0.63824588
-13.173896,0.99151412,0.63413587,3,7,0,13.508571,0.7348358,2.0242714,1.4875071,0.5367643,-0.78125928,-1.3903275,-1.3240887,-1.4921645,-0.5740253,-1.5101156,-1.9018404,-1.1394392,-0.78125928,-0.5740253,8,3,4,4,7,6,7,7,6,8,8,2,2,3,8,3,7,8,7,8,-0.77504694,0.43846284,3.9865052,1.7479344,2.2385708
-13.141164,0.94381328,0.63413587,2,3,0,13.680494,0.84123846,2.8198116,2.3721339,0.44767764,-0.50654813,-1.2180482,-1.3062588,-1.5583912,-0.38007246,-1.3889888,-2.1337593,-1.0659643,-0.50654813,-0.38007246,7,4,2,2,8,6,3,6,7,8,8,1,3,4,8,5,6,6,7,8,-1.7199499,0.638917,3.1785059,2.0308015,1.1477045
-13.447396,0.97191245,0.63413587,2,3,0,13.519031,0.87940565,3.1365686,2.7583161,0.37825246,-0.40687107,-1.1523719,-1.3081471,-1.597412,-0.31059291,-1.3467621,-2.2332655,-1.0478461,-0.40687107,-0.31059291,5,3,1,6,8,4,4,4,5,5,8,1,5,6,7,3,2,5,8,8,-2.2259611,0.10809958,1.4617527,0.15801485,1.3037378
-14.965481,0.83373732,0.63413587,2,3,0,17.038039,0.71401823,5.532807,3.950525,1.5822819,-0.8071971,-1.4831493,-1.220512,-1.3940454,-0.55380318,-1.5178762,-1.8881693,-1.0575396,-0.8071971,-0.55380318,7,4,2,3,7,4,2,5,5,7,8,2,3,5,8,1,7,6,7,8,-3.8042094,0.45986321,1.8762614,0.86282358,1.0134378
-15.201556,0.66951418,0.63413587,2,3,0,17.786154,0.54953596,3.8627774,2.1227351,1.7400423,-1.2579481,-1.7893093,-1.2514675,-1.334348,-0.85071675,-1.7341304,-1.5950962,-1.1869693,-1.2579481,-0.85071675,8,1,4,6,8,3,5,7,7,8,8,2,2,2,7,2,5,7,7,7,-2.0481344,0.78566933,1.1293729,0.88731361,0.24205924
-13.416051,1,0.63413587,2,3,0,14.970929,0.70285992,2.8895217,2.030929,0.85859269,-0.84800414,-1.4705844,-1.2757573,-1.4326444,-0.60070159,-1.5369247,-1.852259,-1.1133738,-0.84800414,-0.60070159,8,1,3,2,5,5,1,8,7,8,8,3,4,6,8,4,4,8,7,7,-1.3320374,0.67947344,0.93021217,0.63205446,0.29815771
-14.047317,0.85973034,0.63413587,1,1,0,14.05482,0.62456646,3.1108353,1.9429234,1.1679119,-1.0502775,-1.6234166,-1.2650103,-1.3807912,-0.72719759,-1.6311954,-1.7164389,-1.150464,-1.0502775,-0.72719759,7,2,6,8,8,3,3,6,8,8,7,4,3,3,7,1,5,7,7,7,-1.4095702,0.9725047,2.2083348,2.147616,0.060718822
-13.808257,1,0.63413587,3,7,0,14.307112,0.91798422,2.9463202,2.7046754,0.24164476,-0.31989353,-1.0830816,-1.3291015,-1.6510355,-0.25561281,-1.3138886,-2.3220146,-1.051081,-0.31989353,-0.25561281,8,2,4,2,7,6,5,5,7,8,7,3,5,5,8,3,5,6,5,8,-2.4011803,0.7875902,1.4993607,1.1808818,0.31847892
-14.635753,0.95371056,0.63413587,2,3,0,14.959657,0.92848779,4.2056166,3.9048636,0.30075294,-0.26651093,-1.0672577,-1.3036,-1.6547493,-0.20848681,-1.2865517,-2.393234,-1.0172513,-0.26651093,-0.20848681,7,1,2,4,7,5,3,8,8,7,8,2,7,7,8,3,1,4,8,8,-3.6874496,0.2689146,3.1822279,0.85574753,2.3264803
-14.442544,0.99547432,0.63413587,3,7,0,15.451566,0.57996066,3.1002809,1.798041,1.3022399,-1.1690907,-1.7089614,-1.268377,-1.3637944,-0.80271055,-1.688425,-1.646426,-1.1802285,-1.1690907,-0.80271055,7,2,1,5,6,5,6,6,8,5,4,5,2,5,7,3,3,5,7,8,-1.3620202,0.51564517,2.2761938,1.1737083,1.1024855
-14.964336,0.96781835,0.63413587,3,7,0,15.147634,0.95819738,1.70979,1.6383163,0.071473701,-0.29270588,-1.0149173,-1.4090761,-1.7302529,-0.26285734,-1.322077,-2.3369758,-1.1217257,-0.29270588,-0.26285734,8,2,1,3,7,3,4,8,7,8,8,2,7,2,7,6,3,8,8,8,-2.237058,0.40139659,1.4889267,0.5976501,0.8912766
-13.492366,0.98221448,0.63413587,2,3,0,15.346339,0.78089522,3.6523539,2.8521057,0.80024818,-0.64216902,-1.3370987,-1.2648186,-1.4785332,-0.45902078,-1.4438634,-2.0171483,-1.0581038,-0.64216902,-0.45902078,5,3,2,3,6,3,4,8,7,6,7,1,4,5,7,3,5,7,8,8,-2.2202724,0.42686362,2.2043806,0.94096987,1.2634107
-13.050363,0.96351093,0.63413587,2,5,0,14.021938,0.835158,2.4642213,2.0580142,0.40620717,-0.5307357,-1.2247861,-1.3195993,-1.5613602,-0.4015837,-1.4012423,-2.108965,-1.0827996,-0.5307357,-0.4015837,8,2,4,4,7,4,4,8,6,7,8,2,3,4,6,2,5,7,8,8,-1.4059453,0.39697703,2.6457468,1.0503007,1.5954461
-13.178306,0.9752392,0.63413587,1,3,0,13.370776,0.79649681,3.0500997,2.4293947,0.62070504,-0.61116156,-1.3012827,-1.2858843,-1.5061573,-0.4452947,-1.4318939,-2.0409305,-1.0697873,-0.61116156,-0.4452947,6,2,3,3,8,4,6,7,7,8,8,2,3,6,8,4,6,5,8,7,-1.7250257,0.71506316,3.2065815,2.2929083,0.91367321
-15.736024,0.71774414,0.63413587,2,3,0,16.733858,0.7244914,0.79157686,0.57349063,0.21808623,-0.86711042,-1.3439108,-1.4963748,-1.6345516,-0.69442084,-1.575348,-1.8850992,-1.3026055,-0.86711042,-0.69442084,7,3,2,3,6,6,2,7,8,8,8,2,6,7,5,1,8,7,8,8,-1.5299217,0.41459463,1.2450076,0.51617348,0.72883415
-13.569477,1,0.63413587,2,3,0,15.630303,0.80182775,1.4098459,1.1304535,0.27939232,-0.6540959,-1.2598943,-1.3918477,-1.5869618,-0.51228549,-1.4655273,-2.0039857,-1.1709718,-0.6540959,-0.51228549,8,3,3,5,8,3,8,6,8,8,8,2,4,2,5,5,5,5,6,8,-0.86152616,0.94696712,3.9465766,3.7372783,0.20929832
-15.055098,0.82055025,0.63413587,3,7,0,16.146641,0.95982475,3.329675,3.1959045,0.13377051,-0.20994552,-1.0099348,-1.3365929,-1.7084781,-0.17838338,-1.269644,-2.4496284,-1.0394684,-0.20994552,-0.17838338,5,5,1,6,7,2,3,8,8,8,8,1,5,4,8,3,6,8,8,8,-3.4120597,0.34337249,4.2366844,1.4547609,2.7819235
-15.020413,1,0.63413587,2,3,0,15.291265,0.9629495,2.8956727,2.7883866,0.10728613,-0.21626096,-1.0045277,-1.3505556,-1.7166193,-0.18764581,-1.275542,-2.4368988,-1.0540651,-0.21626096,-0.18764581,7,3,1,3,7,3,2,7,8,7,8,2,6,4,8,2,3,7,8,6,-3.104381,0.13778727,2.6441863,0.36433522,2.2798511
-13.137289,0.82004176,0.63413587,2,7,0,18.044492,0.73962902,2.4618657,1.8208673,0.64099837,-0.76119708,-1.3937726,-1.2990113,-1.4747774,-0.55156714,-1.4991138,-1.9164793,-1.1137266,-0.76119708,-0.55156714,7,2,2,2,8,2,3,8,5,8,7,2,1,4,7,3,3,3,8,7,-1.0685444,0.55398661,1.9901694,1.1025272,0.88764222
-13.137289,0.76451518,0.63413587,1,3,0,14.513877,0.73962902,2.4618657,1.8208673,0.64099837,-0.76119708,-1.3937726,-1.2990113,-1.4747774,-0.55156714,-1.4991138,-1.9164793,-1.1137266,-0.76119708,-0.55156714,8,3,1,2,8,5,3,7,8,3,8,3,3,6,4,2,4,6,6,8,-1.0685444,0.4355537,1.3903855,0.60558754,0.78479795
-15.590198,0.82602483,0.63413587,2,5,0,15.925091,0.7302055,0.81352976,0.59404391,0.21948585,-0.85362332,-1.3377372,-1.4907116,-1.6317677,-0.68331,-1.5685587,-1.8910795,-1.2951242,-0.85362332,-0.68331,7,1,8,5,8,3,3,7,6,6,6,5,4,2,8,4,7,8,6,8,-1.4704554,0.71593165,3.7550309,2.6883455,1.0666854
-14.345653,0.96484863,0.63413587,2,7,0,16.329918,0.91118638,1.3322658,1.2139425,0.11832335,-0.42930555,-1.0891886,-1.4299918,-1.6937666,-0.36826485,-1.3826996,-2.1994491,-1.1628346,-0.42930555,-0.36826485,5,1,2,3,7,2,4,4,5,6,7,5,4,3,7,2,4,8,8,7,-1.5652403,0.13370646,2.189282,0.29272115,1.8965608
-14.45523,0.96285417,0.63413587,2,3,0,15.29237,0.88030213,1.1463751,1.0091564,0.13721866,-0.51512214,-1.1348543,-1.4471936,-1.6794657,-0.43505587,-1.4216854,-2.1246488,-1.1929661,-0.51512214,-0.43505587,5,2,2,2,7,3,5,5,7,6,8,2,3,3,7,6,4,7,8,8,-1.44039,0.51739299,1.2504266,0.64696195,0.60346463
-14.222758,1,0.63413587,1,1,0,14.501796,0.87383923,1.2130135,1.0599787,0.15303471,-0.52002675,-1.1450073,-1.435207,-1.6669635,-0.43435118,-1.4204743,-2.1188426,-1.183282,-0.52002675,-0.43435118,5,1,2,5,8,2,3,4,7,8,8,1,1,6,8,2,5,8,8,7,-1.3322757,0.69958647,2.20702,1.5440013,0.66301869
-14.631692,0.97432293,0.63413587,2,7,0,15.211849,0.61227406,1.2295653,0.75283095,0.47673436,-1.078488,-1.5502643,-1.4003983,-1.5047217,-0.79583788,-1.6485123,-1.7283432,-1.2673671,-1.078488,-0.79583788,7,3,2,5,7,5,4,8,8,6,6,1,4,4,8,5,4,7,7,7,-0.5520626,0.57341595,2.3233479,1.3322447,0.99110314
-13.454493,0.96400757,0.63413587,2,3,0,15.090728,0.8883408,2.9649987,2.6339293,0.33106938,-0.38976355,-1.1354781,-1.3169036,-1.6115362,-0.30144388,-1.3409828,-2.2490663,-1.0526264,-0.38976355,-0.30144388,4,1,5,8,8,4,3,8,8,3,8,2,5,4,8,2,5,7,7,8,-2.1416579,0.52765287,0.5622865,0.29669209,0.26559442
-13.070469,0.9952897,0.63413587,3,7,0,13.502175,0.77256646,2.031819,1.5697152,0.46210378,-0.69180643,-1.3254376,-1.3296432,-1.5205616,-0.51582754,-1.4717515,-1.9703923,-1.1250154,-0.69180643,-0.51582754,8,3,3,7,8,2,3,3,8,5,6,3,3,4,8,4,5,5,8,6,-0.88239607,0.62516412,0.77586964,0.48504586,0.29082378
-13.051816,0.99937207,0.63413587,2,3,0,13.091672,0.80451135,2.0095624,1.6167157,0.39284664,-0.61792724,-1.2703216,-1.3377998,-1.549164,-0.46828474,-1.4411233,-2.0306976,-1.1166618,-0.61792724,-0.46828474,7,2,4,5,7,5,4,5,7,8,7,1,3,6,7,3,3,8,7,8,-0.9817675,0.29119755,3.6802691,1.0716854,2.6085838
-13.243236,0.93496872,0.63413587,1,3,0,13.769355,0.73458491,2.8200274,2.0715496,0.74847783,-0.76864963,-1.4106727,-1.282332,-1.458067,-0.55053282,-1.5013472,-1.911312,-1.1011669,-0.76864963,-0.55053282,6,3,2,5,8,1,3,7,6,8,6,1,1,5,8,4,6,8,5,7,-1.3418096,0.58510941,1.8352455,1.0738194,0.76142608
-13.600229,0.91364849,0.63413587,2,7,0,14.162905,0.82948708,1.4148524,1.1736018,0.24125061,-0.59397482,-1.2164422,-1.3972715,-1.6093961,-0.47274029,-1.441691,-2.0527465,-1.1638348,-0.59397482,-0.47274029,8,3,5,6,8,3,7,5,8,8,5,1,2,4,7,1,2,8,7,8,-0.9765499,0.87105436,1.6697279,1.4544237,0.21530413
-13.365784,0.9762918,0.63413587,3,7,0,13.973716,0.75397117,3.2817303,2.47433,0.80740027,-0.7145221,-1.3827318,-1.2694989,-1.461379,-0.50966172,-1.4763983,-1.9553074,-1.0781608,-0.7145221,-0.50966172,5,3,5,5,7,3,5,5,8,7,8,1,2,5,8,2,5,7,7,8,-1.7976033,0.53906317,1.7965022,0.96842819,0.82807405
-13.099188,1,0.63413587,2,3,0,13.371586,0.84981427,2.4919496,2.1176943,0.37425526,-0.49516688,-1.1995128,-1.3225958,-1.5762965,-0.37779596,-1.3865603,-2.1419606,-1.0783366,-0.49516688,-0.37779596,6,2,2,6,7,2,6,7,8,6,8,2,4,5,8,2,7,7,8,8,-1.5024453,0.48622334,1.5528376,0.75502591,0.79781174
-14.181577,0.86747671,0.63413587,2,7,0,14.818897,0.94113921,2.1995519,2.0700846,0.12946736,-0.29671898,-1.041771,-1.3700074,-1.6952173,-0.25267981,-1.3133933,-2.3381482,-1.0856307,-0.29671898,-0.25267981,8,3,5,3,8,6,1,6,8,8,8,1,4,2,8,4,6,8,8,8,-2.1336204,0.61928149,3.9451272,2.4431443,1.5019829
-14.269244,0.97326343,0.63413587,2,7,0,15.305315,0.84346342,1.1348001,0.95716236,0.17763773,-0.59123143,-1.1891635,-1.4398686,-1.648959,-0.48583023,-1.4503244,-2.0606606,-1.2004272,-0.59123143,-0.48583023,8,3,3,4,5,8,2,8,7,8,7,5,1,3,8,1,4,8,6,7,-1.2274693,0.4953744,2.2960805,1.1374195,1.158661
-17.261457,0.85145879,0.63413587,2,7,0,17.800374,0.88765114,8.9359505,7.9320067,1.0039439,-0.33371814,-1.1517702,-1.2442841,-1.577348,-0.23668037,-1.3067417,-2.3404534,-0.97375428,-0.33371814,-0.23668037,8,3,3,5,8,3,6,6,7,8,8,1,5,5,7,3,4,6,8,8,-7.4110682,0.79430661,1.6826181,1.3365147,0.34610342
-16.554062,1,0.63413587,2,3,0,17.939992,0.75056684,8.0838567,6.0674748,2.0163819,-0.70226559,-1.4225259,-1.205196,-1.4100579,-0.47844023,-1.4694882,-1.9786476,-1.0200569,-0.70226559,-0.47844023,7,1,3,2,7,3,4,3,7,6,7,3,2,1,7,3,6,5,5,8,-6.1010559,0.708927,1.4312802,1.0146732,0.41660703
-13.948628,0.91005094,0.63413587,2,7,0,18.525436,0.68597243,1.3565869,0.93058121,0.42600569,-0.91166129,-1.44214,-1.3833582,-1.5177968,-0.68192225,-1.5735471,-1.8214326,-1.2174095,-0.91166129,-0.68192225,8,2,2,6,8,3,3,8,6,7,8,3,3,3,4,7,6,7,6,8,-0.57555621,0.63850091,2.0707609,1.3221827,0.74857819
-14.081352,0.95038772,0.63413587,2,7,0,14.635415,0.82695199,1.1829612,0.97825214,0.20470908,-0.61984147,-1.2148795,-1.4284049,-1.6300554,-0.50164839,-1.4591647,-2.0360295,-1.1959013,-0.61984147,-0.50164839,7,3,5,5,7,4,5,6,6,6,8,2,5,4,7,5,1,6,8,8,-1.097763,0.62218586,1.7026685,1.0593763,0.64329224
-14.280826,0.99264824,0.63413587,2,3,0,14.340662,0.8263067,1.1128324,0.91954087,0.19329153,-0.62867968,-1.214088,-1.4397948,-1.6379978,-0.51179816,-1.4654414,-2.0312128,-1.2074451,-0.62867968,-0.51179816,6,3,3,5,8,2,5,6,6,7,7,1,6,8,7,5,4,6,5,8,-1.1695454,0.3901652,3.7639412,1.4685589,2.2953824
-15.178327,0.96605233,0.63413587,2,3,0,15.250364,0.79084715,0.87712255,0.69366986,0.18345268,-0.72873756,-1.2574143,-1.4818073,-1.6509609,-0.59563346,-1.5161174,-1.9690723,-1.2627047,-0.72873756,-0.59563346,3,4,6,2,8,4,3,5,6,6,8,2,4,1,8,1,7,8,6,8,-1.4610589,0.276275,1.3233664,0.36561305,0.95775334
-13.461877,0.99613554,0.63413587,2,7,0,15.23901,0.68448463,1.8609198,1.273771,0.58714879,-0.90437814,-1.4713325,-1.3313079,-1.470694,-0.65795427,-1.5652162,-1.8165719,-1.1723938,-0.90437814,-0.65795427,7,4,2,3,8,3,6,5,6,7,6,3,4,6,8,4,4,8,8,6,-0.59812971,0.46889778,3.6936974,1.7319665,1.9617309
-14.709388,0.84717222,0.63413587,2,3,0,15.453779,0.9081675,1.1629113,1.0561182,0.10679305,-0.456772,-1.0938538,-1.4525287,-1.7041578,-0.39555167,-1.3999638,-2.176344,-1.1876238,-0.456772,-0.39555167,7,4,3,5,8,3,3,6,5,6,8,2,2,5,7,2,5,5,8,8,-1.6570803,0.37804572,1.2435218,0.4701081,0.77341371
-14.669077,0.99900106,0.63413587,3,7,0,14.971592,0.64793525,4.4600096,2.8897974,1.5702122,-0.98833899,-1.6035319,-1.2316417,-1.3622198,-0.67550238,-1.6030686,-1.7557016,-1.1089693,-0.98833899,-0.67550238,7,4,3,3,8,2,3,6,8,6,7,5,3,6,8,2,7,5,7,8,-2.6935075,0.46333372,3.3886305,1.5700668,1.8185637
-14.796151,0.92148751,0.63413587,2,3,0,16.18657,0.77232953,5.6295292,4.3478517,1.2816775,-0.65067093,-1.36872,-1.2297612,-1.4462807,-0.4523593,-1.4460629,-2.0174285,-1.0294583,-0.65067093,-0.4523593,6,1,2,6,7,6,2,6,8,6,8,2,4,4,7,5,7,4,7,8,-4.0422053,0.84484321,1.5383441,1.2996596,0.23868453
-13.461101,0.94782869,0.63413587,2,7,0,15.555601,0.67136916,2.2058103,1.480913,0.7248973,-0.93240527,-1.5083356,-1.3064979,-1.441987,-0.66705981,-1.5764281,-1.7952428,-1.1579472,-0.93240527,-0.66705981,8,1,5,5,8,2,5,7,8,8,6,5,2,5,7,3,4,7,6,8,-0.75557071,0.92880302,3.4025408,3.1602901,0.24225064
-13.954027,0.99539945,0.63413587,3,7,0,14.021621,0.90304602,3.7100509,3.3503467,0.35970418,-0.33739163,-1.1123476,-1.3023242,-1.62158,-0.25908938,-1.3163221,-2.3107306,-1.0291307,-0.33739163,-0.25908938,6,4,3,6,7,4,5,7,8,7,8,1,5,2,8,3,6,8,7,8,-2.944175,0.72119529,2.2364885,1.612945,0.62354351
-13.330541,0.93370249,0.63413587,3,7,0,15.775631,0.80815211,1.5910046,1.2857737,0.30523087,-0.62894104,-1.2547202,-1.3732339,-1.5773784,-0.48839685,-1.4515663,-2.0223474,-1.1497904,-0.62894104,-0.48839685,8,4,3,5,8,5,4,4,8,8,7,3,5,5,8,6,5,4,7,8,-0.86713695,0.62279394,3.7247416,2.3197465,1.4049951
-13.223407,0.94822554,0.63413587,2,7,0,14.364906,0.87363414,2.4890199,2.1744928,0.31452714,-0.43917536,-1.1580533,-1.3303566,-1.6034347,-0.34109418,-1.3641855,-2.1953742,-1.0744007,-0.43917536,-0.34109418,5,2,2,5,8,4,3,5,8,6,8,3,3,7,8,3,5,6,8,8,-1.6452844,0.27961513,1.1853018,0.33142832,0.85387349
-13.068912,1,0.63413587,2,3,0,13.274351,0.82984903,2.0478044,1.6993685,0.34843592,-0.55776939,-1.2279849,-1.3414649,-1.571263,-0.42802305,-1.4161334,-2.0825158,-1.1076558,-0.55776939,-0.42802305,8,2,2,2,4,4,3,6,7,6,7,2,4,6,7,3,3,7,7,8,-1.1094966,0.23013813,2.6873899,0.6184709,2.068919
-13.450104,0.95852437,0.63413587,2,3,0,13.503488,0.89920658,2.2127696,1.989737,0.22303262,-0.39116508,-1.1123009,-1.3531208,-1.6413511,-0.31481852,-1.3485183,-2.2402699,-1.0862534,-0.39116508,-0.31481852,3,5,3,3,7,5,3,7,8,8,8,2,5,4,8,3,2,7,8,8,-1.649643,0.52831224,1.9701586,1.0408589,0.92929971
-13.137714,0.94244968,0.63413587,1,3,0,14.272583,0.73664786,2.3578511,1.736906,0.62094515,-0.77024538,-1.3965511,-1.303967,-1.4768727,-0.55940103,-1.5035052,-1.9095566,-1.1199314,-0.77024538,-0.55940103,8,3,1,4,8,5,7,8,6,8,8,3,2,5,7,6,6,7,8,7,-0.98587966,0.84528158,1.386022,1.1715789,0.21444314
-13.034949,0.98690426,0.63413587,2,7,0,13.281962,0.82062736,2.545264,2.0887133,0.45655072,-0.56308064,-1.2513604,-1.3118255,-1.5438649,-0.4213127,-1.4140026,-2.0803642,-1.0825152,-0.56308064,-0.4213127,4,3,3,4,6,5,3,7,6,6,8,6,6,8,8,1,2,8,8,6,-1.4004883,0.16304125,1.3889966,0.22646375,1.1625329
-13.307409,0.94283492,0.63413587,2,3,0,13.492426,0.70644266,2.5987438,1.8358635,0.76288031,-0.84157617,-1.4570909,-1.2883034,-1.4454093,-0.60103613,-1.53447,-1.8568515,-1.1224733,-0.84157617,-0.60103613,8,1,8,4,7,4,4,8,3,7,8,1,2,4,7,2,3,3,7,6,-1.0994189,0.56237156,1.1594627,0.65204883,0.50741384
-15.091566,0.76171767,0.63413587,2,3,0,15.259298,0.9614053,3.2602207,3.1343934,0.12582724,-0.20817777,-1.007142,-1.3391495,-1.7114078,-0.17794122,-1.2694971,-2.450871,-1.041676,-0.20817777,-0.17794122,3,3,2,3,8,3,5,4,6,7,8,1,4,6,8,3,3,7,8,7,-3.3873795,0.2451345,2.3504864,0.57618529,1.7743011
-14.18534,1,0.63413587,2,3,0,15.162922,0.9295971,3.3537694,3.1176543,0.2361151,-0.28111223,-1.0635883,-1.3221111,-1.6627554,-0.22528315,-1.296248,-2.3687493,-1.037566,-0.28111223,-0.22528315,6,4,1,3,5,4,5,7,6,7,7,2,4,7,8,1,7,8,8,7,-2.9050908,0.33130419,1.3054582,0.43250376,0.87295442
-15.047987,0.97081241,0.63413587,2,7,0,15.133034,0.57087587,1.1825187,0.67507137,0.5074473,-1.1708536,-1.6113854,-1.4101492,-1.5010135,-0.85760065,-1.6905407,-1.6833241,-1.2951467,-1.1708536,-0.85760065,8,3,1,5,8,4,3,5,7,7,7,3,4,2,5,1,5,4,7,6,-0.5605727,0.536301,3.4452749,1.8477044,1.5975705
-15.415388,0.85035153,0.63413587,3,7,0,17.271608,0.96681436,1.6528377,1.5979873,0.054850479,-0.27941184,-1.0016537,-1.4172539,-1.743166,-0.25591653,-1.3190935,-2.3506486,-1.1274122,-0.27941184,-0.25591653,7,2,2,4,6,4,5,4,6,7,8,1,5,8,8,5,6,8,8,5,-2.4486099,0.29191941,0.92189514,0.26911909,0.65277606
-13.820489,0.97560869,0.63413587,3,7,0,15.737965,0.66906628,3.3278808,2.2265728,1.101308,-0.93303871,-1.5434639,-1.2584527,-1.398011,-0.64981447,-1.5759989,-1.7925899,-1.1182701,-0.93303871,-0.64981447,6,6,5,5,8,5,5,7,5,7,8,2,2,3,8,3,5,6,6,8,-1.6626228,0.58446059,1.599048,0.93458052,0.66446745
-13.827519,0.8732169,0.63413587,3,7,0,15.437222,0.80983024,4.2573631,3.4477414,0.80962174,-0.56223713,-1.2879464,-1.2591302,-1.4995295,-0.40223491,-1.4080883,-2.0911121,-1.0356296,-0.56223713,-0.40223491,6,3,3,6,8,1,3,6,8,7,7,2,3,4,8,2,5,6,5,7,-2.8950196,0.56762821,1.4996623,0.85125064,0.64841169
-14.075098,0.99006754,0.63413587,2,3,0,14.118812,0.77319755,4.5718043,3.5349079,1.0368964,-0.65415493,-1.3600802,-1.2444587,-1.4575761,-0.45994232,-1.4481252,-2.010737,-1.0430343,-0.65415493,-0.45994232,4,4,3,3,5,4,4,6,4,7,8,1,2,6,7,3,6,8,8,7,-3.0619032,0.20440879,1.1963649,0.24454751,0.95181743
-14.358815,0.97070174,0.63413587,1,1,0,14.393614,0.76985447,4.9832742,3.8363959,1.1468783,-0.66040395,-1.3695486,-1.2374057,-1.4497105,-0.46167421,-1.4506812,-2.0068583,-1.0383091,-0.66040395,-0.46167421,7,1,3,5,8,3,6,6,8,8,8,3,2,7,7,2,7,6,8,8,-3.437635,0.51808288,2.1646356,1.1214606,1.043175
-13.069578,1,0.63413587,2,3,0,14.44819,0.75748768,2.305469,1.7463643,0.55910464,-0.72071413,-1.3583514,-1.3101095,-1.4953176,-0.52837976,-1.4822054,-1.947669,-1.1143979,-0.72071413,-0.52837976,8,4,4,7,7,1,3,8,5,6,8,4,4,7,8,4,4,6,7,8,-1.0041726,0.3574954,2.8850706,1.0313995,1.8536711
-15.899331,0.79462387,0.63413587,2,3,0,16.269449,0.85503987,7.1905098,6.1481725,1.0423372,-0.42581213,-1.2127116,-1.2407474,-1.5352071,-0.30076342,-1.3466143,-2.2365201,-0.98971165,-0.42581213,-0.30076342,8,2,5,5,7,2,7,8,6,8,8,2,4,5,8,2,4,6,5,7,-5.7695262,0.87330001,1.5136544,1.3218744,0.19178
-14.924874,1,0.63413587,2,3,0,15.804025,0.83710637,5.8521876,4.8989035,0.95328406,-0.47961877,-1.2438039,-1.2455689,-1.5180088,-0.34015988,-1.3706423,-2.1771868,-1.0056224,-0.47961877,-0.34015988,7,4,3,4,7,2,4,7,7,6,8,1,4,5,7,2,5,6,6,7,-4.4988369,0.61147273,1.6655833,1.0184588,0.64712453
-14.085358,0.99026984,0.63413587,2,7,0,15.320568,0.74691275,1.1854156,0.88540199,0.30001356,-0.78715321,-1.3364749,-1.4141627,-1.5734728,-0.61065712,-1.5252273,-1.9104441,-1.2170978,-0.78715321,-0.61065712,6,2,3,5,8,2,5,4,4,7,8,4,4,6,8,5,1,7,7,7,-0.8171237,0.40914068,3.1388382,1.2842264,1.8546118
-13.850366,0.65362057,0.63413587,1,3,0,19.919294,0.90999594,3.3353989,3.0351995,0.30019945,-0.32852024,-1.0985375,-1.3142827,-1.635148,-0.25679058,-1.3146749,-2.3167753,-1.0387103,-0.32852024,-0.25679058,8,3,6,5,8,1,3,8,4,8,8,1,3,7,8,1,5,8,8,7,-2.663992,0.66171657,1.2422636,0.82202641,0.4202372
-20.66459,0.59319056,0.63413587,2,3,0,22.3293,0.89317928,0.40651959,0.36309488,0.043424714,-0.69890073,-1.1398193,-1.6845281,-1.8554044,-0.64819189,-1.5723728,-2.0819494,-1.4261353,-0.69890073,-0.64819189,7,4,5,5,7,3,6,6,8,8,8,1,2,5,8,4,7,4,8,7,-4.9605008,0.50318827,2.2772156,1.1458682,1.1313474
-18.980267,1,0.63413587,1,1,0,20.860193,0.91597254,0.526346,0.48211848,0.044227518,-0.60212083,-1.1017851,-1.6237754,-1.8204194,-0.55816682,-1.5133797,-2.1140545,-1.3593351,-0.60212083,-0.55816682,6,4,1,6,8,5,3,7,6,8,5,3,4,7,6,2,8,6,7,8,-3.9207651,0.67514307,1.3355519,0.90168862,0.4338633
-14.300082,1,0.63413587,3,7,0,18.76014,0.80438869,4.9766708,4.0031777,0.9734931,-0.57028923,-1.3028643,-1.246046,-1.485924,-0.40318504,-1.4107454,-2.087058,-1.025787,-0.57028923,-0.40318504,7,2,2,4,4,8,3,7,5,4,6,2,2,3,8,3,6,6,8,7,-3.5501714,0.15706683,1.6935588,0.26600191,1.4275569
-13.228781,0.95923211,0.63413587,2,7,0,15.25019,0.74043475,2.8436237,2.1055178,0.7381059,-0.75371552,-1.4004222,-1.2822832,-1.4619242,-0.54054036,-1.4946589,-1.9228966,-1.0978102,-0.75371552,-0.54054036,7,4,1,5,7,4,2,4,3,4,8,1,5,4,8,4,1,7,7,8,-1.3760883,0.091854876,1.4670291,0.13475377,1.3322753
-13.204159,0.9053152,0.63413587,1,3,0,13.963732,0.87197058,2.3434969,2.0434603,0.30003655,-0.44838966,-1.1596859,-1.3368324,-1.6054602,-0.34983346,-1.3692251,-2.1851941,-1.0820513,-0.44838966,-0.34983346,5,4,3,1,8,3,4,4,8,8,7,2,6,3,8,4,4,6,7,8,-1.5284135,0.2246434,0.96435936,0.21663697,0.74772239
-13.08289,0.9951399,0.63413587,2,3,0,13.32178,0.77419485,1.9827965,1.5350708,0.44772565,-0.68951118,-1.321399,-1.333356,-1.5245011,-0.51559685,-1.4712227,-1.9722537,-1.1277317,-0.68951118,-0.51559685,4,2,2,1,6,4,3,6,7,4,6,3,4,3,8,3,5,7,7,8,-0.86270386,0.048885546,1.1443229,0.055940851,1.0883821
-13.508535,0.87320088,0.63413587,2,3,0,14.904227,0.76460079,3.6155335,2.7644398,0.85109375,-0.68405162,-1.3672313,-1.2622696,-1.4638291,-0.48652998,-1.4623745,-1.9815862,-1.0651552,-0.68405162,-0.48652998,8,2,2,4,5,5,6,7,7,5,6,2,3,6,8,1,3,5,8,7,-2.1352916,0.51342145,2.3477716,1.2053963,1.1423753
-13.258987,1,0.63413587,2,3,0,13.50985,0.81074311,3.2433188,2.6294984,0.61382043,-0.57268223,-1.2775045,-1.2833291,-1.5163784,-0.41793938,-1.414828,-2.0760028,-1.0593138,-0.57268223,-0.41793938,7,2,3,4,7,3,6,4,7,8,7,1,4,5,8,2,4,8,8,8,-1.9525307,0.72679482,5.971083,4.3397522,1.6313308
-13.667687,0.96957431,0.63413587,2,7,0,13.833732,0.84089166,1.394611,1.1727168,0.22189425,-0.57112494,-1.198154,-1.4024387,-1.6210595,-0.45868224,-1.4333918,-2.0721497,-1.1639565,-0.57112494,-0.45868224,8,3,2,7,2,3,3,7,8,8,8,1,7,1,6,3,6,6,7,7,-1.0380759,0.77950791,1.4991622,1.1686088,0.3305534
-13.216818,0.97382701,0.63413587,2,3,0,14.269422,0.87040236,2.1205652,1.8457449,0.27482023,-0.46133936,-1.1602688,-1.348675,-1.610798,-0.36305546,-1.3768616,-2.1710575,-1.0952419,-0.46133936,-0.36305546,6,1,5,5,6,7,4,8,6,7,8,3,4,4,8,5,3,7,8,8,-1.3746878,0.62016992,1.6129849,1.0003248,0.6126602
-14.302556,0.92375727,0.63413587,2,3,0,14.469118,0.88249204,1.2088035,1.0667595,0.14204403,-0.50281867,-1.1320267,-1.4381921,-1.6753613,-0.42325583,-1.414352,-2.134028,-1.1828481,-0.50281867,-0.42325583,5,3,2,3,6,3,3,4,5,6,8,3,2,1,8,4,6,7,7,8,-1.3969746,0.12947753,5.3976378,0.6988728,4.698765
-13.249045,1,0.63413587,2,3,0,14.267449,0.71276589,2.0923225,1.4913361,0.60098639,-0.83278052,-1.4310042,-1.3168299,-1.4732351,-0.60561462,-1.5322495,-1.8641736,-1.1445379,-0.83278052,-0.60561462,6,4,3,4,7,4,7,4,6,7,6,1,4,4,6,3,4,6,7,7,-0.76243949,0.500952,1.5430964,0.77301722,0.77007915
-13.852414,0.61145643,0.63413587,1,3,0,16.027378,0.92585798,2.5938825,2.4015669,0.19231568,-0.31355527,-1.0683523,-1.3452757,-1.6671589,-0.25651479,-1.3146213,-2.3248276,-1.0651829,-0.31355527,-0.25651479,7,3,5,3,7,4,4,8,5,5,8,2,4,6,8,1,4,8,8,7,-2.201204,0.60520097,1.2026992,0.72787473,0.47482447
-13.97487,0.99702173,0.63413587,2,3,0,14.102249,0.9327911,2.2727098,2.1199635,0.15274632,-0.31179029,-1.0558517,-1.3627737,-1.6825297,-0.26114176,-1.3178504,-2.3229114,-1.0813306,-0.31179029,-0.26114176,7,6,2,4,8,2,5,5,7,8,8,3,5,5,8,3,7,6,7,8,-2.0572072,0.52318483,1.6369457,0.85642515,0.78052054
-15.218499,0.94338243,0.63413587,2,3,0,15.558824,0.96728114,2.8376523,2.7448076,0.092844745,-0.20834488,-0.99707495,-1.3545127,-1.7237327,-0.18316846,-1.2732401,-2.4453085,-1.0566695,-0.20834488,-0.18316846,5,3,3,1,6,1,2,1,8,7,7,1,3,6,8,2,5,7,8,8,-3.1748406,0.26567216,0.48515138,0.12889121,0.35626017
-13.117736,1,0.63413587,2,3,0,14.995618,0.75836501,1.9750899,1.497839,0.47725083,-0.72687285,-1.348294,-1.3311053,-1.5123824,-0.54006659,-1.4871164,-1.9430514,-1.1337264,-0.72687285,-0.54006659,5,3,1,3,8,6,2,8,6,8,7,2,3,7,5,5,7,5,6,7,-0.8118774,0.73279657,1.5619394,1.1445838,0.41735555
-14.535689,0.8482727,0.63413587,2,3,0,15.208225,0.78739081,1.0238836,0.80619652,0.21768706,-0.71737471,-1.2683578,-1.4489014,-1.6227753,-0.57600014,-1.5035773,-1.96755,-1.2325058,-0.71737471,-0.57600014,8,3,1,2,7,6,3,7,7,8,7,5,4,1,8,2,2,7,8,6,-1.1415441,0.4458783,1.8931069,0.84409526,1.0490116
-13.304637,0.83478586,0.63413587,3,7,0,16.270015,0.73392454,2.9801162,2.1871804,0.79293578,-0.76848505,-1.4149552,-1.2761849,-1.452685,-0.54820755,-1.500951,-1.9117898,-1.0958986,-0.76848505,-0.54820755,3,2,2,5,8,4,5,7,3,8,6,2,5,6,8,4,7,8,8,8,-1.4774255,0.20065981,2.5528582,0.51225604,2.0406022
-14.548813,0.79144438,0.63413587,2,3,0,14.904193,0.94856889,1.8047526,1.7119322,0.092820428,-0.30575598,-1.029943,-1.3978923,-1.7149577,-0.26858068,-1.324254,-2.3240601,-1.1132708,-0.30575598,-0.26858068,8,1,3,2,8,1,4,8,8,8,8,1,4,7,8,2,5,7,7,8,-2.0658726,0.71279872,4.6752186,3.3324898,1.3427288
-14.733838,0.98292911,0.63413587,1,1,0,14.839789,0.95036628,1.653157,1.5711046,0.08205233,-0.31446748,-1.0276118,-1.4106739,-1.7222453,-0.27917669,-1.3312801,-2.3136079,-1.1265628,-0.31446748,-0.27917669,7,3,4,4,8,4,4,4,8,8,8,2,2,6,8,5,6,8,8,7,-2.0632616,0.43797359,1.6845744,0.73779908,0.94677529
-13.447441,0.90071531,0.63413587,1,3,0,16.787712,0.87795828,3.1620264,2.7761273,0.38589916,-0.40976882,-1.155114,-1.3068518,-1.5951872,-0.31220242,-1.3477855,-2.2305633,-1.0472189,-0.40976882,-0.31220242,6,4,4,6,8,2,6,7,8,7,8,1,3,8,8,2,3,6,6,8,-2.2384423,0.70700777,1.1566592,0.81776701,0.33889215
-13.641953,0.93310639,0.63413587,2,3,0,14.586553,0.81023249,3.9554095,3.2048013,0.75060821,-0.56436674,-1.2849403,-1.2652198,-1.5038965,-0.40584219,-1.4095153,-2.087583,-1.0414927,-0.56436674,-0.40584219,5,1,1,8,8,6,5,6,8,8,5,5,5,5,8,6,6,5,7,8,-2.6115817,0.38821782,2.5004738,0.97072848,1.5297453
-13.097003,1,0.63413587,2,3,0,13.689393,0.75250388,2.4768885,1.8638682,0.6130203,-0.72942271,-1.3710816,-1.300303,-1.4842916,-0.53072433,-1.4851555,-1.9410789,-1.1078784,-0.72942271,-0.53072433,7,2,3,8,6,4,5,6,5,5,7,3,4,3,6,3,3,5,8,8,-1.1132132,0.6970644,2.2931921,1.5985026,0.69468953
-13.059922,0.98141833,0.63413587,3,7,0,13.361933,0.76774325,2.1193991,1.6271543,0.49224475,-0.70068684,-1.3359441,-1.3229847,-1.5121953,-0.5194642,-1.474814,-1.9633359,-1.1211655,-0.70068684,-0.5194642,6,1,3,4,8,4,3,6,8,8,5,2,3,2,8,2,6,7,7,7,-0.91610085,0.76930705,2.299526,1.7690416,0.53048444
-13.405545,0.93762999,0.63413587,2,3,0,13.619802,0.68704114,2.5651493,1.7623631,0.8027862,-0.89053139,-1.4915992,-1.2881932,-1.4341723,-0.6330969,-1.5566928,-1.82229,-1.1333472,-0.89053139,-0.6330969,7,1,1,3,3,4,6,6,7,5,8,1,2,5,7,2,3,5,7,8,-1.0369653,0.45676674,1.478375,0.67527255,0.80310249
-13.378646,0.99954831,0.63413587,2,7,0,13.411117,0.89282712,2.2489448,2.0079189,0.24102589,-0.40412008,-1.1233319,-1.3488845,-1.6326424,-0.32259771,-1.3530307,-2.227685,-1.0847304,-0.40412008,-0.32259771,8,3,3,2,8,3,2,7,8,6,8,5,6,6,8,3,6,8,8,8,-1.6186925,0.13286414,2.6214576,0.34829771,2.2731599
-13.365929,0.99117864,0.63413587,2,7,0,13.663595,0.72692286,1.6980835,1.2343757,0.46370777,-0.80831894,-1.3922087,-1.3492131,-1.5084722,-0.60117428,-1.5245922,-1.8844227,-1.1665695,-0.80831894,-0.60117428,8,3,2,8,6,3,3,5,8,7,7,2,2,8,5,2,3,8,8,7,-0.63402865,0.68595187,1.8586553,1.2749481,0.58370723
-13.417941,0.94671051,0.63413587,2,7,0,14.447749,0.6923512,2.7254823,1.8869909,0.83849135,-0.87591649,-1.4861261,-1.2814319,-1.4313149,-0.62107472,-1.5498199,-1.8323239,-1.1244146,-0.87591649,-0.62107472,8,5,3,3,5,5,3,4,8,8,7,2,1,6,8,3,5,7,8,8,-1.1747139,0.47156402,1.6421283,0.77436861,0.86775966
-13.979545,0.93713219,0.63413587,2,7,0,14.629903,0.73579791,1.2414885,0.91348465,0.32800385,-0.80741089,-1.3565773,-1.4040733,-1.5594037,-0.62055591,-1.531974,-1.8943635,-1.2127612,-0.80741089,-0.62055591,5,4,5,4,7,4,5,6,5,7,8,3,3,7,8,6,7,6,7,7,-0.74292907,0.51913388,4.2164034,2.1888778,2.0275255
-14.250011,0.96515421,0.63413587,2,3,0,14.741765,0.80897092,1.1124854,0.89996837,0.21251708,-0.66410746,-1.2397832,-1.4363566,-1.6249946,-0.53501567,-1.4790198,-2.0035347,-1.2113174,-0.66410746,-0.53501567,6,2,2,4,6,3,4,8,7,8,7,3,3,7,7,3,4,7,7,7,-1.0960335,0.72251621,2.6425694,1.9092992,0.73327016
-13.556277,0.98827532,0.63413587,2,7,0,14.690835,0.90565571,2.07019,1.8748794,0.1953106,-0.38368062,-1.1006955,-1.3637112,-1.6533428,-0.31308797,-1.3477035,-2.2464265,-1.0946476,-0.38368062,-0.31308797,7,3,1,5,8,3,2,5,8,8,8,2,4,3,8,3,6,5,8,7,-1.6239525,0.71651992,3.0379548,2.1767551,0.86119967
-14.428882,0.86293692,0.63413587,2,7,0,16.65494,0.90581277,4.4460416,4.0272813,0.41876037,-0.31866265,-1.1094743,-1.2896369,-1.6196581,-0.24135091,-1.3062835,-2.3369786,-1.0136282,-0.31866265,-0.24135091,4,4,2,2,8,4,2,6,7,4,8,1,7,5,8,4,5,8,8,8,-3.6638163,0.29429502,2.1564841,0.63464251,1.5218415
-14.076413,0.98833114,0.63413587,2,7,0,15.433701,0.9251447,1.6880587,1.5616985,0.12636013,-0.36575933,-1.0676329,-1.39823,-1.6902276,-0.31197652,-1.3486496,-2.2613468,-1.1233094,-0.36575933,-0.31197652,7,2,2,5,5,3,1,6,5,6,8,2,4,4,8,2,6,8,8,6,-1.6851212,0.30912672,1.7407527,0.53811317,1.2026395
-13.32746,0.99427417,0.63413587,2,7,0,14.243671,0.87805296,2.8332596,2.487752,0.34550762,-0.41794092,-1.1528721,-1.3177909,-1.6010543,-0.32174926,-1.3530462,-2.2194108,-1.0588411,-0.41794092,-0.32174926,7,1,5,6,8,3,7,7,8,8,8,3,3,6,7,2,4,8,7,8,-1.9522754,0.95211152,1.697384,1.6160989,0.081285139
-14.074143,0.9014496,0.63413587,2,5,0,15.030013,0.92952578,1.7967607,1.6701354,0.12662531,-0.34787119,-1.0606655,-1.3911364,-1.691373,-0.29671642,-1.3395662,-2.2802551,-1.1137941,-0.34787119,-0.29671642,8,2,4,4,8,3,3,6,7,6,6,1,3,8,8,3,6,6,4,7,-1.7685736,0.49689049,3.5343802,1.7561999,1.7781803
-13.207366,0.95998812,0.63413587,3,7,0,15.046984,0.72242424,2.0899401,1.5098234,0.58011672,-0.80956913,-1.4140135,-1.3180688,-1.4798356,-0.59068908,-1.522055,-1.8808675,-1.1404997,-0.80956913,-0.59068908,7,1,1,4,5,4,2,4,3,7,6,6,1,6,8,1,4,7,7,8,-0.78184132,0.18208369,1.8440851,0.33577783,1.5083073
-13.13832,0.74347981,0.63413587,3,7,0,15.025237,0.78804684,2.925136,2.3051442,0.61999181,-0.63416458,-1.3149765,-1.288295,-1.501104,-0.46188506,-1.4421973,-2.0205031,-1.0768425,-0.63416458,-0.46188506,6,2,1,4,7,3,4,7,7,3,8,1,3,5,8,2,5,7,6,8,-1.5860552,0.51791795,2.1135218,1.0946309,1.0188909
-13.056658,0.96818382,0.63413587,2,3,0,13.451213,0.80799097,2.6925005,2.1755161,0.51698442,-0.58993947,-1.2758062,-1.3021377,-1.5268311,-0.43644856,-1.4243798,-2.0574958,-1.0795623,-0.58993947,-0.43644856,8,1,6,5,7,4,4,8,6,8,7,1,3,5,8,3,5,7,8,8,-1.4647216,0.5179316,2.099019,1.0871483,1.0118707
-14.152807,0.9339506,0.63413587,2,7,0,14.156656,0.86972391,4.5161267,3.9277834,0.58834333,-0.40777092,-1.1768018,-1.2741272,-1.5692315,-0.29954098,-1.3422733,-2.2428209,-1.0166942,-0.40777092,-0.29954098,8,2,1,7,8,7,8,7,7,8,5,1,4,5,8,3,5,7,8,8,-3.4462104,0.87847235,3.210423,2.8202678,0.39015515
-15.096093,0.93913973,0.63413587,2,3,0,15.658512,0.59370845,4.3875046,2.6048986,1.7826061,-1.1375368,-1.7108301,-1.235072,-1.3376113,-0.77072601,-1.675535,-1.6616428,-1.1463654,-1.1375368,-0.77072601,7,3,6,5,8,1,6,8,8,8,8,3,3,3,8,3,4,7,7,6,-2.5692207,0.82534943,1.4451806,1.192779,0.25240162
-13.462048,1,0.63413587,2,3,0,15.481146,0.8475471,1.5539454,1.3170419,0.23690349,-0.54458981,-1.1905186,-1.3864422,-1.6151641,-0.43458344,-1.4190334,-2.0937167,-1.144817,-0.54458981,-0.43458344,5,4,2,5,6,3,4,6,5,5,8,2,8,6,7,6,5,7,8,7,-1.0484985,0.33637102,1.5911042,0.53520137,1.0559029
-15.240889,0.90219695,0.63413587,2,3,0,15.346877,0.50867874,1.4002988,0.71230223,0.68799658,-1.3211104,-1.7384982,-1.3877027,-1.4604046,-0.94085969,-1.7585277,-1.601476,-1.308987,-1.3211104,-0.94085969,3,3,2,2,8,6,4,5,6,8,5,5,1,4,7,5,5,5,5,8,-0.41144287,0.44229088,3.1798532,1.4064201,1.7734332
-14.158281,1,0.63413587,1,1,0,15.127679,0.60179017,1.6352257,0.98406273,0.65116294,-1.103339,-1.6009596,-1.3510267,-1.4530906,-0.79284291,-1.6562975,-1.6998131,-1.2323551,-1.103339,-0.79284291,6,3,4,6,5,4,5,7,2,4,8,2,3,1,8,2,3,4,7,8,-0.43553217,0.39970949,0.75537039,0.30192871,0.45344168
-15.034058,0.95213129,0.63413587,2,3,0,15.90988,0.7033676,0.93981184,0.6610332,0.27877865,-0.89464289,-1.3854455,-1.4567293,-1.5909576,-0.69795884,-1.5780578,-1.8535138,-1.2751217,-0.89464289,-0.69795884,7,4,4,2,8,2,3,8,7,8,8,4,2,1,8,4,2,7,8,7,-1.0798164,0.79131294,1.9225392,1.5213302,0.40120906
-14.614184,0.97329126,0.63413587,2,3,0,15.810822,0.81318254,1.0085224,0.82011283,0.1884096,-0.66747563,-1.2303809,-1.4565236,-1.6428193,-0.54452951,-1.4851816,-2.0055918,-1.2292775,-0.66747563,-0.54452951,8,2,5,5,7,3,6,8,7,8,8,3,8,7,8,3,6,4,7,8,-1.2644622,0.91889003,1.6175257,1.4863283,0.13119746
-13.038276,1,0.63413587,2,5,0,14.458299,0.7887274,2.076467,1.6377664,0.43870058,-0.65245152,-1.2987298,-1.3298656,-1.5319258,-0.48912267,-1.4548082,-2.00215,-1.1169195,-0.65245152,-0.48912267,4,4,1,4,7,3,6,4,7,7,8,5,1,3,7,2,5,7,4,8,-0.95945596,0.46781968,2.6093718,1.2207155,1.3886564
-13.149942,0.99143168,0.63413587,2,3,0,13.161616,0.78056417,1.8185155,1.419468,0.39904746,-0.68052681,-1.3062591,-1.3470522,-1.5392168,-0.51438181,-1.4692052,-1.9797286,-1.1376649,-0.68052681,-0.51438181,6,3,3,5,8,1,5,4,7,7,8,1,2,3,8,6,1,6,5,8,-0.8145843,0.54836025,1.8225121,0.99939319,0.82311892
-14.227639,0.79885966,0.63413587,2,3,0,15.002352,0.91929084,1.4731636,1.3542658,0.11889781,-0.39743665,-1.0767576,-1.4164842,-1.6937541,-0.34088576,-1.3662486,-2.2293812,-1.1452773,-0.39743665,-0.34088576,7,1,4,6,5,3,6,8,8,6,7,1,5,3,7,1,7,6,7,8,-1.6094477,0.93074071,2.3597551,2.1963201,0.16343497
-13.557463,0.99502798,0.63413587,2,3,0,14.420143,0.89641139,1.8266587,1.6374377,0.18922104,-0.41867729,-1.1145725,-1.3770835,-1.6512016,-0.34260223,-1.3651224,-2.2099691,-1.1131172,-0.41867729,-0.34260223,6,4,2,5,7,5,4,5,7,7,7,2,5,3,7,1,5,8,8,8,-1.4296421,0.14956389,3.067474,0.45878335,2.6086906
-14.128208,0.89847806,0.63413587,3,7,0,16.143709,0.59881644,2.7863441,1.6685087,1.1178354,-1.1171111,-1.6627446,-1.2783479,-1.3816093,-0.77416504,-1.6626935,-1.6775978,-1.1764628,-1.1171111,-0.77416504,6,5,3,4,6,3,6,7,8,5,6,2,4,3,8,3,5,5,5,7,-1.1047935,0.2922059,2.4926006,0.72835261,1.764248
-15.748244,0.87076099,0.63413587,3,7,0,15.942127,0.48836325,3.5899288,1.7531893,1.8367395,-1.4273257,-1.9054637,-1.2719092,-1.3325848,-0.95931257,-1.8187028,-1.513423,-1.2407648,-1.4273257,-0.95931257,6,3,6,1,7,8,5,1,4,4,5,4,2,4,8,1,2,5,7,8,-1.7834158,0.11636747,1.1797821,0.13728825,1.0424938
-14.758808,1,0.63413587,3,7,0,15.580919,0.95474954,1.8028012,1.7212236,0.081577581,-0.29248351,-1.0200068,-1.4005177,-1.7229902,-0.25983472,-1.319602,-2.338113,-1.1136614,-0.29248351,-0.25983472,3,1,1,3,7,6,5,8,8,8,8,2,2,3,8,2,4,6,8,8,-2.1867734,0.40643474,1.5356947,0.62415969,0.91153503
-14.843231,0.9977884,0.63413587,1,1,0,14.967654,0.95761142,1.8396566,1.7616762,0.077980429,-0.28341004,-1.0152576,-1.3990115,-1.7257043,-0.25274055,-1.315521,-2.3482097,-1.1108477,-0.28341004,-0.25274055,5,4,1,3,5,2,3,3,8,6,8,3,4,7,8,6,7,8,8,7,-2.2617676,0.18003915,1.2351021,0.22236674,1.0127354
-15.161397,0.98052325,0.63413587,3,7,0,15.287776,0.53001473,3.4509761,1.8290682,1.621908,-1.3086497,-1.8175809,-1.2653723,-1.3407793,-0.88653361,-1.7582907,-1.5706732,-1.2093313,-1.3086497,-0.88653361,6,3,2,4,8,4,6,8,5,7,7,2,3,2,8,4,2,7,6,7,-1.6577556,0.2802075,3.2326939,0.90582509,2.3268688
-15.784265,0.86632137,0.63413587,1,1,0,16.181209,0.46734228,3.2046987,1.4976912,1.7070075,-1.4805156,-1.9346255,-1.2888662,-1.3437108,-0.99671739,-1.8442111,-1.4932378,-1.2654067,-1.4805156,-0.99671739,6,2,1,1,4,3,5,8,6,7,6,3,4,4,6,1,4,4,8,6,-1.4337892,0.17055367,1.3238974,0.22579556,1.0981018
-14.679039,1,0.63413587,3,7,0,15.964548,0.95202427,1.7799985,1.6946018,0.08539672,-0.30019456,-1.0244661,-1.401125,-1.7201443,-0.26563291,-1.3228838,-2.3296957,-1.1154267,-0.30019456,-0.26563291,8,3,2,3,7,3,3,7,7,7,8,3,5,7,8,4,8,7,7,8,-2.1240299,0.89094934,2.6568225,2.3670943,0.28972825
-13.238954,0.96324548,0.63413587,3,7,0,15.515192,0.77165773,3.1087669,2.398904,0.7098629,-0.67208152,-1.3475322,-1.2783784,-1.4812118,-0.48416508,-1.4580769,-1.9894241,-1.0764563,-0.67208152,-0.48416508,7,2,2,2,8,2,6,4,3,8,6,2,3,4,6,4,4,6,8,8,-1.6934832,0.60334127,1.6013578,0.96616527,0.63519257
-14.20397,0.90072991,0.63413587,2,3,0,14.784031,0.70332165,1.1935535,0.83945199,0.35410147,-0.87979335,-1.4041364,-1.4083157,-1.5477787,-0.67020242,-1.563327,-1.8478376,-1.2315053,-0.87979335,-0.67020242,8,3,2,3,5,1,3,3,5,7,3,1,4,5,7,3,5,4,7,8,-0.71096463,0.30870297,3.6416316,1.1241825,2.5174491
-14.266653,0.98006617,0.63413587,3,7,0,14.856046,0.84075716,1.1321875,0.95189478,0.18029276,-0.59704502,-1.1931235,-1.4396834,-1.6470625,-0.48981081,-1.4526246,-2.0559932,-1.2013562,-0.59704502,-0.48981081,5,3,5,2,6,3,3,6,7,4,8,1,1,3,8,1,1,8,8,6,-1.2164727,0.15671798,2.6875533,0.42118791,2.2663653
-13.453779,0.9734789,0.63413587,2,3,0,15.080913,0.68264151,1.9043677,1.3000004,0.60436725,-0.90816161,-1.476416,-1.3277693,-1.4666323,-0.65912181,-1.5666554,-1.8136138,-1.1702742,-0.90816161,-0.65912181,4,3,2,1,7,4,3,8,6,5,6,2,5,6,6,2,5,5,7,8,-0.61249206,0.1826297,1.9309199,0.35264333,1.5782766
-13.246071,1,0.63413587,2,3,0,13.530034,0.76576264,1.7113938,1.3105215,0.40087237,-0.71864043,-1.3278219,-1.3535804,-1.534768,-0.54257782,-1.4864435,-1.9505592,-1.1512511,-0.71864043,-0.54257782,6,2,1,4,8,5,4,6,8,8,3,4,5,6,8,2,7,4,8,8,-0.73821499,0.80522651,2.5983333,2.0922468,0.50608644
-13.481019,0.81294819,0.63413587,1,3,0,15.040429,0.90050752,2.6100429,2.3503632,0.25967965,-0.37198079,-1.1122371,-1.3346537,-1.6335498,-0.2948311,-1.3367811,-2.2637413,-1.0657144,-0.37198079,-0.2948311,4,3,1,4,5,3,4,4,6,7,8,1,3,4,8,3,7,8,7,8,-1.9476141,0.38642409,2.6716411,1.0323865,1.6392546
-13.088196,1,0.63413587,2,3,0,13.523742,0.79068083,1.9211566,1.5190217,0.40213492,-0.65328184,-1.2918286,-1.3410871,-1.5416197,-0.49367793,-1.4567018,-2.0014271,-1.1268336,-0.65328184,-0.49367793,8,1,3,3,8,3,6,7,5,8,7,3,3,2,6,4,5,4,8,8,-0.88895051,0.8683647,1.5802648,1.3722462,0.20801863
-13.974616,0.92300176,0.63413587,2,3,0,14.099781,0.87491881,4.1818231,3.6587557,0.5230674,-0.39901986,-1.1657622,-1.281787,-1.578991,-0.29597789,-1.339502,-2.2496057,-1.0219998,-0.39901986,-0.29597789,7,3,1,5,7,3,4,7,5,8,6,2,4,3,8,4,5,8,8,7,-3.1653035,0.65579498,3.8357973,2.5154966,1.3203007
-14.192964,0.99867588,0.63413587,2,3,0,14.438459,0.81644344,4.8168179,3.9326593,0.88415854,-0.54033555,-1.2788883,-1.2517678,-1.5009717,-0.38452438,-1.3978696,-2.1141687,-1.0243225,-0.54033555,-0.38452438,8,1,4,5,8,5,5,8,7,8,7,3,1,4,7,3,6,4,8,8,-3.4493391,0.60007151,2.7626282,1.6577745,1.1048537
-13.46511,0.82518046,0.63413587,2,3,0,16.382594,0.80389407,3.6472859,2.9320315,0.71525438,-0.584038,-1.2941385,-1.2705441,-1.5018284,-0.42126269,-1.4186126,-2.0681183,-1.050451,-0.584038,-0.42126269,7,5,5,1,5,5,5,5,7,7,7,2,2,5,8,2,4,7,8,7,-2.2974114,0.1820789,1.1310332,0.20593728,0.9250959
-13.161522,1,0.63413587,2,7,0,13.455014,0.81231061,1.7909146,1.4547789,0.33613568,-0.60921618,-1.2525855,-1.3560215,-1.5679024,-0.46872831,-1.4402866,-2.037931,-1.1308097,-0.60921618,-0.46872831,7,5,3,2,8,6,3,6,4,8,7,4,3,5,7,3,5,7,5,8,-0.92198313,0.3833626,1.6990789,0.65136331,1.0477156
-13.009987,0.99551628,0.63413587,2,3,0,13.228674,0.81431551,2.3316546,1.8987025,0.43295208,-0.58415481,-1.2592732,-1.3207157,-1.5447203,-0.43900076,-1.4242489,-2.06066,-1.094716,-0.58415481,-0.43900076,8,2,4,5,8,2,6,5,8,8,8,3,4,6,7,3,4,5,8,8,-1.2168059,0.65342565,4.6611689,3.0457273,1.6154416
-14.623393,0.82588421,0.63413587,3,7,0,14.849826,0.5631791,3.1279636,1.7616037,1.3663599,-1.2145647,-1.7424044,-1.2694922,-1.3579278,-0.83108468,-1.7107192,-1.6212912,-1.1914097,-1.2145647,-0.83108468,7,3,3,6,8,3,4,3,7,6,8,4,1,5,8,4,6,7,6,6,-1.376842,0.5626338,2.5143116,1.4146367,1.0996749
-14.717067,0.9959585,0.63413587,2,7,0,15.437584,0.52675285,2.3686966,1.2477177,1.1209789,-1.3022211,-1.7811438,-1.3070643,-1.3823594,-0.89850104,-1.7513924,-1.583327,-1.2407285,-1.3022211,-0.89850104,8,2,6,3,6,7,2,7,6,4,7,2,4,7,7,4,4,7,7,6,-0.74278534,0.50464517,0.75468545,0.38084836,0.37383708
-14.861595,1,0.63413587,2,3,0,15.461215,0.51415355,1.8490453,0.95069322,0.89835211,-1.322819,-1.7710015,-1.3428258,-1.4152403,-0.92455702,-1.7597515,-1.5839308,-1.2735516,-1.322819,-0.92455702,7,3,2,5,7,3,8,6,7,7,7,4,2,3,8,5,5,7,6,6,-0.44811483,0.4938828,2.3432606,1.1572961,1.1859645
-13.614783,0.78175307,0.63413587,1,3,0,17.57598,0.89711895,1.7559111,1.5752611,0.18064997,-0.42183304,-1.1129704,-1.382865,-1.6550212,-0.34682595,-1.3677459,-2.2065154,-1.118935,-0.42183304,-0.34682595,7,3,3,5,7,3,4,7,8,6,8,2,5,5,6,4,4,7,8,8,-1.4136513,0.38011784,2.4959087,0.94873943,1.5471693
-13.055989,0.99127351,0.63413587,2,3,0,13.771583,0.81669972,2.0210965,1.650629,0.37046757,-0.58923564,-1.2498349,-1.3399013,-1.5598444,-0.44926069,-1.4292255,-2.0550787,-1.112633,-0.58923564,-0.44926069,8,3,3,6,8,2,6,7,7,7,6,4,3,5,6,4,7,6,8,7,-1.0370057,0.88349421,3.1678702,2.798795,0.36907522
-13.347226,0.97810212,0.63413587,2,3,0,13.36369,0.80764247,1.5755903,1.2725136,0.30307666,-0.63095659,-1.2551539,-1.3746759,-1.5780831,-0.49029407,-1.4526704,-2.0208091,-1.151449,-0.63095659,-0.49029407,8,3,2,8,7,4,6,8,8,7,8,2,4,7,8,1,3,7,6,8,-0.86447807,0.86751017,1.9093327,1.6563655,0.25296717
-13.068515,0.90658474,0.63413587,3,7,0,15.080906,0.83502011,2.0961652,1.7503401,0.3458251,-0.54385932,-1.2199575,-1.3397425,-1.5743348,-0.41775374,-1.4099658,-2.0950371,-1.1033463,-0.54385932,-0.41775374,8,6,4,3,7,2,4,8,8,7,6,2,6,4,5,3,6,4,8,8,-1.1607835,0.81890125,3.1799848,2.6040935,0.57589126
-13.482206,0.89961791,0.63413587,1,3,0,14.127678,0.68348824,2.7638255,1.8890422,0.87478328,-0.89814864,-1.5034676,-1.2791721,-1.4243193,-0.63476318,-1.5599408,-1.8167648,-1.1275409,-0.89814864,-0.63476318,6,3,2,4,7,2,3,6,6,7,8,3,1,2,8,3,7,8,7,8,-1.1908522,0.55143909,2.4823684,1.368875,1.1134934
-13.109559,1,0.63413587,2,3,0,13.546638,0.79853487,2.8679112,2.2901271,0.5777841,-0.60938411,-1.2951948,-1.2928668,-1.5127047,-0.44654222,-1.43181,-2.041506,-1.075532,-0.60938411,-0.44654222,7,2,4,8,8,1,6,8,8,5,7,4,3,5,8,6,5,7,7,8,-1.5745609,0.77324567,1.3965489,1.0798754,0.31667351
-14.338918,0.62582406,0.63413587,2,3,0,16.610655,0.93784047,1.697169,1.5916737,0.10549523,-0.33758418,-1.0473673,-1.402166,-1.7051543,-0.29302597,-1.3382749,-2.2900142,-1.1223218,-0.33758418,-0.29302597,3,3,1,4,7,6,2,6,8,8,8,1,2,7,8,4,5,7,8,8,-1.8591338,0.10140465,2.2333173,0.22646876,2.0068486
-13.32164,0.96089518,0.63413587,2,5,0,14.856204,0.88658493,2.4702646,2.1900994,0.28016524,-0.40956219,-1.1355051,-1.335679,-1.6193401,-0.32194428,-1.3527176,-2.2243637,-1.0736386,-0.40956219,-0.32194428,6,3,1,2,8,3,2,8,7,8,7,1,7,1,8,4,3,6,6,8,-1.7246289,0.17030683,3.5321309,0.60154601,2.9305849
-13.134551,0.99594088,0.63413587,2,7,0,13.365015,0.7779642,2.87199,2.2343054,0.63768461,-0.65997001,-1.332494,-1.2880626,-1.4931551,-0.47938687,-1.4535093,-1.9985012,-1.0822174,-0.65997001,-0.47938687,8,4,4,4,7,3,6,7,8,8,8,1,2,4,8,2,5,8,8,8,-1.5069109,0.74401094,1.7999954,1.3392163,0.46077913
-15.78565,0.48653478,0.63413587,2,3,0,18.248764,0.64316363,0.83878059,0.53947317,0.29930742,-1.0214729,-1.4616287,-1.4790545,-1.5904911,-0.78927573,-1.6351344,-1.7898147,-1.32017,-1.0214729,-0.78927573,7,3,2,4,8,6,4,8,6,6,8,3,1,6,8,2,7,4,5,7,-1.2402195,0.29007607,1.6787422,0.48696292,1.1917792
-13.137086,0.95277633,0.63413587,2,3,0,16.439066,0.84540494,2.7606592,2.3338749,0.42678429,-0.49800435,-1.2100511,-1.3097952,-1.5644164,-0.37533352,-1.3858334,-2.141321,-1.0674068,-0.49800435,-0.37533352,6,5,2,5,8,7,4,3,7,6,7,2,2,5,6,2,2,7,8,8,-1.6921703,0.37816066,1.6607109,0.62801554,1.0326954
-14.000021,0.94411281,0.63413587,2,3,0,14.130316,0.59939613,2.067784,1.2394217,0.82836228,-1.1116373,-1.6314421,-1.3159443,-1.4181583,-0.78483663,-1.6593909,-1.6870001,-1.2056541,-1.1116373,-0.78483663,8,2,2,6,8,3,3,7,5,8,4,4,2,3,5,1,6,6,8,5,-0.58934598,0.6803726,1.7971468,1.2227295,0.57441737
-13.748217,1,0.63413587,2,3,0,14.015818,0.91636363,1.9573256,1.793622,0.16370361,-0.36614593,-1.0824683,-1.3748221,-1.6698924,-0.30431775,-1.3430275,-2.263067,-1.1018121,-0.36614593,-0.30431775,8,4,4,7,7,3,4,8,7,8,8,3,4,5,7,3,8,8,6,8,-1.6751601,0.28343515,0.81400731,0.23071828,0.58328903
-14.045867,0.97295132,0.63413587,1,1,0,14.072126,0.92772853,1.7859731,1.6568982,0.1290749,-0.35259318,-1.0635607,-1.3912897,-1.6895653,-0.30016539,-1.3415256,-2.2753513,-1.1147202,-0.35259318,-0.30016539,8,1,3,3,8,4,3,5,7,7,8,1,3,5,8,2,3,8,6,8,-1.7419584,0.58752015,5.4914194,3.2263195,2.2650998
-13.396237,0.99626365,0.63413587,2,3,0,14.155668,0.8780496,1.8170779,1.5954845,0.22159338,-0.46005727,-1.1445428,-1.3718459,-1.6312959,-0.37014213,-1.3810207,-2.1704097,-1.1159046,-0.46005727,-0.37014213,4,1,2,5,6,3,2,6,8,5,8,2,3,3,7,3,7,6,6,8,-1.2838549,0.34000515,2.6890361,0.91428611,1.77475
-13.61038,0.93038625,0.63413587,2,3,0,14.612071,0.65515582,2.5673793,1.6820335,0.8853458,-0.97115348,-1.5501975,-1.2866011,-1.4158323,-0.68474152,-1.5937188,-1.7682014,-1.1501786,-0.97115348,-0.68474152,6,2,2,4,8,5,4,7,5,6,8,3,2,3,8,2,5,8,8,7,-0.9892009,0.21191356,1.5443174,0.3272618,1.2170556
-13.291879,1,0.63413587,2,3,0,13.666053,0.87319084,2.827613,2.4690458,0.35856721,-0.42969267,-1.1614222,-1.3163004,-1.5952408,-0.32955309,-1.3577726,-2.2076917,-1.0597535,-0.42969267,-0.32955309,4,2,2,3,6,2,3,5,7,7,7,1,5,4,8,3,5,8,8,8,-1.9139655,0.15275776,2.6713331,0.40806686,2.2632662
-13.146735,0.99841349,0.63413587,3,7,0,13.34532,0.83263939,1.8713257,1.5581395,0.31318619,-0.55921603,-1.2203337,-1.3546459,-1.5823289,-0.43364591,-1.4189851,-2.0807317,-1.1195909,-0.55921603,-0.43364591,6,4,1,3,7,3,4,7,4,8,8,4,5,6,8,5,8,6,8,6,-1.0402826,0.41873786,1.2398288,0.51916326,0.72066553
-13.739389,0.93176618,0.63413587,2,3,0,13.920731,0.90442545,1.7084356,1.5451526,0.16328297,-0.40921717,-1.1009072,-1.3892418,-1.6653655,-0.34002052,-1.3640921,-2.2185029,-1.1225078,-0.40921717,-0.34002052,8,2,2,7,6,3,5,6,6,8,7,1,2,5,7,1,5,8,7,7,-1.4675701,0.60124182,1.1934796,0.71756986,0.47590977
-15.643367,0.8494194,0.63413587,2,3,0,16.460676,0.5425635,1.0456283,0.56731976,0.47830855,-1.2305434,-1.638396,-1.436929,-1.5202327,-0.90490642,-1.719569,-1.6653586,-1.3296353,-1.2305434,-0.90490642,7,4,1,1,7,2,3,7,7,7,7,1,4,6,7,2,7,6,6,6,-0.71339751,0.19645575,1.948435,0.38278127,1.5656538
-15.91201,0.92169006,0.63413587,3,7,0,19.968576,0.88163223,6.9881236,6.160955,0.82716858,-0.357783,-1.1607448,-1.252575,-1.5731136,-0.25667317,-1.3180969,-2.3078487,-0.98648176,-0.357783,-0.25667317,7,4,3,6,8,5,4,5,7,7,8,3,3,5,8,2,5,6,7,8,-5.7685098,0.67947284,2.3251724,1.5798915,0.74528093
-13.309705,0.99968088,0.63413587,3,7,0,16.612848,0.6982273,2.1753003,1.5188541,0.65644625,-0.86679692,-1.4594251,-1.310135,-1.4593905,-0.62558261,-1.5469788,-1.8398744,-1.146408,-0.86679692,-0.62558261,8,2,4,3,8,1,5,7,7,8,8,1,1,5,8,5,2,6,7,7,-0.78260896,0.90188413,4.6211072,4.1677033,0.45340394
-13.076493,0.96305197,0.63413587,2,3,0,13.562819,0.82328008,1.9865003,1.6354461,0.35105417,-0.57544568,-1.2380631,-1.3439005,-1.5677027,-0.44113195,-1.4240123,-2.0668801,-1.1133592,-0.57544568,-0.44113195,8,4,1,2,8,2,4,7,8,7,8,2,5,3,7,3,6,5,8,8,-1.0481461,0.5278472,3.5119406,1.853768,1.6581726
-14.966008,0.7725694,0.63413587,2,3,0,16.065738,0.84125593,0.94278561,0.79312399,0.14966162,-0.62145128,-1.1887537,-1.4758925,-1.6735401,-0.51956721,-1.4717994,-2.044905,-1.2372061,-0.62145128,-0.51956721,7,4,4,3,8,3,4,5,8,8,8,2,3,8,6,2,5,4,8,7,-1.5196361,0.66118537,2.5241018,1.6688992,0.85520263
-14.718592,0.92505856,0.63413587,2,7,0,16.419892,0.59514818,1.2480803,0.7427927,0.50528756,-1.1169163,-1.5795113,-1.3983234,-1.4969206,-0.81932197,-1.6654143,-1.7069266,-1.2739281,-1.1169163,-0.81932197,7,2,5,6,6,2,4,7,7,7,8,4,4,3,7,7,4,7,6,8,-0.52351856,0.60727216,1.2606454,0.76555486,0.49509056
-13.340787,1,0.63413587,2,3,0,14.827718,0.88839507,2.4991736,2.2202535,0.27892009,-0.40427408,-1.1325711,-1.3350048,-1.6208515,-0.31795663,-1.3503735,-2.2299154,-1.0720289,-0.40427408,-0.31795663,7,3,2,6,6,4,5,8,7,8,8,2,3,3,8,3,5,6,7,7,-1.760412,0.80567342,3.4672876,2.7935015,0.67378614
-13.904217,0.95779276,0.63413587,2,3,0,14.050062,0.92941673,2.2724196,2.1120248,0.16039479,-0.31946552,-1.0615364,-1.3614299,-1.6780739,-0.26622627,-1.3206982,-2.3147612,-1.0813678,-0.31946552,-0.26622627,8,1,3,7,7,6,4,7,4,6,8,2,5,5,8,2,5,8,8,8,-2.0116508,0.34626663,1.7882785,0.61922115,1.1690573
-13.814564,1,0.63413587,2,3,0,13.956822,0.92463368,2.2442507,2.0751098,0.16914091,-0.33172419,-1.0695306,-1.3609931,-1.6724531,-0.27490976,-1.3256514,-2.3015261,-1.0830521,-0.33172419,-0.27490976,8,2,5,2,7,7,4,6,6,6,8,1,4,8,8,3,5,8,8,8,-1.9327095,0.42067285,1.4128231,0.59433633,0.81848679
-14.468623,0.9479353,0.63413587,2,3,0,15.221179,0.70394801,1.0954573,0.77114497,0.32431231,-0.8834687,-1.3964222,-1.4251238,-1.5629623,-0.67884429,-1.5676102,-1.8502022,-1.2463543,-0.8834687,-0.67884429,8,3,3,6,6,5,5,4,8,8,7,1,6,1,6,5,7,6,8,7,-0.81822326,0.64009259,2.289713,1.4656283,0.82408468
-13.396409,0.94957007,0.63413587,2,3,0,15.305956,0.85441826,1.6407288,1.4018686,0.23886015,-0.52359104,-1.1808532,-1.3798543,-1.616225,-0.4176048,-1.4089769,-2.1119749,-1.1349835,-0.52359104,-0.4176048,8,5,2,6,7,3,7,5,8,8,8,1,2,2,7,1,3,4,8,6,-1.0919377,0.70506423,1.3876786,0.97840255,0.40927605
-13.608457,0.9560969,0.63413587,3,7,0,14.322987,0.77279924,3.8264376,2.9570681,0.86936955,-0.661071,-1.3541385,-1.25889,-1.4677378,-0.46976328,-1.4519205,-2.0017839,-1.0571217,-0.661071,-0.46976328,6,3,4,5,6,5,4,6,6,6,7,5,4,5,8,4,2,7,7,7,-2.3574727,0.57945833,1.2886798,0.74673623,0.54194356
-13.657823,0.95885879,0.63413587,3,7,0,14.544622,0.78219731,3.9417082,3.0831936,0.85851467,-0.63592347,-1.3375455,-1.2584245,-1.475021,-0.45249986,-1.4406819,-2.023861,-1.0511478,-0.63592347,-0.45249986,8,2,2,7,3,5,7,6,4,7,5,2,1,4,8,3,7,8,8,8,-2.496095,0.43262098,2.2347948,0.96681911,1.2679757
-13.787383,0.96707741,0.63413587,2,7,0,14.084398,0.86813343,3.9412581,3.4215379,0.51972017,-0.41933378,-1.1772076,-1.2839458,-1.5725615,-0.31109478,-1.3485212,-2.2271166,-1.0280673,-0.41933378,-0.31109478,8,1,1,5,8,6,4,6,8,8,8,1,2,6,8,3,6,5,7,8,-2.8932315,0.77305489,3.3303084,2.5745112,0.75579719
-13.773595,0.9879916,0.63413587,2,7,0,14.219552,0.68067886,3.3843154,2.303632,1.0806835,-0.90246698,-1.5224396,-1.2574206,-1.4037493,-0.62961812,-1.5617571,-1.8138005,-1.1104191,-0.90246698,-0.62961812,7,2,1,5,5,5,3,7,6,8,7,1,4,3,8,3,4,8,7,6,-1.7327676,0.26882559,2.9335438,0.78861163,2.1449322
-16.295365,0.59699557,0.63413587,2,3,0,17.28364,0.40198742,2.3638925,0.95025504,1.4136374,-1.6388826,-2.0198038,-1.3451821,-1.3869282,-1.1084114,-1.9202463,-1.4460928,-1.3416492,-1.6388826,-1.1084114,8,1,3,6,8,5,7,8,7,5,4,3,5,3,7,3,5,6,5,8,-0.77570601,0.72559445,0.43407164,0.31495998,0.11911167
-13.769015,0.97273854,0.63413587,3,7,0,17.141239,0.63280437,2.5443139,1.6100529,0.93426094,-1.0282401,-1.5907302,-1.2876046,-1.4058277,-0.72161279,-1.6203232,-1.7321077,-1.1638885,-1.0282401,-0.72161279,6,3,6,5,8,2,5,8,7,6,7,1,4,3,5,5,3,7,7,7,-0.94323368,0.55496283,1.3291958,0.73765426,0.59154154
-13.934043,0.94607982,0.63413587,2,3,0,14.410468,0.91779517,1.7042536,1.5641557,0.14009788,-0.38041664,-1.0794186,-1.3942331,-1.6809117,-0.32113483,-1.3535844,-2.2467981,-1.1221048,-0.38041664,-0.32113483,5,3,2,3,8,5,3,6,7,7,8,1,3,5,8,4,5,8,8,8,-1.6026941,0.15265434,1.7976806,0.27442375,1.5232569
-13.863288,0.86926202,0.63413587,1,3,0,16.208143,0.6613649,1.5118697,0.99989757,0.51197215,-0.96401203,-1.4921643,-1.3633401,-1.4887832,-0.70856862,-1.5943505,-1.7842638,-1.2120529,-0.96401203,-0.70856862,8,1,3,3,8,4,5,6,3,8,6,2,5,6,8,3,3,7,8,8,-0.50023685,0.35158855,1.7624295,0.61965002,1.1427795
-13.735233,0.99292554,0.63413587,2,3,0,14.28409,0.78206498,1.3182988,1.0309953,0.28730347,-0.7030431,-1.287916,-1.3998669,-1.5810001,-0.54860513,-1.4874478,-1.9677411,-1.1877279,-0.7030431,-0.54860513,7,3,3,3,8,3,4,7,7,8,7,2,1,2,7,7,6,8,6,8,-0.82720271,0.87019436,2.6007106,2.2631237,0.33758691
-13.991916,0.97182058,0.63413587,3,7,0,14.467285,0.89786157,1.4344363,1.2879253,0.14651107,-0.44647823,-1.1099369,-1.4137088,-1.6730059,-0.3749163,-1.3853007,-2.182728,-1.1511373,-0.44647823,-0.3749163,8,1,2,8,7,1,5,6,7,7,8,3,4,7,8,2,6,6,8,6,-1.404916,0.70775955,1.8510076,1.3100683,0.54093931
-13.210792,0.98639401,0.63413587,3,7,0,14.427182,0.80260414,3.1349619,2.5161333,0.6188285,-0.59463035,-1.291177,-1.2845943,-1.5103075,-0.43349409,-1.4245384,-2.0558596,-1.0651124,-0.59463035,-0.43349409,7,3,3,3,7,6,3,6,6,8,7,3,6,7,8,2,3,6,8,8,-1.8231329,0.61215396,2.6892496,1.6462348,1.0430148
-13.345846,0.96294115,0.63413587,2,7,0,13.639497,0.87716137,1.8920226,1.6596091,0.23241346,-0.45763298,-1.1467289,-1.3659429,-1.6270504,-0.3663947,-1.3787707,-2.1730768,-1.1101329,-0.45763298,-0.3663947,8,1,4,6,7,3,3,7,8,8,8,6,2,5,8,5,8,8,7,8,-1.305787,0.89875492,1.6788249,1.5088521,0.16997276
-14.079514,0.84823754,0.63413587,2,7,0,16.685952,0.88125654,4.2777089,3.7697589,0.50794997,-0.3819333,-1.1544011,-1.282485,-1.5866003,-0.28409261,-1.3322624,-2.2680265,-1.0192398,-0.3819333,-0.28409261,8,4,7,2,8,2,4,5,7,8,8,3,1,6,8,3,6,6,6,8,-3.300668,0.83399925,4.7463054,3.9584151,0.78789025
-13.017624,1,0.63413587,2,3,0,14.017292,0.82122332,2.3590636,1.9373181,0.42174556,-0.56695876,-1.2476638,-1.3210459,-1.5505436,-0.42723214,-1.416929,-2.0758755,-1.0914686,-0.56695876,-0.42723214,6,1,3,5,8,4,4,8,8,7,8,3,3,5,8,5,5,7,7,6,-1.2654024,0.88038755,2.5680879,2.2609126,0.3071753
-14.580865,0.67595263,0.63413587,1,3,0,16.094683,0.9506913,1.8605609,1.7688191,0.091741849,-0.29692614,-1.0263691,-1.3947117,-1.7160726,-0.26111492,-1.3198224,-2.3339868,-1.1089022,-0.29692614,-0.26111492,6,4,5,6,8,2,6,5,7,7,8,1,2,5,8,3,7,8,7,7,-2.1255761,0.46253819,1.6444683,0.76062937,0.88383889
-13.930357,1,0.63413587,2,3,0,14.662812,0.93074123,2.2870671,2.1286676,0.15839946,-0.31573546,-1.0593314,-1.3612164,-1.6795084,-0.26346404,-1.3191113,-2.3188871,-1.0805349,-0.31573546,-0.26346404,6,4,1,3,8,3,2,5,6,8,8,2,2,3,7,3,6,8,8,7,-2.0389596,0.42846501,1.2995459,0.55680994,0.74273595
-14.27204,0.99146008,0.63413587,2,3,0,14.346838,0.94246216,1.9909392,1.8763849,0.11455434,-0.3060584,-1.0395872,-1.3826925,-1.7018456,-0.2636989,-1.3203863,-2.3257172,-1.0990797,-0.3060584,-0.2636989,6,1,2,5,8,2,5,7,8,8,8,1,4,8,8,2,5,7,7,8,-2.0372516,0.74824161,2.2029353,1.6483279,0.55460746
-13.148647,0.91034546,0.63413587,1,3,0,16.151341,0.78069084,2.9250951,2.2835949,0.64150014,-0.65235027,-1.3283423,-1.2866685,-1.4942117,-0.47370741,-1.4500365,-2.0051156,-1.0793543,-0.65235027,-0.47370741,7,3,3,4,6,4,8,6,7,6,8,5,2,5,6,5,4,5,8,8,-1.5612812,0.36868302,1.3335221,0.49164694,0.84187513
-13.43132,0.91219893,0.63413587,3,7,0,14.146177,0.69893666,1.7771695,1.2421289,0.5350406,-0.87160489,-1.4428577,-1.3393333,-1.4850942,-0.63942868,-1.5513196,-1.8395121,-1.1719374,-0.87160489,-0.63942868,7,4,4,2,5,3,6,7,7,7,7,2,3,4,7,1,2,8,4,8,-0.59559072,0.28598171,3.5010958,1.0012494,2.4998464
-13.43132,0.6957281,0.63413587,2,7,0,16.989342,0.69893666,1.7771695,1.2421289,0.5350406,-0.87160489,-1.4428577,-1.3393333,-1.4850942,-0.63942868,-1.5513196,-1.8395121,-1.1719374,-0.87160489,-0.63942868,8,1,4,4,8,2,6,4,6,8,8,1,5,4,7,5,5,8,7,8,-0.59559072,0.61532314,2.644996,1.6275272,1.0174687
-13.291664,0.94418245,0.63413587,2,3,0,13.993321,0.71029155,2.6135058,1.8563511,0.75715473,-0.83179749,-1.4504491,-1.2880296,-1.4474735,-0.59449005,-1.5300401,-1.8639254,-1.1200586,-0.83179749,-0.59449005,6,4,2,3,7,6,6,5,6,7,7,3,2,6,5,2,5,6,6,6,-1.1188455,0.26095346,1.0207375,0.26636499,0.75437252
-13.51336,0.947517,0.63413587,2,7,0,14.012092,0.72371932,1.5535886,1.1243621,0.42922652,-0.82026554,-1.3913319,-1.3631907,-1.5185429,-0.61421113,-1.5314549,-1.8779446,-1.1809373,-0.82026554,-0.61421113,6,3,3,2,7,7,2,5,4,7,6,4,6,5,6,6,5,6,8,7,-0.61188199,0.023795702,7.3651849,0.17525974,7.1899251
-13.470665,0.85771129,0.63413587,3,7,0,14.518189,0.76039621,3.5246123,2.6801019,0.84451047,-0.69567534,-1.3740102,-1.2638065,-1.4617895,-0.49492855,-1.4676571,-1.9716015,-1.0690677,-0.69567534,-0.49492855,6,2,2,3,5,8,3,7,7,7,8,2,6,3,7,3,3,7,8,8,-2.0386105,0.12437401,1.7686801,0.21997784,1.5487022
-13.353924,0.95897163,0.63413587,2,3,0,13.913982,0.70910434,2.8064275,1.9900499,0.81637759,-0.83288269,-1.4571889,-1.2796564,-1.4397158,-0.59216386,-1.5301803,-1.8631957,-1.1132513,-0.83288269,-0.59216386,6,2,4,4,8,1,4,7,8,8,7,3,5,1,8,3,3,8,7,8,-1.2740111,0.66194855,2.762463,1.8286084,0.93385463
-13.884042,0.9587961,0.63413587,2,3,0,13.892256,0.63225034,2.8824377,1.8224222,1.0600155,-1.0298303,-1.6024967,-1.2730891,-1.3920555,-0.71723691,-1.6212581,-1.7297782,-1.152388,-1.0298303,-0.71723691,6,4,2,4,5,2,7,5,6,8,8,4,3,5,8,4,3,5,8,8,-1.2186556,0.7605516,1.1560739,0.87925386,0.27682004
-14.277988,0.90568858,0.63413587,2,7,0,14.885952,0.94509087,2.3832871,2.2524229,0.13086422,-0.27844931,-1.0351924,-1.3624924,-1.6971058,-0.23692038,-1.3040616,-2.3602521,-1.0755292,-0.27844931,-0.23692038,5,5,3,3,8,6,3,7,8,8,7,3,3,5,8,1,6,6,8,8,-2.3225461,0.75522606,1.8764795,1.4171662,0.45931329
-13.575058,1,0.63413587,2,3,0,14.339245,0.90824424,2.1303839,1.9349089,0.195475,-0.37466003,-1.0966577,-1.3610615,-1.6547086,-0.30573807,-1.3433912,-2.2560935,-1.0906062,-0.37466003,-0.30573807,7,1,3,3,7,6,4,7,6,6,8,2,4,5,6,2,5,6,8,8,-1.6831781,0.71672717,2.7133587,1.9447379,0.76862079
-14.058204,0.98263288,0.63413587,2,7,0,14.242582,0.63306158,1.4994697,0.94925668,0.55021306,-1.0296626,-1.5384534,-1.364425,-1.4780156,-0.75118688,-1.6236806,-1.7452381,-1.2272336,-1.0296626,-0.75118688,4,1,3,4,7,4,7,4,5,8,2,3,3,5,6,4,4,7,7,8,-0.4648213,0.41857772,1.3120458,0.54919315,0.76285269
-15.46922,0.74215428,0.63413587,1,1,0,15.486053,0.47860097,1.4835262,0.71001706,0.77350909,-1.3975432,-1.7994034,-1.3842775,-1.4489253,-0.98508414,-1.7949696,-1.5652756,-1.3223528,-1.3975432,-0.98508414,7,2,3,4,8,5,7,5,6,5,6,2,4,4,7,6,4,7,7,7,-0.39505511,0.50980482,3.423955,1.7455488,1.6784062
-14.356069,0.96010258,0.63413587,2,3,0,17.246365,0.89596854,1.2401957,1.1111763,0.12901937,-0.47145003,-1.1120139,-1.4375215,-1.6854516,-0.40082643,-1.4016151,-2.1615577,-1.1767656,-0.47145003,-0.40082643,7,3,5,5,7,1,7,6,7,8,8,1,3,6,6,4,4,7,8,7,-1.4789477,0.86384213,4.6903633,4.0517334,0.63862987
-14.849257,0.94633714,0.63413587,1,1,0,14.887038,0.90486625,1.1023352,0.99746588,0.10486928,-0.47213424,-1.098837,-1.4612853,-1.7067647,-0.4094858,-1.4085774,-2.163901,-1.1979842,-0.47213424,-0.4094858,7,6,4,7,8,1,3,7,4,4,8,1,5,5,7,5,5,6,8,8,-1.6936583,0.82573071,0.47124179,0.38911882,0.082122974
-14.103115,0.95701879,0.63413587,3,7,0,16.677537,0.61743192,3.1026201,1.9156567,1.1869634,-1.0691364,-1.6368569,-1.2655394,-1.3778717,-0.73929725,-1.6401898,-1.704872,-1.1551983,-1.0691364,-0.73929725,7,3,3,3,6,4,3,8,8,8,7,1,7,3,2,3,6,8,7,8,-1.3949312,0.47515095,1.8031079,0.85674841,0.94635944
-13.179043,0.96924382,0.63413587,2,3,0,14.390723,0.77630076,2.9855221,2.3176631,0.66785903,-0.66228497,-1.3372361,-1.2835578,-1.4885715,-0.47935845,-1.4541498,-1.9970588,-1.078809,-0.66228497,-0.47935845,7,6,1,3,6,3,4,6,6,8,8,3,2,6,8,3,6,7,7,8,-1.5994793,0.48876623,2.7563057,1.3471892,1.4091166
-13.732434,0.81952651,0.63413587,2,5,0,15.872671,0.69851523,1.4601659,1.0199481,0.44021777,-0.88038187,-1.4279523,-1.3712874,-1.512871,-0.65693789,-1.5585036,-1.8389272,-1.2006105,-0.88038187,-0.65693789,6,2,6,5,6,3,4,7,7,8,6,2,2,2,8,6,3,8,7,8,-0.56835872,0.66104447,1.9783105,1.3077512,0.67055927
-14.652363,0.86850126,0.63413587,2,3,0,15.000567,0.53573288,1.8076377,0.96841093,0.83922674,-1.2674544,-1.7291515,-1.3423677,-1.4215275,-0.89097128,-1.7330589,-1.610889,-1.2612021,-1.2674544,-0.89097128,7,6,7,6,8,6,5,7,7,6,6,5,5,4,7,6,3,7,7,5,-0.4379206,0.72125871,1.945083,1.402908,0.54217494
-14.278544,0.99228743,0.63413587,3,7,0,15.053595,0.94509272,2.3209898,2.1935505,0.12743924,-0.2814817,-1.0351719,-1.3654569,-1.6982071,-0.24011331,-1.306027,-2.356149,-1.0788364,-0.2814817,-0.24011331,6,3,2,6,6,3,1,3,7,5,8,2,3,5,6,1,5,7,8,8,-2.2789177,0.3076531,1.4045799,0.43212334,0.97245652
-14.134392,0.98088341,0.63413587,3,7,0,14.754232,0.59422725,2.6890163,1.5978867,1.0911295,-1.1286269,-1.6680135,-1.2827772,-1.3839018,-0.78300638,-1.6680545,-1.671532,-1.1826377,-1.1286269,-0.78300638,8,1,1,6,5,3,6,6,8,6,8,3,2,4,8,4,3,7,8,8,-1.0209282,0.57213848,2.8258155,1.6167578,1.2090577
-14.629046,0.96226596,0.63413587,2,3,0,14.800804,0.54675224,2.7713077,1.5152187,1.256089,-1.2551651,-1.7615705,-1.2849953,-1.3670478,-0.86168187,-1.7296351,-1.6023097,-1.2128331,-1.2551651,-0.86168187,8,3,4,6,4,5,2,3,6,6,8,2,2,4,6,3,5,6,7,7,-1.0612036,0.44915089,2.0077325,0.90177485,1.1059577
-13.526702,1,0.63413587,2,3,0,14.734849,0.73051215,3.4254935,2.5023646,0.92312889,-0.77306303,-1.4287673,-1.261475,-1.438568,-0.54595666,-1.5024188,-1.9094053,-1.0844134,-0.77306303,-0.54595666,6,2,2,6,7,5,4,6,7,6,8,1,3,6,8,5,5,7,7,8,-1.8696185,0.35013697,1.9561577,0.68492312,1.2712346
-17.040878,0.60870011,0.63413587,3,7,0,17.920937,0.98141761,4.4038932,4.3220584,0.081834841,-0.13465773,-0.9710891,-1.3265918,-1.739887,-0.11974866,-1.2359728,-2.5521266,-1.0176483,-0.13465773,-0.11974866,7,4,6,4,7,5,6,5,8,8,8,2,1,5,8,2,5,6,8,7,-5.1669401,0.60135219,3.3394065,2.0081594,1.3312471
-14.570945,0.9850625,0.63413587,2,3,0,17.503516,0.89603642,4.8352939,4.3325995,0.50269445,-0.3381097,-1.1286727,-1.2797542,-1.6031675,-0.25192053,-1.3130908,-2.318476,-1.0080603,-0.3381097,-0.25192053,5,1,2,2,7,5,4,5,8,7,8,1,3,8,7,2,6,6,7,8,-3.9421158,0.58310976,3.1786284,1.8534892,1.3251391
-13.467744,0.98722841,0.63413587,2,7,0,15.042676,0.86455982,1.6230177,1.4031959,0.2198218,-0.50253799,-1.164273,-1.3843632,-1.6273151,-0.40440488,-1.4012438,-2.1308454,-1.1350205,-0.50253799,-0.40440488,7,2,2,3,8,6,5,5,5,6,8,3,5,7,7,6,8,7,6,7,-1.1503241,0.20802362,1.6917417,0.35192225,1.3398195
-13.092169,0.98671742,0.63413587,2,3,0,13.664442,0.77964601,1.9368433,1.5100522,0.42679116,-0.67831972,-1.3109305,-1.337714,-1.531499,-0.50954791,-1.4669708,-1.9812193,-1.1291387,-0.67831972,-0.50954791,8,2,4,6,7,6,5,5,8,8,8,1,3,2,6,6,7,4,8,8,-0.8585859,0.62506194,3.9344834,2.4592958,1.4751876
-13.296552,0.96188354,0.63413587,2,3,0,13.434141,0.87536825,2.793017,2.4449184,0.34809861,-0.42547817,-1.1573321,-1.3183406,-1.5985779,-0.32727415,-1.3563278,-2.2115531,-1.0608005,-0.42547817,-0.32727415,7,2,3,7,7,2,5,3,6,8,6,4,2,6,8,2,7,5,7,7,-1.8997356,0.46917138,1.7646405,0.8279188,0.93672166
-13.067938,0.99695524,0.63413587,3,7,0,13.312026,0.7642917,2.1155499,1.6168973,0.49865267,-0.70897986,-1.3418324,-1.3226096,-1.5095956,-0.52493964,-1.4783765,-1.9567981,-1.1226132,-0.70897986,-0.52493964,7,7,1,5,6,4,4,7,6,8,7,3,3,3,8,4,6,8,7,6,-0.90362231,0.10727834,2.2632537,0.24279809,2.0204556
-13.340116,0.97697112,0.63413587,2,3,0,13.356566,0.84721691,1.6671624,1.4124482,0.25471421,-0.53777943,-1.1929194,-1.3754645,-1.6076498,-0.42599522,-1.4139585,-2.0994005,-1.1338077,-0.53777943,-0.42599522,7,1,4,6,8,2,6,8,8,7,7,3,1,4,8,5,4,6,6,8,-1.0559551,0.87438266,1.8335433,1.6032185,0.23032483
-13.377123,0.8989092,0.63413587,2,3,0,14.795498,0.68672813,2.1204134,1.4561475,0.66426586,-0.89553788,-1.4778536,-1.3127344,-1.4554675,-0.64535737,-1.560048,-1.820415,-1.1549451,-0.89553788,-0.64535737,7,2,4,7,8,6,6,7,7,8,7,1,3,8,8,6,5,7,7,8,-0.72897966,0.64686474,2.6060361,1.6857529,0.92028323
-14.078974,0.840793,0.63413587,3,7,0,14.985088,0.70939404,4.1863383,2.9697634,1.2165749,-0.82378892,-1.4794339,-1.2406904,-1.4074221,-0.57204002,-1.5253372,-1.8724627,-1.0783817,-0.82378892,-0.57204002,7,4,2,4,6,6,5,6,4,7,8,1,2,5,8,2,3,8,8,8,-2.5362835,0.41203248,3.0663318,1.2634283,1.8029035
-14.159572,0.97687073,0.63413587,2,7,0,14.736181,0.90825087,3.9567933,3.5937609,0.36303233,-0.32021046,-1.103649,-1.2993285,-1.6267181,-0.24575176,-1.3085299,-2.3314203,-1.0230762,-0.32021046,-0.24575176,3,6,2,5,8,1,6,8,6,7,7,2,2,6,6,2,3,6,7,8,-3.2254281,0.24513556,1.1805197,0.28938735,0.89113233
-16.221183,0.85244668,0.63413587,2,5,0,16.842072,0.54482134,0.88424411,0.48175506,0.40248905,-1.2210007,-1.6100625,-1.4714949,-1.5561807,-0.91252451,-1.7191119,-1.6864002,-1.3558604,-1.2210007,-0.91252451,8,4,1,3,8,4,6,4,7,8,6,3,1,2,5,3,4,3,8,7,-1.037637,0.36460068,2.0914935,0.76255994,1.3289335
-14.902699,1,0.63413587,2,5,0,16.387509,0.92894084,4.6135792,4.2857421,0.32783705,-0.25920946,-1.067118,-1.2973422,-1.6532811,-0.20109349,-1.2823314,-2.4048575,-1.0099125,-0.25920946,-0.20109349,7,3,4,1,8,3,7,4,4,7,8,2,2,4,8,5,5,7,8,8,-4.0783017,0.16577561,1.182033,0.19595224,0.98608077
-13.069158,0.99768265,0.63413587,3,7,0,14.948073,0.75847606,2.3678234,1.7959374,0.57188604,-0.71700833,-1.3580372,-1.3068977,-1.4934772,-0.52473024,-1.4802752,-1.9506585,-1.1108388,-0.71700833,-0.52473024,7,4,2,6,8,1,4,3,8,7,7,2,2,7,8,4,6,5,6,8,-1.0502368,0.65641969,2.2028756,1.4460109,0.75686468
-14.366858,0.86583215,0.63413587,3,7,0,15.044224,0.84014828,5.025075,4.2218081,0.80326688,-0.47774025,-1.2347386,-1.2562467,-1.5273781,-0.34255899,-1.3707322,-2.1753039,-1.0148943,-0.47774025,-0.34255899,8,3,5,6,7,1,6,6,8,8,7,2,3,5,7,2,4,8,8,8,-3.7537201,0.76303929,2.8825051,2.1994647,0.68304045
-13.087146,1,0.63413587,2,3,0,14.308841,0.80438521,1.9175683,1.5424635,0.37510471,-0.62178591,-1.2685979,-1.3443205,-1.5537542,-0.47324251,-1.4437444,-2.0273793,-1.1231484,-0.62178591,-0.47324251,5,4,4,2,5,6,4,6,5,4,4,6,5,7,8,3,4,8,6,8,-0.93791768,0.25724791,1.8493929,0.47575245,1.3736404
-14.518584,0.75148702,0.63413587,2,3,0,16.129045,0.80517407,5.2987031,4.2663783,1.0323248,-0.5661099,-1.3030864,-1.2420121,-1.4840083,-0.39889016,-1.408648,-2.0922373,-1.0212894,-0.5661099,-0.39889016,8,1,4,5,8,4,4,8,7,7,6,1,2,3,8,3,2,8,7,7,-3.8524186,0.60653083,1.589889,0.96431667,0.62557228
-13.387381,0.97187716,0.63413587,2,3,0,15.109066,0.86531499,1.7133625,1.4825983,0.23076424,-0.49480888,-1.1641891,-1.376457,-1.6230158,-0.39623089,-1.3963632,-2.1379115,-1.1265188,-0.49480888,-0.39623089,7,4,6,7,7,4,4,8,7,6,8,4,3,4,8,5,6,7,7,8,-1.1698255,0.49176202,1.6976834,0.83485622,0.86282719
-13.258119,1,0.63413587,1,1,0,13.385392,0.85972869,1.8530646,1.5931328,0.25993181,-0.49895293,-1.1751012,-1.3635236,-1.6102627,-0.39465735,-1.3954393,-2.1345173,-1.115747,-0.49895293,-0.39465735,7,2,1,6,7,2,4,5,5,8,8,5,4,4,7,5,4,6,8,8,-1.1778332,0.44253828,1.4831776,0.65636287,0.82681474
-13.232838,0.99688247,0.63413587,2,7,0,13.399849,0.81147791,1.6951386,1.3755675,0.31957107,-0.61584822,-1.2518104,-1.3640878,-1.5730765,-0.47614767,-1.4444542,-2.0326146,-1.1391912,-0.61584822,-0.47614767,8,4,6,7,8,1,4,5,7,8,6,3,3,6,8,4,7,8,8,7,-0.89393744,0.84997109,2.5693244,2.1838515,0.38547294
-13.044329,0.99731238,0.63413587,2,3,0,13.303505,0.82316314,2.5809999,2.124584,0.45641593,-0.55606031,-1.2473628,-1.3108939,-1.5453832,-0.41612487,-1.4108623,-2.0868466,-1.0802408,-0.55606031,-0.41612487,5,1,1,5,5,7,4,3,6,6,6,2,1,6,8,2,2,7,6,8,-1.4394176,0.16927491,1.6062237,0.27189337,1.3343303
-13.060426,0.96830101,0.63413587,3,7,0,13.457551,0.77087883,2.5394798,1.9576313,0.58184859,-0.68339889,-1.3395415,-1.300628,-1.4973074,-0.49976726,-1.4649395,-1.9779554,-1.0981713,-0.68339889,-0.49976726,8,1,7,3,8,4,4,8,7,7,8,1,1,3,6,4,7,7,8,8,-1.213782,0.82240144,1.5510674,1.2756001,0.27546735
-14.400366,0.89820479,0.63413587,2,3,0,14.559783,0.83879445,1.0871142,0.91186536,0.17524884,-0.60639746,-1.1950988,-1.4469889,-1.6510375,-0.49888926,-1.4582133,-2.0499711,-1.2094475,-0.60639746,-0.49888926,6,2,3,4,6,5,6,6,8,7,4,5,1,5,8,4,4,7,8,7,-1.2616975,0.45584113,6.0738702,2.7687198,3.3051504
-13.119389,1,0.63413587,2,7,0,14.450273,0.7484547,2.5378278,1.8994492,0.63837865,-0.73827822,-1.3796594,-1.2966931,-1.4787318,-0.53537781,-1.4887782,-1.9342655,-1.1067221,-0.73827822,-0.53537781,7,2,5,4,8,4,3,7,4,8,7,3,2,2,8,4,3,7,8,8,-1.1486588,0.43575399,2.0520525,0.89419004,1.1578624
-13.133031,0.98497156,0.63413587,3,7,0,13.548981,0.84753179,2.0082269,1.7020361,0.30619075,-0.51883214,-1.1975136,-1.3489287,-1.5907269,-0.40350796,-1.4009992,-2.1171004,-1.1065644,-0.51883214,-0.40350796,5,4,2,5,6,7,3,7,6,5,8,2,2,3,7,2,4,5,7,7,-1.1775439,0.42760781,3.7475511,1.6024821,2.145069
-13.245542,0.99085896,0.63413587,2,3,0,13.337773,0.82254533,1.6969111,1.3957863,0.30112479,-0.59094102,-1.2336966,-1.366507,-1.5827937,-0.45980628,-1.434422,-2.0534758,-1.1363232,-0.59094102,-0.45980628,7,1,2,4,5,3,3,7,5,8,7,1,5,5,8,5,4,7,7,8,-0.94124694,0.30864867,2.1125243,0.65202781,1.4604965
-13.044791,1,0.63413587,2,3,0,13.289032,0.83546603,2.3720642,1.981779,0.39028513,-0.53288463,-1.2230685,-1.3242393,-1.5646135,-0.40469971,-1.4028527,-2.1064248,-1.0873666,-0.53288463,-0.40469971,6,2,3,2,7,4,2,4,7,6,8,1,2,5,8,2,1,6,7,8,-1.3404141,0.20584035,4.60817,0.94854733,3.6596227
-14.067716,0.92633654,0.63413587,2,3,0,14.105363,0.61504936,2.9825772,1.8344322,1.148145,-1.0751209,-1.6380406,-1.2698563,-1.3808311,-0.74467182,-1.642888,-1.701608,-1.1600633,-1.0751209,-0.74467182,8,4,3,5,5,3,3,6,3,6,7,3,4,6,6,6,6,4,6,8,-1.2869378,0.32084955,1.6347203,0.52449928,1.110221
-14.20961,0.71361679,0.63413587,3,7,0,16.667392,0.86849194,1.2035472,1.0452711,0.15827616,-0.53209209,-1.1529164,-1.4351945,-1.6630325,-0.44283142,-1.4253222,-2.1085775,-1.1854478,-0.53209209,-0.44283142,8,1,2,5,3,5,5,7,8,8,8,6,2,7,8,4,3,5,8,6,-1.3048611,0.64693986,1.9188711,1.2413942,0.67747688
-14.548327,0.99447182,0.63413587,3,7,0,14.55219,0.72674208,5.0241446,3.6512573,1.3728873,-0.7744738,-1.4539961,-1.2288943,-1.4098722,-0.53516058,-1.5025987,-1.9126866,-1.0570526,-0.7744738,-0.53516058,7,2,1,2,5,6,4,6,7,8,7,2,3,5,8,5,5,7,8,8,-3.3616899,0.31433426,0.87488803,0.27500728,0.59988075
-14.057518,1,0.63413587,2,3,0,14.5623,0.72251759,4.2583467,3.0767304,1.1816163,-0.78880374,-1.4548575,-1.2409419,-1.416538,-0.54901012,-1.5092102,-1.8994558,-1.0705652,-0.78880374,-0.54901012,6,3,4,5,5,1,5,2,7,3,6,1,5,5,8,2,6,8,3,8,-2.6321913,0.57300572,1.2912031,0.73986675,0.55133633
-14.961733,0.87191854,0.63413587,2,5,0,16.44809,0.87190582,0.98298697,0.85707206,0.12591491,-0.5555289,-1.1459586,-1.4744457,-1.6916536,-0.47298205,-1.4453013,-2.0961465,-1.2239761,-0.5555289,-0.47298205,8,1,2,5,7,3,1,6,7,8,8,1,4,6,8,3,4,7,8,8,-1.6180068,0.65010046,3.9332614,2.5570151,1.3762464
-16.195962,0.86660102,0.63413587,1,1,0,16.20454,0.88594119,0.77420214,0.68589756,0.088304575,-0.57058597,-1.1273847,-1.5276502,-1.7369282,-0.50217411,-1.4673906,-2.0987061,-1.2725924,-0.57058597,-0.50217411,7,1,5,3,5,2,4,7,8,8,7,2,5,7,8,3,5,8,7,8,-2.2717211,0.58004597,1.199099,0.69553254,0.50356645
-13.726256,1,0.63413587,2,3,0,16.102933,0.67706991,1.5548842,1.0527653,0.50211889,-0.9270231,-1.4686143,-1.3592632,-1.4920999,-0.68303802,-1.5776263,-1.8065109,-1.2006343,-0.9270231,-0.68303802,5,2,2,6,8,4,4,7,5,8,7,1,3,8,8,4,4,8,6,8,-0.52248533,0.33919188,1.6483606,0.55911054,1.0892501
-13.748635,0.96943828,0.63413587,3,7,0,15.120125,0.83138274,4.0997606,3.4084702,0.69129039,-0.50920948,-1.2463724,-1.2684485,-1.5258029,-0.36875506,-1.3856458,-2.1398294,-1.0325767,-0.50920948,-0.36875506,7,2,3,4,7,1,5,7,5,7,8,2,6,5,8,1,4,8,8,8,-2.8401697,0.54580027,0.64871806,0.35407049,0.29464757
-14.00542,0.97571338,0.63413587,1,1,0,14.029068,0.81596463,4.5326081,3.6984479,0.83416023,-0.54397525,-1.278142,-1.2560588,-1.5032495,-0.38854517,-1.3998002,-2.1093952,-1.0289387,-0.54397525,-0.38854517,6,3,3,3,8,4,3,4,7,7,8,5,2,4,8,3,5,6,8,8,-3.1800809,0.56933476,0.64237751,0.36572785,0.27664966
-13.519761,0.96459465,0.63413587,3,7,0,14.896462,0.90528004,2.4766343,2.2420476,0.2345867,-0.3658443,-1.1033353,-1.3422174,-1.6423991,-0.29302153,-1.3357284,-2.2686508,-1.071603,-0.3658443,-0.29302153,5,1,4,4,5,2,5,7,4,7,8,1,5,7,8,2,4,8,8,8,-1.8886549,0.32590675,2.655982,0.86560245,1.7903795
-13.640047,0.99446417,0.63413587,3,7,0,13.693824,0.64995436,1.9489863,1.2667521,0.68223413,-0.98670181,-1.5355325,-1.3231533,-1.4467429,-0.70826418,-1.601836,-1.7625974,-1.183796,-0.98670181,-0.70826418,6,1,4,5,8,3,5,5,8,8,7,2,5,5,6,2,2,6,8,7,-0.58322131,0.77068356,2.3057915,1.7770356,0.52875589
-13.594057,0.87338573,0.63413587,2,3,0,14.782787,0.65548522,2.5049677,1.6419693,0.8629984,-0.97051824,-1.5475753,-1.2896099,-1.4187299,-0.68544389,-1.5934581,-1.76885,-1.1525162,-0.97051824,-0.68544389,6,2,1,2,7,4,3,3,7,8,7,2,6,5,8,5,4,3,8,5,-0.94167133,0.29201919,3.0939052,0.90347971,2.1904255
-13.190899,0.86599585,0.63413587,1,3,0,14.584919,0.86860523,2.2077102,1.9176286,0.29008158,-0.46165472,-1.164176,-1.3430178,-1.6058312,-0.36132494,-1.3759286,-2.1714057,-1.0901911,-0.46165472,-0.36132494,7,2,2,7,7,4,7,7,8,8,8,2,4,6,8,3,6,5,8,8,-1.4159296,0.80775457,3.5001765,2.8272836,0.67289294
-13.554297,0.96989489,0.63413587,2,7,0,13.595746,0.65754036,2.3308865,1.532652,0.79823454,-0.9660242,-1.5378236,-1.298743,-1.4280483,-0.68592477,-1.5915523,-1.7725756,-1.1590427,-0.9660242,-0.68592477,7,3,2,4,7,5,2,6,7,6,6,3,2,4,6,4,5,8,8,5,-0.81801129,0.29063746,1.1806242,0.34313361,0.83749057
-13.390542,0.92622968,0.63413587,2,3,0,14.36313,0.87529987,1.795056,1.5712123,0.22384372,-0.46752539,-1.148827,-1.3727156,-1.6293609,-0.37571639,-1.3842927,-2.1633191,-1.1180712,-0.46752539,-0.37571639,5,3,3,3,7,4,5,7,7,8,8,1,1,3,3,2,6,8,7,6,-1.2574762,0.1890356,3.5900619,0.67864951,2.9114124
-13.174132,0.99388968,0.63413587,3,7,0,13.498264,0.86534939,2.1883949,1.8937262,0.29466871,-0.46998132,-1.169523,-1.3430852,-1.6028534,-0.36721376,-1.3794331,-2.1633708,-1.0918493,-0.46998132,-0.36721376,8,1,4,4,8,4,7,8,7,8,8,2,7,6,8,4,6,7,8,8,-1.3831017,0.75636092,1.9505414,1.4753133,0.47522811
-13.314043,0.93492291,0.63413587,1,3,0,14.183322,0.73540937,3.018149,2.219575,0.79857394,-0.76432872,-1.412904,-1.2750491,-1.4527682,-0.54502603,-1.4990265,-1.9150923,-1.0940041,-0.76432872,-0.54502603,7,4,1,5,7,4,6,7,6,3,7,2,3,2,7,3,6,7,7,7,-1.5142338,0.57528244,1.319814,0.75926582,0.56054817
-13.855509,0.93480111,0.63413587,3,7,0,14.775344,0.83195637,1.2825425,1.0670194,0.21552309,-0.59979393,-1.2096352,-1.4148348,-1.6235462,-0.48296396,-1.4478891,-2.0499603,-1.1802721,-0.59979393,-0.48296396,6,4,3,2,6,4,2,5,5,8,8,2,3,3,7,5,6,6,7,8,-1.0451931,0.029937965,1.3038498,0.03903461,1.2648152
-14.319273,0.97510123,0.63413587,3,7,0,14.603692,0.90409419,1.2985997,1.1740564,0.12454326,-0.4478259,-1.0999153,-1.4320592,-1.6888887,-0.38216714,-1.3906786,-2.1824545,-1.1678309,-0.4478259,-0.38216714,5,2,3,5,6,5,7,5,7,7,8,3,2,6,8,2,6,8,5,8,-1.5135361,0.67343973,0.97242054,0.65486663,0.31755391
-13.775803,1,0.63413587,3,7,0,14.322354,0.73469599,3.8963914,2.8626631,1.0337283,-0.75888675,-1.4272341,-1.2502413,-1.4325171,-0.53246833,-1.4956657,-1.9218813,-1.0716456,-0.75888675,-0.53246833,6,3,1,1,7,1,5,7,5,7,8,3,3,7,8,7,8,7,7,8,-2.3187811,0.28816817,1.4632779,0.42167011,1.0416078
-13.906774,0.92050029,0.63413587,3,7,0,14.610227,0.88170178,1.391206,1.2266288,0.1645772,-0.48476686,-1.1346788,-1.4138144,-1.659564,-0.40207905,-1.4008231,-2.1477681,-1.1580022,-0.48476686,-0.40207905,5,1,2,5,4,6,2,6,7,8,7,2,4,4,8,6,5,8,7,7,-1.2881542,0.21826975,3.2954145,0.7192893,2.5761252
-13.673585,0.89152377,0.63413587,3,7,0,16.090976,0.89451631,3.3471825,2.9941094,0.35307316,-0.36555814,-1.1263455,-1.3077862,-1.6140014,-0.2810847,-1.3291813,-2.2776471,-1.0395716,-0.36555814,-0.2810847,4,3,2,4,7,7,5,5,7,8,7,1,3,6,7,6,2,7,8,8,-2.5332138,0.4417065,1.1749982,0.51900434,0.65599385
-13.418156,0.9912846,0.63413587,3,7,0,14.235105,0.67853903,2.1921248,1.4874423,0.70468257,-0.91485016,-1.4950241,-1.307701,-1.4467442,-0.6560995,-1.5685113,-1.8069949,-1.1550377,-0.91485016,-0.6560995,6,2,2,3,6,4,2,8,3,5,8,3,2,5,8,3,4,5,8,8,-0.75842226,0.27304747,2.0697617,0.56514321,1.5046185
-15.044261,0.58954453,0.63413587,1,3,0,18.313665,0.88033613,0.97919006,0.86201638,0.11717368,-0.5397843,-1.1340275,-1.4773132,-1.6992106,-0.4629046,-1.4399198,-2.1095492,-1.2236939,-0.5397843,-0.4629046,8,1,5,6,8,3,5,6,7,8,6,3,2,7,8,3,6,6,8,8,-1.6836191,0.84370537,1.9632004,1.6563627,0.30683768
-14.720047,1,0.63413587,1,1,0,15.111192,0.87770091,1.0575574,0.92821907,0.12933831,-0.5326459,-1.1381005,-1.4616338,-1.6870102,-0.45242051,-1.4326295,-2.1122862,-1.2087415,-0.5326459,-0.45242051,5,3,2,3,8,3,5,6,6,7,7,2,4,6,7,4,2,8,8,7,-1.533739,0.64275203,1.0713738,0.68862772,0.38274613
-14.551227,0.94592929,0.63413587,3,7,0,16.340457,0.88671206,4.9373644,4.3780206,0.55934382,-0.36037947,-1.1464165,-1.2745495,-1.5893491,-0.26604051,-1.32192,-2.2951458,-1.0075677,-0.36037947,-0.26604051,5,2,3,3,6,5,5,7,7,8,8,4,3,3,8,2,5,7,7,8,-3.9622124,0.33692609,2.7368603,0.92211965,1.8147407
-13.422717,1,0.63413587,2,3,0,14.542153,0.83275869,3.5259061,2.936229,0.58967716,-0.51352889,-1.2397194,-1.2817264,-1.5352949,-0.37639165,-1.3889217,-2.1321643,-1.0454032,-0.51352889,-0.37639165,7,5,3,3,4,3,6,5,7,7,8,2,5,6,8,2,3,5,7,7,-2.3084542,0.18001692,2.6073033,0.46935872,2.1379446
-13.123462,0.99613965,0.63413587,2,3,0,13.554491,0.8418792,2.7514754,2.3164099,0.43506551,-0.50671093,-1.2162137,-1.3090882,-1.5607298,-0.38117094,-1.3894557,-2.1331055,-1.0685346,-0.50671093,-0.38117094,4,3,1,3,6,7,3,5,5,6,8,2,4,4,8,1,5,7,7,8,-1.6661933,0.27824973,1.4221976,0.39572611,1.0264715
-13.594125,0.93405376,0.63413587,1,3,0,13.996642,0.77903297,3.8243855,2.9793224,0.84506312,-0.64514451,-1.3423717,-1.2603084,-1.4737796,-0.45944607,-1.4449011,-2.0153772,-1.0548285,-0.64514451,-0.45944607,8,2,4,7,8,2,5,8,8,8,8,6,2,4,7,4,3,6,8,7,-2.3753311,0.6037859,1.1578846,0.69911439,0.45877021
-13.861418,0.95249191,0.63413587,3,7,0,14.953629,0.84500507,1.3003142,1.0987721,0.20154212,-0.57070882,-1.1899848,-1.4154928,-1.6329734,-0.46297093,-1.4361587,-2.0738238,-1.175311,-0.57070882,-0.46297093,6,2,7,6,8,5,5,8,7,6,8,1,1,5,8,1,5,7,6,7,-1.1001448,0.62541654,2.1657357,1.3544869,0.81124876
-14.127486,0.97184685,0.63413587,1,1,0,14.167485,0.83782975,1.1775891,0.98661919,0.19096993,-0.59797057,-1.1984245,-1.4316661,-1.6394397,-0.48762976,-1.4510493,-2.0538927,-1.1945661,-0.59797057,-0.48762976,7,4,3,6,8,2,3,7,5,7,8,1,4,6,6,4,7,3,8,8,-1.1546675,0.46425517,2.6979911,1.2525563,1.4454348
-13.783604,0.95265245,0.63413587,3,7,0,15.117476,0.88419618,3.7404512,3.3072927,0.43315855,-0.38293562,-1.1467868,-1.2942013,-1.5956816,-0.28881802,-1.334393,-2.2629288,-1.0303056,-0.38293562,-0.28881802,6,2,1,2,7,5,3,7,8,4,8,2,5,7,8,2,5,6,8,8,-2.8160721,0.21416666,3.5711252,0.76481597,2.8063092
-13.299008,1,0.63413587,3,7,0,13.881551,0.86933231,1.8786845,1.6332011,0.24548336,-0.47595589,-1.159531,-1.3644818,-1.6191798,-0.37881764,-1.3860705,-2.155833,-1.1122459,-0.47595589,-0.37881764,7,3,3,3,8,3,4,5,6,8,8,3,6,7,6,2,6,8,8,8,-1.2475627,0.66916542,3.3284929,2.2273123,1.1011805
-14.5414,0.89980239,0.63413587,2,3,0,14.633166,0.93279126,1.4377546,1.3411249,0.096629678,-0.37271352,-1.055933,-1.4249492,-1.7108515,-0.32601828,-1.3586492,-2.2536473,-1.1489378,-0.37271352,-0.32601828,7,6,5,3,8,5,4,8,6,8,8,5,8,6,8,1,5,7,7,8,-1.7845255,0.75394204,2.7877964,2.1018369,0.68595949
-14.484993,1,0.63413587,1,1,0,14.683718,0.92843242,1.4164934,1.3151184,0.10137501,-0.3841087,-1.0627087,-1.4257745,-1.7071148,-0.33448489,-1.3634411,-2.2424603,-1.1515345,-0.3841087,-0.33448489,8,3,2,2,8,4,3,8,8,7,7,4,6,7,8,1,7,6,7,8,-1.7315857,0.36374643,3.2675307,1.1885526,2.0789781
-14.268121,1,0.63413587,1,1,0,14.554957,0.92772115,1.5558403,1.4433859,0.11245435,-0.37165136,-1.0635583,-1.4110755,-1.6990735,-0.32055892,-1.3544127,-2.2548453,-1.1360734,-0.37165136,-0.32055892,7,2,4,1,8,5,2,5,6,8,8,1,4,2,8,2,5,5,8,8,-1.7044294,0.53117956,1.279153,0.6794599,0.59969306
-13.297896,1,0.63413587,2,3,0,14.2788,0.83545543,1.6703584,1.39551,0.27484842,-0.56366484,-1.2120902,-1.3720977,-1.5963007,-0.4428535,-1.4240641,-2.0768361,-1.1358563,-0.56366484,-0.4428535,4,4,4,5,8,4,6,8,6,8,7,2,3,3,8,2,4,7,8,8,-0.99630065,0.78401177,3.3490125,2.6256652,0.72334726
-14.128732,0.9247705,0.63413587,2,3,0,14.232512,0.60128897,1.6808101,1.0106526,0.67015753,-1.104773,-1.6049898,-1.3466617,-1.448666,-0.79209686,-1.6567884,-1.6978843,-1.2291119,-1.104773,-0.79209686,6,5,3,2,8,2,2,7,6,8,5,3,3,4,7,2,5,7,7,7,-0.44196823,0.3881315,2.5889987,1.004872,1.5841268
-13.304957,0.8805528,0.63413587,2,3,0,15.5494,0.88526119,2.3083831,2.0435219,0.26486113,-0.41898498,-1.1366311,-1.3431124,-1.6219617,-0.33118136,-1.3580854,-2.2135314,-1.0822047,-0.41898498,-0.33118136,8,1,4,7,8,3,6,8,8,7,7,3,5,6,8,3,4,6,7,8,-1.5986759,0.77291159,1.5430166,1.1926154,0.35040118
-13.415573,0.98724935,0.63413587,1,1,0,13.43407,0.89601973,2.2107244,1.9808527,0.22987173,-0.3985456,-1.1176775,-1.3520954,-1.6375598,-0.31972768,-1.3513704,-2.2328744,-1.0866538,-0.3985456,-0.31972768,8,4,2,2,6,3,5,7,7,8,8,2,5,3,8,5,3,7,8,7,-1.6207683,0.7055897,2.2364421,1.5780105,0.6584316
-14.034048,0.96019086,0.63413587,2,3,0,14.179906,0.92665194,1.7735532,1.6434665,0.13008669,-0.35586508,-1.0652867,-1.3918508,-1.6887119,-0.30270777,-1.3429988,-2.2719281,-1.1157834,-0.35586508,-0.30270777,2,2,2,6,5,4,3,5,5,8,8,6,3,6,5,3,6,7,8,8,-1.7246112,0.15311277,0.96606529,0.14791693,0.81814835
-15.37866,0.8831315,0.63413587,2,3,0,16.026782,0.47763244,1.60844,0.76824309,0.84019686,-1.4058489,-1.814594,-1.3716968,-1.435279,-0.98508749,-1.7992639,-1.556261,-1.3141202,-1.4058489,-0.98508749,7,3,3,6,6,3,7,6,6,8,6,4,3,2,3,2,7,6,8,7,-0.39253974,0.73457724,1.6783878,1.2329055,0.44548232
-14.050783,1,0.63413587,2,3,0,15.940222,0.74271158,1.2032588,0.89367427,0.30958457,-0.79491542,-1.3438572,-1.4107922,-1.568532,-0.61463911,-1.5278749,-1.9043686,-1.2158481,-0.79491542,-0.61463911,7,3,2,2,6,5,5,5,7,7,8,7,3,6,6,1,6,6,3,7,-0.79042938,0.2889477,2.0252381,0.5851879,1.4400502
-13.479825,0.99700917,0.63413587,3,7,0,14.197312,0.75459191,1.5041328,1.1350064,0.36912636,-0.752717,-1.3387882,-1.3725971,-1.5433221,-0.57242513,-1.5037674,-1.9271989,-1.1746428,-0.752717,-0.57242513,4,2,4,2,5,2,2,2,7,8,7,2,3,1,8,3,6,5,6,7,-0.69103033,0.23473807,1.4597106,0.34264964,1.1170609
-13.671176,0.89938446,0.63413587,3,7,0,14.328187,0.72064932,3.6079859,2.6000926,1.0078933,-0.79723377,-1.4501381,-1.2551823,-1.4268198,-0.55973739,-1.5132557,-1.8912736,-1.0845464,-0.79723377,-0.55973739,8,5,2,8,7,3,6,6,8,7,8,1,4,7,8,6,4,7,8,8,-2.0162775,0.74132476,1.067754,0.79155247,0.27620152
-13.368369,0.96334025,0.63413587,3,7,0,14.149559,0.87425232,1.8171598,1.5886561,0.22850362,-0.46851173,-1.1507707,-1.3706567,-1.6272133,-0.37570194,-1.3842641,-2.1624905,-1.1164028,-0.46851173,-0.37570194,8,4,3,5,8,1,5,8,8,8,8,5,4,7,8,3,5,7,8,8,-1.2575539,0.7735497,3.945249,3.0518462,0.8934028
-13.687715,0.95706006,0.63413587,2,3,0,14.135539,0.65266947,1.7907634,1.1687766,0.62198681,-0.98122841,-1.5228915,-1.3358364,-1.4596563,-0.70945488,-1.6000018,-1.7681265,-1.193056,-0.98122841,-0.70945488,7,2,3,3,8,5,3,6,8,6,8,1,3,6,7,1,7,8,8,8,-0.52525954,0.5775643,1.6594338,0.95842971,0.70100407
-13.173417,0.9733996,0.63413587,3,7,0,14.607458,0.80016072,1.7651667,1.4124171,0.35274963,-0.63799579,-1.2721652,-1.3554684,-1.5588492,-0.48831936,-1.45237,-2.0141561,-1.1361762,-0.63799579,-0.48831936,8,2,4,2,7,5,3,3,6,8,6,1,2,5,8,5,4,6,8,8,-0.86666258,0.35670908,2.9113099,1.0384907,1.8728192
-13.486062,0.93925322,0.63413587,3,7,0,14.294724,0.87652988,3.2725928,2.8685254,0.40406744,-0.4107511,-1.158326,-1.3031032,-1.5916995,-0.31161103,-1.3476138,-2.2305317,-1.0439652,-0.4107511,-0.31161103,5,3,1,4,5,6,6,7,6,7,8,4,3,5,6,4,6,7,8,8,-2.3281403,0.27319815,3.6265518,0.99076724,2.6357846
-13.14095,1,0.63413587,3,7,0,13.589939,0.76563265,1.8794053,1.4389341,0.44047125,-0.71285226,-1.3331585,-1.339483,-1.5236201,-0.5336047,-1.4820693,-1.954166,-1.1379351,-0.71285226,-0.5336047,6,4,1,1,7,4,4,7,3,6,7,3,2,2,7,1,6,8,7,8,-0.79064125,0.12497818,2.673005,0.33406731,2.3389377
-13.427699,0.92489336,0.63413587,3,7,0,14.043102,0.78270488,1.5104962,1.1822727,0.32822345,-0.68987261,-1.2935538,-1.3765623,-1.5632413,-0.53128854,-1.4777677,-1.9745981,-1.1650298,-0.68987261,-0.53128854,5,3,1,5,7,5,5,6,6,5,8,3,1,2,8,4,3,8,8,8,-0.77556356,0.40384896,2.2221423,0.89740987,1.3247324
-13.459557,0.86501789,0.63413587,1,3,0,15.004902,0.68104758,2.6390575,1.7973237,0.8417338,-0.90512421,-1.5046501,-1.2843956,-1.4275334,-0.6412181,-1.5632564,-1.812106,-1.1334636,-0.90512421,-0.6412181,4,3,3,3,7,3,2,6,5,7,4,3,1,3,8,3,4,5,8,8,-1.0850527,0.34815868,3.6979558,1.2874754,2.4104804
-14.034485,0.96729867,0.63413587,2,3,0,14.585282,0.77758665,1.1868378,0.92286927,0.26396858,-0.7223346,-1.289699,-1.4184139,-1.5931345,-0.56839566,-1.4990658,-1.9569658,-1.2074929,-0.7223346,-0.56839566,5,4,3,6,7,5,2,7,5,7,8,4,3,2,8,3,6,5,4,7,-0.90476689,0.48337015,1.3585196,0.65666784,0.7018518
-14.360334,0.97358724,0.63413587,3,7,0,14.981419,0.84522848,4.9945306,4.2215195,0.77301107,-0.4650023,-1.2249466,-1.2583657,-1.5339326,-0.334382,-1.3653636,-2.1877297,-1.0141193,-0.4650023,-0.334382,5,3,4,6,8,2,3,6,7,6,7,2,2,5,8,3,6,6,7,8,-3.7514973,0.7330566,1.04116,0.7632292,0.27793079
-13.241799,0.99198078,0.63413587,2,7,0,14.55162,0.7437759,1.7957278,1.3356191,0.46010875,-0.7663208,-1.3674998,-1.3427954,-1.5127895,-0.57079742,-1.5056024,-1.9140601,-1.1521321,-0.7663208,-0.57079742,7,6,3,5,8,1,3,7,8,8,8,3,5,5,7,3,5,6,8,8,-0.70037504,0.90365372,3.2515862,2.9383079,0.31327825
-13.55934,0.97246209,0.63413587,2,7,0,13.970999,0.81182224,3.8144332,3.0966417,0.7177915,-0.56198586,-1.2808326,-1.2687365,-1.5076459,-0.40543437,-1.4087702,-2.0889845,-1.044099,-0.56198586,-0.40543437,6,1,2,3,8,5,6,8,7,6,7,4,2,5,8,4,5,7,8,8,-2.4853808,0.66483046,2.0427882,1.3581078,0.68468036
-13.122169,0.9897916,0.63413587,2,3,0,13.780666,0.83606888,2.8023607,2.3429666,0.45939411,-0.51944489,-1.2270782,-1.3053869,-1.5531291,-0.38876225,-1.3943999,-2.121645,-1.0678149,-0.51944489,-0.38876225,8,1,5,3,4,3,5,7,4,3,8,2,3,6,8,4,5,6,7,8,-1.6794101,0.34933777,2.3421868,0.81821429,1.5239725
-13.040625,0.99965858,0.63413587,3,7,0,13.169468,0.77718312,2.1338938,1.6584263,0.47546756,-0.67791845,-1.3199369,-1.3238514,-1.5193079,-0.50433061,-1.4650422,-1.9815165,-1.1170734,-0.67791845,-0.50433061,8,3,1,5,8,3,3,7,8,6,8,2,4,5,8,2,8,7,7,7,-0.953863,0.69340499,1.9395645,1.3449037,0.59466082
-13.386087,0.95913852,0.63413587,2,3,0,13.569792,0.79953169,1.5393839,1.2307862,0.30859769,-0.65100697,-1.2672886,-1.3767186,-1.5741482,-0.5047868,-1.4614455,-2.0049088,-1.1572592,-0.65100697,-0.5047868,5,3,3,2,6,4,4,8,8,8,8,4,2,3,7,5,4,6,8,8,-0.8332841,0.38864351,2.133784,0.82928129,1.3045027
-13.273212,0.99678092,0.63413587,2,3,0,13.533813,0.72614452,1.8480558,1.3419556,0.50610022,-0.80603241,-1.3993018,-1.3361653,-1.4971009,-0.59491049,-1.5221771,-1.8847024,-1.1550389,-0.80603241,-0.59491049,6,6,3,1,6,7,3,6,5,8,6,1,1,5,8,3,2,8,7,7,-0.67581315,0.092207403,2.3501916,0.21670506,2.1334865
-15.26743,0.77374737,0.63413587,2,3,0,16.193023,0.57987245,1.0705715,0.62079492,0.44977658,-1.1496155,-1.5839304,-1.4289009,-1.5224159,-0.85155604,-1.6828417,-1.701602,-1.3059399,-1.1496155,-0.85155604,6,2,2,4,7,4,4,8,3,8,8,4,1,5,8,3,1,7,3,7,-0.69550495,0.34399636,1.3071289,0.4496476,0.85748134
-15.051015,0.80994415,0.63413587,3,7,0,17.127932,0.69624173,5.5072922,3.8344066,1.6728855,-0.85552888,-1.5183746,-1.2188201,-1.3804641,-0.58495011,-1.5405547,-1.8512232,-1.0673881,-0.85552888,-0.58495011,8,3,1,5,7,2,2,7,6,6,8,3,4,5,6,2,4,8,8,8,-3.7457241,0.7400469,1.1330954,0.83854371,0.29455165
-13.077336,1,0.63413587,2,3,0,15.135774,0.82121939,1.9756607,1.6224509,0.35320982,-0.58064185,-1.2413485,-1.3441374,-1.5662629,-0.44481124,-1.426251,-2.0623603,-1.114616,-0.58064185,-0.44481124,7,4,3,4,7,4,4,6,7,5,8,5,3,8,8,5,5,6,8,8,-1.0337954,0.50568617,2.2186177,1.1219243,1.0966934
-15.033052,0.85253201,0.63413587,2,5,0,15.412463,0.81936087,6.0438829,4.9521212,1.0917617,-0.52475782,-1.278864,-1.2379798,-1.4951966,-0.36891301,-1.3900413,-2.1340061,-1.0085937,-0.52475782,-0.36891301,8,5,2,3,7,3,5,6,8,6,7,2,6,7,7,3,4,7,7,8,-4.5895906,0.81747068,1.270173,1.0383292,0.23184381
-13.23631,1,0.63413587,2,3,0,15.00827,0.86845102,2.7352211,2.3754056,0.35981555,-0.44360492,-1.1690904,-1.3181879,-1.591499,-0.34002923,-1.3639783,-2.1932091,-1.0641852,-0.44360492,-0.34002923,7,3,6,3,8,3,6,7,8,8,8,2,7,5,8,4,7,6,8,8,-1.8056838,0.76879265,1.0975043,0.84375326,0.25375107
-13.615416,0.96093527,0.63413587,2,3,0,13.921407,0.71745858,3.478582,2.4957385,0.98284352,-0.80633603,-1.4542274,-1.258231,-1.4272008,-0.56686556,-1.5174748,-1.8840407,-1.0891909,-0.80633603,-0.56686556,7,1,4,6,7,4,5,7,8,8,7,3,1,4,8,3,3,5,6,8,-1.8893016,0.67434614,3.3262258,2.2430275,1.0831982
-14.789307,0.95251747,0.63413587,3,7,0,15.136669,0.7995082,5.6871883,4.5469537,1.1402346,-0.57869256,-1.3159684,-1.2359085,-1.4746985,-0.40539617,-1.4139339,-2.0820978,-1.0186722,-0.57869256,-0.40539617,8,7,1,3,7,2,2,5,7,6,7,2,2,3,8,4,2,6,8,8,-4.1873259,0.12785081,1.9606714,0.25067342,1.709998
-14.024502,0.98393437,0.63413587,2,3,0,15.14005,0.87653059,4.2446965,3.7206063,0.52409017,-0.39414923,-1.1630346,-1.2812599,-1.5805582,-0.29234402,-1.3373383,-2.2550809,-1.0205381,-0.39414923,-0.29234402,8,4,1,3,8,2,4,7,7,6,6,2,4,4,8,3,6,7,8,8,-3.2358299,0.4509409,4.4050668,1.9864248,2.418642
-13.663008,0.9974723,0.63413587,2,3,0,14.309743,0.77450472,3.9249156,3.0398657,0.88504996,-0.65579503,-1.3519143,-1.2570592,-1.467769,-0.46553158,-1.4494636,-2.0066976,-1.0543594,-0.65579503,-0.46553158,5,2,3,3,7,6,5,6,6,6,8,4,1,5,8,4,6,4,8,6,-2.4554493,0.18510207,4.0295979,0.7458869,3.283711
-17.799709,0.42412551,0.63413587,3,7,0,19.66307,0.32223673,1.2461599,0.40155851,0.84460143,-1.7615347,-2.033109,-1.4660339,-1.5085454,-1.2236243,-1.9724742,-1.466459,-1.4582752,-1.7615347,-1.2236243,8,1,1,5,8,3,4,7,8,6,5,4,4,4,7,5,3,7,7,8,-0.62313483,0.74352313,1.7508182,1.3017739,0.44904439
-13.6249,0.97304799,0.63413587,3,7,0,19.368056,0.91157129,2.6254856,2.3933173,0.23216831,-0.34558411,-1.0931301,-1.3382676,-1.6475556,-0.27717049,-1.326474,-2.2912696,-1.0642766,-0.34558411,-0.27717049,7,5,4,3,8,2,4,7,7,8,7,1,3,7,7,2,5,7,8,8,-2.0655389,0.46793211,1.5894154,0.74373848,0.84567689
-13.668193,0.90784326,0.63413587,1,3,0,15.647973,0.65626185,2.7861354,1.8284344,0.95770103,-0.96771343,-1.5546714,-1.2770189,-1.4077174,-0.67899509,-1.592075,-1.7698227,-1.1415019,-0.96771343,-0.67899509,8,3,1,3,8,4,2,8,8,7,6,1,2,4,7,3,4,7,7,7,-1.1675534,0.87446565,1.3162895,1.15105,0.16523955
-13.24132,1,0.63413587,2,3,0,13.752774,0.83303618,3.146351,2.6210242,0.52532677,-0.51942066,-1.2359471,-1.2925706,-1.5423079,-0.38427511,-1.3927401,-2.1240811,-1.0563449,-0.51942066,-0.38427511,8,4,3,3,5,1,5,4,8,8,8,3,5,5,8,3,4,8,8,8,-1.9635239,0.65267074,2.6999456,1.7621755,0.93777011
-13.702228,0.968011,0.63413587,3,7,0,14.043405,0.7979976,1.3336493,1.0642489,0.26940035,-0.66773545,-1.2635697,-1.4007417,-1.591272,-0.52480422,-1.4729231,-1.9945638,-1.1813764,-0.66773545,-0.52480422,6,1,3,4,7,5,4,7,7,6,6,1,4,7,7,2,1,7,7,8,-0.87549605,0.35464614,2.6036493,0.92337416,1.6802751
-13.620768,0.91711121,0.63413587,2,3,0,15.026525,0.75263365,1.4082541,1.0598995,0.34835468,-0.761726,-1.3380012,-1.3835514,-1.5511503,-0.58245054,-1.5092937,-1.922297,-1.1858504,-0.761726,-0.58245054,7,2,3,4,6,3,2,5,8,7,8,1,4,5,7,2,4,6,6,8,-0.70356045,0.53230632,0.80596082,0.42901804,0.37694278
-14.047283,0.94443952,0.63413587,3,7,0,14.483837,0.87060938,1.2772941,1.1120243,0.16526988,-0.51951879,-1.1505522,-1.4252094,-1.6580854,-0.43052112,-1.4177217,-2.1181367,-1.1743723,-0.51951879,-0.43052112,4,4,2,4,6,4,5,5,6,7,8,2,4,8,8,3,3,8,8,8,-1.2643881,0.16422678,5.0591278,0.83084428,4.2282835
-13.452692,0.92232498,0.63413587,2,3,0,15.28763,0.89586946,2.0361297,1.8241064,0.2120233,-0.40759216,-1.1168234,-1.3623697,-1.6427871,-0.32968079,-1.3572934,-2.2223519,-1.0977061,-0.40759216,-0.32968079,8,1,2,5,6,5,4,7,6,8,8,3,6,2,8,4,6,7,7,8,-1.5177943,0.59053698,2.1941219,1.2957101,0.89841179
-14.203344,0.90660746,0.63413587,3,7,0,15.188431,0.5909526,2.7964456,1.6525668,1.1438788,-1.1378764,-1.67802,-1.2785499,-1.378402,-0.78718024,-1.6726864,-1.6656101,-1.1813225,-1.1378764,-0.78718024,8,4,2,3,8,2,8,7,7,6,7,2,4,4,6,3,4,4,7,8,-1.1070455,0.71557137,0.92129655,0.65925343,0.26204312
-16.823494,0.80884221,0.63413587,2,3,0,16.902454,0.406841,3.4968708,1.4226704,2.0742004,-1.6605699,-2.0692129,-1.3045386,-1.3426263,-1.104754,-1.9387505,-1.4207209,-1.3153744,-1.6605699,-1.104754,5,1,2,3,7,3,5,6,6,7,7,4,3,6,8,3,2,8,6,8,-1.7318651,0.41478159,1.6036312,0.66515669,0.93847448
-13.385291,1,0.63413587,2,3,0,17.093411,0.7524159,1.5902348,1.196518,0.39371686,-0.75385352,-1.3456672,-1.363097,-1.5343603,-0.56975929,-1.5028656,-1.9251924,-1.1667836,-0.75385352,-0.56975929,7,4,4,3,8,4,7,6,8,7,6,2,3,5,8,3,4,6,8,6,-0.68350991,0.43384094,2.7699697,1.2017263,1.5682435
-14.504129,0.89280763,0.63413587,2,3,0,15.234225,0.90090475,4.6534341,4.1923009,0.46113322,-0.3281275,-1.1191173,-1.2843829,-1.6112577,-0.24635162,-1.3095059,-2.3281144,-1.010482,-0.3281275,-0.24635162,8,3,3,2,5,4,2,4,8,8,5,3,2,5,8,3,6,7,8,8,-3.8138864,0.63473297,0.90488461,0.57436009,0.33052452
-13.557654,0.99802347,0.63413587,2,3,0,14.98497,0.677887,2.8787399,1.9514603,0.92727953,-0.91182376,-1.5167593,-1.2742211,-1.4168495,-0.6418466,-1.5661539,-1.8072366,-1.1265146,-0.91182376,-0.6418466,6,3,2,6,6,3,2,4,7,8,7,1,1,1,8,1,7,4,8,8,-1.2783033,0.48909364,1.8529638,0.90627282,0.946691
-14.859843,0.78314273,0.63413587,2,3,0,15.295042,0.9557945,3.2522562,3.1084886,0.1437676,-0.22163258,-1.0170279,-1.3366936,-1.7027839,-0.18695505,-1.2745267,-2.4351117,-1.0414705,-0.22163258,-0.18695505,6,2,3,6,8,6,3,7,7,7,6,1,5,7,8,2,5,8,8,8,-3.2502836,0.81230651,2.0611315,1.6742706,0.38686097
-14.923697,0.99940789,0.63413587,1,1,0,15.064551,0.95845041,3.1605073,3.0291895,0.13131778,-0.21807149,-1.0123323,-1.3404519,-1.707558,-0.18560683,-1.2739062,-2.4381401,-1.0445411,-0.21807149,-0.18560683,3,3,3,2,3,4,3,4,5,7,7,1,4,6,7,6,4,8,8,7,-3.2268383,0.098975679,0.99926526,0.098902958,0.9003623
-14.452196,0.97304727,0.63413587,2,3,0,16.285652,0.95074794,2.3086473,2.1949417,0.11370564,-0.26930138,-1.0256557,-1.368468,-1.7062499,-0.23227958,-1.3017687,-2.3693221,-1.0797238,-0.26930138,-0.23227958,7,2,1,3,3,6,7,7,8,8,7,2,7,8,8,1,3,8,8,8,-2.3731969,0.49784286,0.67580615,0.33644526,0.33936088
-14.38529,0.98951684,0.63413587,2,7,0,14.731597,0.94496785,1.8964795,1.7921122,0.10436735,-0.3068772,-1.0355837,-1.3899181,-1.7076456,-0.26671748,-1.3225886,-2.3238151,-1.1059838,-0.3068772,-0.26671748,8,2,3,5,4,4,3,4,7,7,8,1,1,4,8,3,4,7,8,5,-2.0361226,0.29671178,2.3083098,0.68490271,1.6234071
-15.555687,0.93839151,0.63413587,3,7,0,16.672252,0.76133156,6.6780506,5.0842106,1.5938399,-0.67627727,-1.3956011,-1.217175,-1.4278812,-0.46521315,-1.4575069,-1.9980731,-1.0243815,-0.67627727,-0.46521315,4,2,1,5,8,4,5,6,2,5,5,3,3,6,7,4,4,7,8,8,-4.9455477,0.58531791,0.76827721,0.44968641,0.3185908
-16.480833,0.91270832,0.63413587,1,1,0,16.523463,0.7599569,8.0257903,6.0992548,1.9265356,-0.67674143,-1.403385,-1.2074763,-1.4196438,-0.46207333,-1.4577176,-2.0005021,-1.0160933,-0.67674143,-0.46207333,6,2,2,3,7,3,4,6,6,8,7,2,2,5,7,3,5,6,8,8,-6.079615,0.37773122,3.2092175,1.2122217,1.9969959
-18.556283,0.77724982,0.63413587,2,7,0,20.307224,0.96089629,8.6380981,8.3003164,0.3377817,-0.14654025,-1.0099178,-1.2814926,-1.6991379,-0.11356499,-1.2316688,-2.5617379,-0.97428823,-0.14654025,-0.11356499,4,4,4,5,6,4,2,8,7,8,7,3,4,6,8,4,7,8,7,8,-8.1525853,0.65121077,1.1094355,0.72247636,0.38695917
-18.081837,1,0.63413587,1,1,0,18.84546,0.9637644,7.7268165,7.4468307,0.27998584,-0.14412395,-1.0041942,-1.287434,-1.7048983,-0.11376261,-1.2317373,-2.5613097,-0.97984168,-0.14412395,-0.11376261,8,1,1,1,8,3,4,3,6,6,7,2,3,6,8,2,8,6,8,8,-7.486724,0.22245137,1.8581256,0.4133426,1.444783
-14.890793,1,0.63413587,2,3,0,18.533597,0.5100798,2.313941,1.1802945,1.1336464,-1.345095,-1.8095269,-1.3133627,-1.3833207,-0.9265826,-1.7722403,-1.5639544,-1.2550814,-1.345095,-0.9265826,8,2,6,4,8,3,6,7,6,8,7,4,3,3,6,4,5,8,7,7,-0.70220302,0.68770193,2.6103251,1.7951256,0.81519952
-14.754909,0.97640656,0.63413587,3,7,0,17.11464,0.9223822,1.2297304,1.1342815,0.095448964,-0.41897457,-1.0725779,-1.4471246,-1.7129309,-0.36672806,-1.3834156,-2.2103065,-1.1765312,-0.41897457,-0.36672806,6,2,2,3,6,7,4,6,6,7,8,5,6,6,8,2,3,6,8,6,-1.750658,0.25709258,0.9716427,0.24980212,0.72184058
-14.841186,0.96388161,0.63413587,2,7,0,15.993614,0.73588904,0.96236389,0.70819304,0.25417085,-0.8272431,-1.3399874,-1.4546698,-1.6027225,-0.65235791,-1.5497914,-1.894938,-1.2595061,-0.8272431,-0.65235791,8,4,4,3,7,5,5,5,5,8,7,2,3,1,8,3,4,5,8,7,-1.1039444,0.76578026,1.7467911,1.3376581,0.40913295
-14.69899,1,0.63413587,2,3,0,14.977466,0.77019197,0.98338374,0.75739426,0.22598948,-0.75628855,-1.2915254,-1.454499,-1.6185481,-0.60449173,-1.520697,-1.9419483,-1.2450027,-0.75628855,-0.60449173,5,3,1,5,7,5,5,8,3,7,8,1,1,5,5,3,3,7,8,8,-1.1568271,0.23897526,1.1789681,0.2817442,0.89722389
-13.051576,1,0.63413587,2,3,0,14.738342,0.78619659,2.6221305,2.0615101,0.56062045,-0.64441349,-1.3136538,-1.3000379,-1.5081693,-0.47304474,-1.4478289,-2.0104549,-1.0892804,-0.64441349,-0.47304474,4,5,3,4,6,2,3,4,7,8,8,2,4,5,7,3,4,8,8,8,-1.3279744,0.57832063,1.6035736,0.92737968,0.67619389
-14.439821,0.89302183,0.63413587,2,3,0,14.612839,0.77548568,1.0519143,0.81574449,0.23616982,-0.73862164,-1.2870172,-1.4415705,-1.6106541,-0.58781872,-1.5106155,-1.950691,-1.2304932,-0.73862164,-0.58781872,7,4,2,3,6,3,5,5,7,8,7,6,4,3,7,2,2,7,8,8,-1.0584289,0.70708126,0.97279553,0.68784549,0.28495004
-13.088247,0.98941314,0.63413587,2,3,0,14.653963,0.84726216,2.4791526,2.1004922,0.37866041,-0.5016052,-1.2038253,-1.322423,-1.5738704,-0.38224142,-1.389268,-2.1358634,-1.0794647,-0.5016052,-0.38224142,8,1,3,4,7,3,3,7,5,8,7,1,4,5,8,3,2,7,8,8,-1.4789781,0.81773071,3.6323885,2.9703157,0.66207287
-14.503975,0.90601889,0.63413587,3,7,0,14.835617,0.68390066,1.1122466,0.76066621,0.35158043,-0.92505303,-1.4281669,-1.4207581,-1.5506708,-0.70457821,-1.5845175,-1.8232399,-1.2514581,-0.92505303,-0.70457821,7,2,3,6,5,5,5,5,8,8,8,3,4,3,7,2,5,7,7,7,-0.76064202,0.51654435,2.1724262,1.1221545,1.0502717
-14.024309,1,0.63413587,3,7,0,14.537735,0.77391019,1.1920494,0.92253914,0.26951022,-0.72965072,-1.2955181,-1.4169942,-1.589977,-0.57285356,-1.5018143,-1.9514043,-1.2077586,-0.72965072,-0.57285356,7,3,5,5,6,2,6,7,4,7,7,1,3,6,6,4,5,5,8,8,-0.8883853,0.33582629,2.4773415,0.83195639,1.6453851
-14.766512,0.93199092,0.63413587,3,7,0,15.658384,0.73053372,5.366727,3.920575,1.4461519,-0.76315692,-1.4492067,-1.2248911,-1.4094729,-0.52619803,-1.4973963,-1.9225632,-1.0510373,-0.76315692,-0.52619803,5,5,1,2,7,4,4,6,6,6,8,4,6,6,7,3,4,7,7,7,-3.6881605,0.062265287,1.9995787,0.12450434,1.8750744
-13.425059,1,0.63413587,2,3,0,14.666368,0.8602609,1.6412944,1.4119414,0.229353,-0.51070536,-1.1714346,-1.381434,-1.6219513,-0.40912288,-1.4039838,-2.1234845,-1.1339468,-0.51070536,-0.40912288,6,2,2,3,8,2,5,7,7,6,7,2,2,8,8,4,5,8,8,8,-1.1261553,0.31266464,3.6930417,1.1546835,2.5383581
-13.727773,0.97577342,0.63413587,2,7,0,13.984565,0.91228966,1.8749987,1.7105419,0.16445677,-0.38038222,-1.0888628,-1.3790358,-1.6677874,-0.3159454,-1.3498606,-2.2480279,-1.1081547,-0.38038222,-0.3159454,8,3,4,4,8,3,5,8,8,7,8,4,5,2,5,5,6,6,8,8,-1.5964837,0.53466039,2.1481768,1.1485451,0.99963177
-13.219856,1,0.63413587,2,3,0,13.769316,0.87328586,2.2182996,1.9372097,0.28108992,-0.45041056,-1.1563087,-1.3439339,-1.6107626,-0.35370799,-1.3713889,-2.1822265,-1.0888755,-0.45041056,-0.35370799,7,1,3,3,3,7,1,4,6,5,8,7,4,8,7,4,5,8,8,8,-1.4535501,0.39137101,1.4790521,0.57885811,0.90019399
-13.164718,1,0.63413587,1,1,0,13.222704,0.86500842,2.2586565,1.9537569,0.30489963,-0.46788305,-1.1708203,-1.3390502,-1.6001602,-0.36434184,-1.3778177,-2.1658809,-1.0878047,-0.46788305,-0.36434184,5,1,1,5,8,5,5,4,7,6,8,1,1,7,8,1,7,4,8,8,-1.4259453,0.46680963,1.8421456,0.85993129,0.98221426
-16.313326,0.83153646,0.63413587,2,7,0,16.536857,0.59549798,0.79402143,0.47283816,0.32118327,-1.1174708,-1.5227372,-1.4919866,-1.589479,-0.8556962,-1.6777732,-1.7462896,-1.3509996,-1.1174708,-0.8556962,5,4,6,1,7,3,3,6,5,6,6,3,5,6,5,3,6,8,7,7,-1.3336262,0.25712715,2.1474849,0.55217667,1.5953082
-15.572902,1,0.63413587,1,1,0,16.321441,0.63019946,0.89657241,0.56501945,0.33155296,-1.0452694,-1.4871457,-1.4642912,-1.5722956,-0.7989677,-1.6425546,-1.7706857,-1.3129568,-1.0452694,-0.7989677,7,4,2,5,7,1,6,4,8,7,7,4,3,3,8,3,5,5,8,6,-1.0688117,0.62584473,4.2637292,2.6684324,1.5952967
-15.053032,1,0.63413587,1,1,0,15.612206,0.7006524,0.93769821,0.6570005,0.28069771,-0.90027885,-1.3892048,-1.4570129,-1.5901432,-0.7017885,-1.5804529,-1.8502019,-1.2765288,-0.90027885,-0.7017885,8,4,3,7,6,5,3,8,6,6,8,4,3,6,4,4,7,8,4,8,-1.0791326,0.45624221,1.1882591,0.54213396,0.64612515
-14.526483,1,0.63413587,1,1,0,15.032915,0.71017073,1.0694816,0.75951455,0.30996708,-0.87194194,-1.3851955,-1.4304402,-1.5703489,-0.67318685,-1.5636821,-1.8590188,-1.2483975,-0.87194194,-0.67318685,7,3,2,4,8,4,6,6,7,7,6,4,5,4,5,6,2,7,8,8,-0.86560374,0.79711084,1.6820823,1.340806,0.34127625
-13.336525,1,0.63413587,3,7,0,14.473507,0.87167262,2.9905479,2.6067787,0.38376917,-0.42903937,-1.1652564,-1.3100636,-1.5902883,-0.32694475,-1.3564856,-2.2097746,-1.053927,-0.42903937,-0.32694475,5,2,2,6,8,4,5,6,8,8,8,3,1,4,8,3,4,6,8,7,-2.0437062,0.81105013,1.619492,1.3134892,0.30600281
-14.134437,0.85277759,0.63413587,2,3,0,15.236737,0.61549769,3.1331225,1.9284297,1.2046928,-1.0743426,-1.6413907,-1.2645964,-1.3760666,-0.74222471,-1.6427242,-1.7016197,-1.1556218,-1.0743426,-0.74222471,8,4,1,1,7,6,3,7,6,8,7,3,4,6,7,5,5,7,8,8,-1.4201833,0.30714458,2.0096727,0.61726008,1.3924126
-13.507492,1,0.63413587,2,3,0,14.1905,0.89204243,3.0157296,2.6901588,0.32557086,-0.37956104,-1.1291846,-1.3166167,-1.6154576,-0.29408296,-1.336624,-2.2600068,-1.0504249,-0.37956104,-0.29408296,7,2,1,5,6,2,4,6,5,6,8,2,1,7,8,3,5,7,8,8,-2.2154724,0.50840755,1.5781936,0.80236556,0.77582809
-13.25242,0.99700281,0.63413587,3,7,0,13.725264,0.80361035,1.6672582,1.339826,0.32743226,-0.63495197,-1.2640476,-1.3649035,-1.5681609,-0.48957615,-1.4526399,-2.0170063,-1.1437596,-0.63495197,-0.48957615,6,2,2,3,5,7,3,7,5,5,8,4,5,5,8,3,5,8,8,8,-0.85773148,0.25074724,1.9760038,0.49547748,1.4805263
-14.333833,0.89457881,0.63413587,3,7,0,15.472894,0.78829303,1.0821603,0.85305939,0.22910087,-0.70950198,-1.2693783,-1.4380057,-1.614592,-0.56670609,-1.4979153,-1.9705115,-1.221654,-0.70950198,-0.56670609,8,1,3,4,7,6,5,7,5,8,7,2,4,6,8,4,4,6,7,8,-1.0578823,0.29095218,5.4439926,1.5839415,3.8600511
-15.25219,0.95248349,0.63413587,3,7,0,15.898726,0.81036607,0.86690879,0.70251347,0.16439532,-0.69279441,-1.2299953,-1.4875913,-1.6653797,-0.57307703,-1.5032888,-1.9959513,-1.2606641,-0.69279441,-0.57307703,7,2,1,3,8,3,2,4,7,7,8,2,7,4,7,7,3,8,6,7,-1.5618266,0.32965119,2.4370029,0.80336092,1.633642
-13.661955,0.97244136,0.63413587,2,7,0,16.051338,0.73921698,3.7354957,2.7613418,0.97415384,-0.74826117,-1.416624,-1.2547053,-1.439255,-0.52697988,-1.4909608,-1.9298038,-1.0730482,-0.74826117,-0.52697988,7,6,3,1,8,8,7,7,5,7,8,2,1,3,7,5,4,4,8,8,-2.1787262,0.24715737,1.2766494,0.31553331,0.9611161
-13.268641,1,0.63413587,2,7,0,13.644968,0.85221432,1.7805632,1.5174214,0.26314173,-0.51987039,-1.1864964,-1.3670747,-1.6062196,-0.41055166,-1.4048461,-2.1153767,-1.1229199,-0.51987039,-0.41055166,6,2,2,5,5,3,5,7,8,8,6,2,2,5,8,2,6,3,8,8,-1.109884,0.50540858,2.3213971,1.173254,1.1481431
-13.083524,0.98414815,0.63413587,2,7,0,13.476338,0.7660779,2.0293368,1.5546301,0.47470674,-0.70715026,-1.3365284,-1.32863,-1.5154537,-0.52585868,-1.4782722,-1.9582887,-1.1273996,-0.70715026,-0.52585868,8,2,5,6,6,3,5,8,7,8,7,1,1,8,8,3,5,8,7,6,-0.86140355,0.67311129,6.7648032,4.5534654,2.2113378
-13.780762,0.90308325,0.63413587,3,7,0,15.154936,0.77727096,1.2973709,1.0084087,0.28896217,-0.7147804,-1.2946028,-1.4019188,-1.5798346,-0.55732625,-1.4927291,-1.9593905,-1.1918658,-0.7147804,-0.55732625,8,2,2,3,7,2,5,8,7,8,8,2,4,8,4,4,6,6,7,6,-0.8227817,0.88287935,2.8050452,2.4765165,0.32852872
-14.489989,0.88378465,0.63413587,2,3,0,14.970757,0.89276934,1.1751434,1.049132,0.1260114,-0.4861621,-1.1165767,-1.4461453,-1.6881893,-0.41422577,-1.4098479,-2.1495227,-1.1869686,-0.4861621,-0.41422577,7,3,2,3,8,2,7,7,4,7,5,2,5,5,7,2,5,7,7,8,-1.5071532,0.56857067,2.5168213,1.4309908,1.0858305
-13.865816,0.9897165,0.63413587,2,3,0,14.937006,0.91408624,1.7161516,1.5687105,0.14744103,-0.38757388,-1.0854029,-1.3919326,-1.6760937,-0.3254774,-1.3559233,-2.2397708,-1.1212182,-0.38757388,-0.3254774,8,3,4,6,7,4,1,8,6,8,8,1,4,4,8,3,8,6,8,8,-1.5652144,0.66693586,2.9351595,1.9575631,0.97759637
-14.335871,0.98785964,0.63413587,2,3,0,14.372671,0.93918014,1.7392136,1.6334349,0.10577873,-0.33127126,-1.0451597,-1.3992629,-1.7052782,-0.28749264,-1.3349475,-2.2968368,-1.1186122,-0.33127126,-0.28749264,7,3,2,3,6,5,8,6,7,8,8,1,6,3,8,1,6,7,7,7,-1.8890918,0.4259508,1.9189098,0.81736116,1.1015486
-13.009293,0.95174758,0.63413587,1,3,0,15.364159,0.80139129,2.2269923,1.7846923,0.44230007,-0.61791247,-1.2799275,-1.3234032,-1.5365366,-0.46318447,-1.4391036,-2.031258,-1.1040747,-0.61791247,-0.46318447,7,4,1,5,8,2,4,7,3,7,8,4,5,4,8,2,5,5,6,7,-1.095623,0.36112709,2.6121196,0.94330715,1.6688124
-13.497459,0.93023429,0.63413587,2,7,0,13.991779,0.84650144,1.5223817,1.2886983,0.23368339,-0.54913198,-1.1916484,-1.3894345,-1.6163633,-0.43879953,-1.4215391,-2.0899214,-1.1483247,-0.54913198,-0.43879953,8,3,3,5,8,2,5,7,8,8,8,2,2,6,8,3,8,4,8,8,-1.0439327,0.9209556,2.9509258,2.7176716,0.23325417
-13.891736,0.98683655,0.63413587,2,7,0,14.054085,0.78933689,4.3362694,3.4227774,0.91349199,-0.61409403,-1.3273839,-1.2523213,-1.4767416,-0.43544236,-1.4306003,-2.0447467,-1.0409823,-0.61409403,-0.43544236,8,3,2,4,7,2,4,8,4,5,8,2,4,5,8,2,5,8,7,8,-2.8928443,0.58603806,2.6542856,1.5555124,1.0987732
-13.517221,0.9884294,0.63413587,2,7,0,14.137771,0.88620603,3.1726498,2.8116214,0.36102841,-0.38962393,-1.1404044,-1.3095586,-1.605522,-0.29883087,-1.3396758,-2.2511436,-1.0458155,-0.38962393,-0.29883087,8,2,5,5,7,5,1,6,7,7,8,2,5,4,8,3,6,5,8,8,-2.3085873,0.49069302,2.8578386,1.4023215,1.4555172
-13.939467,0.96302825,0.63413587,2,7,0,14.533546,0.9312434,2.314718,2.1555659,0.15915214,-0.31325053,-1.0585346,-1.3600349,-1.6795971,-0.2612729,-1.3178124,-2.3218555,-1.079005,-0.31325053,-0.2612729,8,4,1,3,8,5,5,7,6,6,8,1,4,5,7,6,4,3,8,8,-2.0644512,0.45450194,2.2562731,1.0254805,1.2307926
-13.883907,0.98580977,0.63413587,3,7,0,14.1769,0.92494104,2.8072891,2.5965769,0.21071219,-0.30797058,-1.0705011,-1.3367448,-1.6625686,-0.24960932,-1.3104753,-2.3333023,-1.0561697,-0.30797058,-0.24960932,8,1,3,6,8,2,1,3,6,7,8,2,4,5,8,2,6,8,8,8,-2.3636976,0.63864845,3.3869987,2.1631015,1.2238972
# 
#  Elapsed Time: 0.01 seconds (Warm-up)
#                0.034 seconds (Sampling)
#                0.044 seconds (Total)
# 
