# stan_version_major = 2
# stan_version_minor = 38
# stan_version_patch = 0
# model = WeightedAgent_model
# start_datetime = 2026-05-11 07:45:22 UTC
# method = sample (Default)
#   sample
#     num_samples = 500
#     num_warmup = 300
#     save_warmup = true
#     thin = 1 (Default)
#     adapt
#       engaged = true (Default)
#       gamma = 0.05 (Default)
#       delta = 0.8 (Default)
#       kappa = 0.75 (Default)
#       t0 = 10 (Default)
#       init_buffer = 75 (Default)
#       term_buffer = 50 (Default)
#       window = 25 (Default)
#       save_metric = false (Default)
#     algorithm = hmc (Default)
#       hmc
#         engine = nuts (Default)
#           nuts
#             max_depth = 10 (Default)
#         metric = diag_e (Default)
#         metric_file =  (Default)
#         stepsize = 1 (Default)
#         stepsize_jitter = 0 (Default)
#     num_chains = 1 (Default)
# id = 2
# data
#   file = /var/folders/7_/txf_yc3n3ws8m_z7jz1j51nr0000gn/T/RtmpCZXZ45/standata-16d8c2d129279.json
# init = 2 (Default)
# random
#   seed = 2027325073
# output
#   file = /Users/magnusseverin/Documents/GitHub/Advanced_Cognitive_Modeling/Assignment03/src/simmodels/temp/WeightedAgent-202605110945-2-4cf095.csv
#   diagnostic_file =  (Default)
#   refresh = 0
#   sig_figs = 8 (Default)
#   profile_file = /Users/magnusseverin/Documents/GitHub/Advanced_Cognitive_Modeling/Assignment03/src/simmodels/temp/WeightedAgent-profile-202605110945-2-848c67.csv
#   save_cmdstan_config = false (Default)
# num_threads = 1 (Default)
# stanc_version = stanc3 v2.38.0
# stancflags = --name=WeightedAgent_model
lp__,accept_stat__,stepsize__,treedepth__,n_leapfrog__,divergent__,energy__,rho,kappa,weight_direct,weight_social,log_lik.1,log_lik.2,log_lik.3,log_lik.4,log_lik.5,log_lik.6,log_lik.7,log_lik.8,log_lik.9,log_lik.10,prior_pred.1,prior_pred.2,prior_pred.3,prior_pred.4,prior_pred.5,prior_pred.6,prior_pred.7,prior_pred.8,prior_pred.9,prior_pred.10,posterior_pred.1,posterior_pred.2,posterior_pred.3,posterior_pred.4,posterior_pred.5,posterior_pred.6,posterior_pred.7,posterior_pred.8,posterior_pred.9,posterior_pred.10,lprior,rho_prior,kappa_prior,wd_prior,ws_prior
-23.156953,1,0.5,2,3,0,27.997913,0.06596164,11.456883,0.7557148,10.701168,-1.2416081,-1.6549969,-1.2530533,-1.3465159,-1.3011026,-1.2416081,-1.2801675,-1.3291888,-1.2801675,-1.1275268,6,5,2,7,4,6,3,8,5,4,3,7,2,5,4,6,6,3,6,2,-9.7526885,0.70685193,3.0125973,2.1294602,0.88313707
-23.156953,0,14.38551,0,1,1,23.341116,0.06596164,11.456883,0.7557148,10.701168,-1.2416081,-1.6549969,-1.2530533,-1.3465159,-1.3011026,-1.2416081,-1.2801675,-1.3291888,-1.2801675,-1.1275268,8,5,4,8,4,8,5,6,2,8,8,6,3,5,3,6,3,2,5,1,-9.7526885,0.73460509,0.77835658,0.57178471,0.20657187
-23.156953,0,2.4311673,0,1,1,24.844131,0.06596164,11.456883,0.7557148,10.701168,-1.2416081,-1.6549969,-1.2530533,-1.3465159,-1.3011026,-1.2416081,-1.2801675,-1.3291888,-1.2801675,-1.1275268,8,8,3,8,5,8,4,8,3,3,5,3,2,8,6,7,6,4,7,2,-9.7526885,0.89336229,2.6150539,2.3361905,0.27886335
-19.5227,1,0.23979141,2,3,0,23.155271,0.094607072,6.6583017,0.62992243,6.0283793,-1.24578,-1.6237739,-1.2941615,-1.3912644,-1.3146542,-1.24578,-1.2976263,-1.3645447,-1.2976263,-1.2055803,7,8,1,8,3,5,5,7,7,2,2,4,2,6,3,6,5,5,5,1,-5.6803633,0.0485451,1.7960263,0.087188275,1.708838
-18.203124,0.95873162,0.32433241,3,7,0,21.337795,0.058926917,2.9959074,0.17653959,2.8193679,-1.3248908,-1.6805379,-1.2922896,-1.4161759,-1.385837,-1.3248908,-1.3676047,-1.403809,-1.3676047,-1.0944749,5,4,3,7,4,7,5,6,4,5,4,6,3,6,3,2,4,4,7,6,-2.7500644,0.29516612,1.339387,0.39534165,0.94404534
-17.493908,0.97003736,0.44848618,2,3,0,18.513902,0.096374412,3.3445294,0.32232706,3.0222024,-1.293767,-1.637306,-1.3205436,-1.4344442,-1.3643402,-1.293767,-1.3491511,-1.4100134,-1.3491511,-1.1969235,8,4,5,5,3,8,5,5,5,1,5,6,3,6,3,5,6,5,8,4,-2.6109724,0.40761455,1.5691797,0.63962049,0.92955923
-16.358097,0.83000933,0.69419373,2,3,0,17.528943,0.25963329,2.2200738,0.57640508,1.6436687,-1.3056491,-1.5270181,-1.5013497,-1.6415773,-1.3875662,-1.3056491,-1.3884549,-1.539688,-1.3884549,-1.6186724,6,5,7,8,2,5,2,8,4,2,6,7,3,8,4,7,3,8,5,3,-0.90246295,0.7592507,1.1478702,0.87152123,0.27634894
-16.358097,0.13560513,0.72917436,2,3,0,18.702039,0.25963329,2.2200738,0.57640508,1.6436687,-1.3056491,-1.5270181,-1.5013497,-1.6415773,-1.3875662,-1.3056491,-1.3884549,-1.539688,-1.3884549,-1.6186724,7,7,5,6,3,7,7,5,8,3,5,6,2,6,3,5,4,6,3,6,-0.90246295,0.24992102,3.3890601,0.84699734,2.5420627
-16.563292,0.99907214,0.088115112,4,15,0,16.648048,0.18828665,3.0557839,0.57536332,2.4804206,-1.2713167,-1.5556422,-1.415833,-1.532083,-1.3551758,-1.2713167,-1.349063,-1.4669177,-1.349063,-1.4466901,4,6,4,6,6,8,4,6,2,3,6,3,4,6,3,3,4,7,5,5,-1.7888296,0.34918759,1.7196919,0.60049506,1.1191968
-16.460231,0.98891858,0.16148474,3,15,0,18.915142,0.24916805,3.071363,0.76528553,2.3060774,-1.2663131,-1.5080932,-1.481361,-1.6107981,-1.3489984,-1.2663131,-1.3489156,-1.5068974,-1.3489156,-1.6191535,7,3,6,7,2,8,1,7,1,4,7,6,3,8,4,5,3,5,5,5,-1.6003922,0.76321496,1.1696825,0.89271918,0.27696333
-16.405008,0.99971744,0.29180833,2,7,0,16.500047,0.22371655,2.8266434,0.63236692,2.1942765,-1.2756275,-1.5325657,-1.4557907,-1.5803188,-1.3598376,-1.2756275,-1.3572696,-1.4955504,-1.3572696,-1.5405405,8,4,4,7,4,6,5,7,2,5,8,4,4,8,5,5,4,7,4,6,-1.4630876,0.70187909,1.5539117,1.0906581,0.46325356
-16.431327,0.98329115,0.55056888,2,3,0,16.546742,0.30987385,2.4749023,0.76690752,1.7079948,-1.3001437,-1.4862048,-1.5536768,-1.7116385,-1.3734049,-1.3001437,-1.3790617,-1.5676286,-1.3790617,-1.7706054,7,5,6,8,3,6,4,8,3,4,8,6,3,7,6,8,7,5,5,3,-0.97348746,0.75278895,5.03656,3.7914667,1.2450933
-16.431327,0.12327346,0.98919951,1,1,0,16.792681,0.30987385,2.4749023,0.76690752,1.7079948,-1.3001437,-1.4862048,-1.5536768,-1.7116385,-1.3734049,-1.3001437,-1.3790617,-1.5676286,-1.3790617,-1.7706054,7,6,3,7,4,7,6,3,3,4,5,3,1,7,4,7,6,5,2,1,-0.97348746,0.57731848,2.3247273,1.342108,0.98261928
-17.250167,0.99225016,0.1197502,4,15,0,17.636987,0.14677629,1.5344408,0.22521952,1.3092213,-1.3734465,-1.6392141,-1.4152629,-1.5551872,-1.4541344,-1.3734465,-1.4456574,-1.5195683,-1.4456574,-1.2989716,7,6,4,8,4,8,4,5,7,1,4,6,2,6,7,7,8,6,6,3,-1.0802072,0.59660232,6.4094157,3.8238723,2.5855434
-16.851098,0.99488299,0.22344117,3,9,0,17.806498,0.38047225,2.8713201,1.0924576,1.7788625,-1.3132677,-1.4346163,-1.637005,-1.8407523,-1.3615854,-1.3132677,-1.3741713,-1.6202142,-1.3741713,-1.9961903,7,6,6,8,3,6,3,8,3,6,8,4,7,3,5,6,5,7,5,2,-1.1954885,0.84950373,1.4639949,1.2436692,0.22032577
-16.606827,0.98509046,0.41861004,2,7,0,17.38841,0.16195548,2.3091724,0.37398312,1.9351893,-1.309832,-1.5949687,-1.4017809,-1.5251165,-1.3917834,-1.309832,-1.3836391,-1.477463,-1.3836391,-1.3591807,8,7,2,8,4,7,6,5,4,3,7,6,2,5,5,8,4,7,7,4,-1.3093624,0.5460046,3.6211049,1.9771399,1.643965
-17.037882,0.90093979,0.75629548,1,3,0,17.582818,0.42147479,2.2174878,0.9346152,1.2828726,-1.3679632,-1.4436886,-1.6850336,-1.9207774,-1.3991095,-1.3679632,-1.4144802,-1.671454,-1.4144802,-2.0750508,8,7,3,8,2,7,2,6,2,3,7,5,2,5,4,7,4,5,3,3,-0.66298721,0.75309549,1.7532444,1.3203605,0.43288396
-17.037882,0.31232693,1.0492438,1,1,0,17.620275,0.42147479,2.2174878,0.9346152,1.2828726,-1.3679632,-1.4436886,-1.6850336,-1.9207774,-1.3991095,-1.3679632,-1.4144802,-1.671454,-1.4144802,-2.0750508,8,4,6,7,4,8,2,7,3,5,4,6,4,5,4,8,2,3,6,6,-0.66298721,0.85840147,0.99796505,0.85665466,0.14131039
-17.195117,0.9966636,0.24357951,2,3,0,17.282935,0.43561166,1.9647212,0.85585547,1.1088657,-1.3925439,-1.4533161,-1.7003707,-1.9460763,-1.4181454,-1.3925439,-1.4341787,-1.6907792,-1.4341787,-2.0922848,4,5,2,4,4,8,6,7,3,2,8,4,2,8,4,8,5,6,3,3,-0.51303253,0.1289391,2.0856941,0.26892751,1.8167666
-16.400482,0.84983345,0.4532548,2,7,0,19.199054,0.20475249,2.4347622,0.49852364,1.9362386,-1.2950452,-1.5575721,-1.4413665,-1.5666524,-1.3794042,-1.2950452,-1.3751399,-1.4963601,-1.3751399,-1.4772313,7,4,2,6,8,6,4,4,3,1,8,7,3,6,3,7,5,4,4,4,-1.2163195,0.30826919,3.9468566,1.2166943,2.7301623
-16.943985,0.76434052,0.53940339,2,3,0,17.628959,0.30208305,3.9043076,1.1794251,2.7248825,-1.2509942,-1.4555719,-1.539879,-1.6886557,-1.3248226,-1.2509942,-1.3302353,-1.5345802,-1.3302353,-1.7956241,6,5,6,7,3,7,3,6,3,3,6,5,3,8,5,8,3,5,5,1,-2.2477643,0.67344035,2.0881662,1.4062554,0.68191083
-16.611214,1,0.49742531,2,3,0,16.931278,0.30625637,1.7951491,0.54977586,1.2453733,-1.3426533,-1.5220229,-1.5564119,-1.7178234,-1.4179925,-1.3426533,-1.4228722,-1.5910398,-1.4228722,-1.7195158,8,5,6,8,2,8,6,8,3,6,3,7,4,7,2,6,1,7,6,1,-0.59145902,0.94718515,5.1711015,4.8979905,0.27311096
-16.833352,0.60962573,0.9170053,2,3,0,16.990129,0.37639408,1.8798223,0.707554,1.1722683,-1.3610632,-1.4825425,-1.6315199,-1.8296299,-1.4157084,-1.3610632,-1.4266864,-1.6408207,-1.4266864,-1.9172087,8,5,5,8,3,8,5,8,4,3,8,5,4,6,4,6,4,5,4,2,-0.52224494,0.85496482,1.2497482,1.0684907,0.18125745
-17.504343,0.96274304,0.53813472,2,3,0,17.517386,0.45796821,1.7144447,0.78516119,0.92928356,-1.4268406,-1.4644414,-1.7245113,-1.9867682,-1.4425486,-1.4268406,-1.4596842,-1.7186807,-1.4596842,-2.1260714,7,5,4,6,2,7,3,8,4,4,7,2,1,3,6,8,4,6,6,4,-0.41397497,0.62116949,4.4401278,2.758072,1.6820559
-17.504343,0.42071748,0.88186569,1,3,0,18.688723,0.45796821,1.7144447,0.78516119,0.92928356,-1.4268406,-1.4644414,-1.7245113,-1.9867682,-1.4425486,-1.4268406,-1.4596842,-1.7186807,-1.4596842,-2.1260714,7,8,4,7,1,5,6,7,6,4,6,7,1,8,7,7,5,8,3,3,-0.41397497,0.40980993,1.5416457,0.63178173,0.90986401
-18.166509,0.93287978,0.30463453,3,7,0,19.302641,0.32445859,5.6754963,1.8414635,3.8340328,-1.2304338,-1.4199997,-1.5674579,-1.7285072,-1.2971147,-1.2304338,-1.3052787,-1.5405878,-1.3052787,-1.895965,8,5,5,7,4,7,4,8,3,2,5,5,2,7,5,5,5,7,7,4,-3.8637713,0.37030313,3.5698776,1.3219368,2.2479408
-18.680498,0.85170541,0.45727835,3,7,0,20.837849,0.044805403,2.1392375,0.0958494,2.0433881,-1.3699466,-1.7063145,-1.3042115,-1.4436476,-1.4285044,-1.3699466,-1.4105099,-1.4356285,-1.4105099,-1.0556544,7,4,3,5,4,6,6,5,7,2,5,8,1,3,2,8,7,5,6,3,-2.3548073,0.29126566,2.5573813,0.74487737,1.8125039
-17.813934,0.93706609,0.54278799,2,3,0,18.999567,0.083571067,3.554644,0.29706539,3.2575786,-1.2949764,-1.6490312,-1.3055391,-1.4193879,-1.3622136,-1.2949764,-1.3456381,-1.3990449,-1.3456381,-1.163301,7,5,3,8,2,7,4,7,4,4,5,4,1,7,3,7,7,4,6,1,-2.9331133,0.79010827,1.9504402,1.5410589,0.40938126
-16.604893,1,0.81489875,2,3,0,17.671761,0.21925806,1.781413,0.39058914,1.3908238,-1.3372112,-1.5744545,-1.4701052,-1.6079659,-1.4216317,-1.3372112,-1.4189657,-1.5368706,-1.4189657,-1.4906552,7,6,2,6,5,8,3,6,4,2,8,6,5,5,5,5,7,3,5,3,-0.80324689,0.36355865,2.0679186,0.75180969,1.3161089
-16.604893,5.8847183e-42,1.4458252,1,1,0,19.240475,0.21925806,1.781413,0.39058914,1.3908238,-1.3372112,-1.5744545,-1.4701052,-1.6079659,-1.4216317,-1.3372112,-1.4189657,-1.5368706,-1.4189657,-1.4906552,4,4,4,6,4,7,7,4,4,1,8,5,6,4,3,4,4,7,5,2,-0.80324689,0.26764284,3.465189,0.92743301,2.537756
-17.55975,0.99142803,0.16429422,3,15,0,18.533983,0.47869203,2.0468046,0.97978904,1.0670156,-1.4257045,-1.4336588,-1.7539545,-2.0462892,-1.4218836,-1.4257045,-1.4415054,-1.7320956,-1.4415054,-2.2261224,8,6,2,8,2,8,6,7,3,2,8,4,2,8,2,7,3,6,4,4,-0.5394941,0.36388877,2.6891721,0.97855952,1.7106126
-18.516072,0.95075618,0.28586669,2,3,0,18.761364,0.47851546,1.1464508,0.54859441,0.59785635,-1.4980546,-1.5248041,-1.7412108,-2.0048017,-1.5153286,-1.4980546,-1.5317341,-1.7608874,-1.5317341,-2.0798135,5,5,4,6,7,5,4,5,5,3,6,6,8,7,2,7,3,6,4,2,-0.57817693,0.3854072,4.252702,1.6390219,2.61368
-17.604223,0.99491373,0.44174627,3,7,0,19.019159,0.48416353,2.1580459,1.0448471,1.1131988,-1.4260032,-1.4251906,-1.7624977,-2.0642119,-1.4162951,-1.4260032,-1.4366126,-1.7363375,-1.4366126,-2.2542616,6,4,6,7,3,8,4,8,6,3,6,7,3,6,4,8,4,5,5,3,-0.60210209,0.84408047,3.5068164,2.9600352,0.54678116
-18.081343,0.695426,0.76267242,1,1,0,18.647663,0.50487878,3.0413043,1.53549,1.5058143,-1.4221635,-1.3801019,-1.8025936,-2.1539498,-1.3831055,-1.4221635,-1.4067732,-1.7546134,-1.4067732,-2.3909388,7,7,6,8,6,7,4,6,1,2,7,6,4,8,3,8,4,5,4,2,-1.2840634,0.51501053,1.5886992,0.81819683,0.77050239
-16.88123,1,0.59012191,2,3,0,18.064751,0.22214524,1.5301198,0.33990882,1.190211,-1.3614974,-1.5887531,-1.4813724,-1.6251751,-1.445971,-1.3614974,-1.4436651,-1.556604,-1.4436651,-1.4842834,5,6,3,6,2,7,5,7,4,5,5,5,2,6,5,6,6,7,5,4,-0.75845217,0.35733096,3.7871444,1.3532639,2.4338804
-16.88123,0.01426089,1.0211594,1,1,0,17.118711,0.22214524,1.5301198,0.33990882,1.190211,-1.3614974,-1.5887531,-1.4813724,-1.6251751,-1.445971,-1.3614974,-1.4436651,-1.556604,-1.4436651,-1.4842834,8,6,7,7,3,8,6,3,3,3,5,7,2,5,5,5,5,7,5,1,-0.75845217,0.43917413,0.87819115,0.38567884,0.49251231
-16.836015,0.9991843,0.13387131,3,15,0,17.557701,0.13248136,2.3923301,0.31693916,2.075391,-1.314381,-1.6177551,-1.3721219,-1.494415,-1.3925719,-1.314381,-1.3816694,-1.4589201,-1.3816694,-1.2830666,5,5,3,6,3,8,3,7,2,3,7,6,4,6,6,5,7,5,5,1,-1.5338997,0.62521203,1.6048752,1.0033872,0.60148791
-17.912398,0.92200999,0.23182723,2,7,0,19.729423,0.23361373,1.0817733,0.2527171,0.82905623,-1.4250774,-1.6268941,-1.5156541,-1.67454,-1.5097427,-1.4250774,-1.508538,-1.6106834,-1.508538,-1.477978,5,7,4,7,8,8,4,5,5,5,3,3,2,6,3,4,4,8,5,3,-0.98812114,0.30884477,2.3579312,0.72823472,1.6296965
-16.397672,0.95295198,0.32646476,2,3,0,18.797035,0.22613017,2.1368792,0.48321286,1.6536663,-1.3103996,-1.5527529,-1.4683071,-1.6013355,-1.394592,-1.3103996,-1.392413,-1.5217257,-1.392413,-1.5245444,8,5,2,6,2,7,6,5,5,4,6,8,5,7,1,7,5,5,4,1,-0.94513909,0.26258415,1.7929243,0.47079349,1.3221308
-16.902542,0.87426037,0.49482751,2,3,0,17.168635,0.19808812,3.8938934,0.77133402,3.1225594,-1.2461824,-1.5345609,-1.4190382,-1.5304784,-1.3304485,-1.2461824,-1.325056,-1.4558549,-1.325056,-1.4882418,6,7,3,7,3,6,8,4,6,4,7,5,3,7,6,7,7,5,6,4,-2.5210523,0.018348704,2.4341735,0.04466393,2.3895096
-17.56811,0.89780779,0.61073741,1,3,0,18.108802,0.10405034,3.7630389,0.39154548,3.3714934,-1.2795019,-1.6255376,-1.3225948,-1.4320889,-1.3516029,-1.2795019,-1.3368178,-1.4041964,-1.3368178,-1.2208653,6,6,6,6,3,7,7,8,3,4,4,5,2,5,3,6,5,6,6,2,-2.9310596,0.62515598,4.4470575,2.7801046,1.6669529
-17.700881,0.95351339,0.79714232,1,3,0,19.195432,0.49030771,2.4694172,1.2107743,1.2586429,-1.4204379,-1.407002,-1.7750211,-2.0923107,-1.4013418,-1.4204379,-1.4228282,-1.7400109,-1.4228282,-2.3023869,6,6,6,7,2,7,7,7,4,2,4,4,1,6,5,6,7,6,3,3,-0.81358704,0.4218176,1.9077413,0.80471885,1.1030224
-17.700881,0.15627045,1.1906448,1,1,0,18.453264,0.49030771,2.4694172,1.2107743,1.2586429,-1.4204379,-1.407002,-1.7750211,-2.0923107,-1.4013418,-1.4204379,-1.4228282,-1.7400109,-1.4228282,-2.3023869,7,6,1,6,8,6,3,5,4,2,5,6,5,7,2,7,8,7,3,3,-0.81358704,0.18252234,1.8207043,0.33231921,1.4883851
-16.715663,0.99889599,0.24586453,3,7,0,18.364946,0.26863555,1.6272452,0.43713591,1.1901093,-1.3520837,-1.5541869,-1.5220062,-1.6731554,-1.4335521,-1.3520837,-1.4351255,-1.5762143,-1.4351255,-1.6085266,7,6,3,8,5,7,6,5,3,2,4,6,2,5,4,4,4,7,3,4,-0.63324871,0.6607629,2.8249572,1.8666269,0.95833031
-16.887101,0.96414755,0.41157646,3,7,0,17.44619,0.13484958,2.9834376,0.4023153,2.5811223,-1.2884764,-1.6040057,-1.3629255,-1.4774824,-1.3667883,-1.2884764,-1.3555464,-1.4388461,-1.3555464,-1.2981943,2,5,4,5,3,6,5,5,4,2,7,7,2,7,3,5,6,7,6,2,-1.9954418,0.19952742,7.6735591,1.5310854,6.1424737
-16.397265,1,0.62830084,2,3,0,16.808846,0.24377399,2.0801474,0.50708582,1.5730615,-1.3138472,-1.5433513,-1.4872178,-1.6249011,-1.3971906,-1.3138472,-1.396626,-1.5353292,-1.396626,-1.5693517,7,7,2,5,4,4,5,8,5,3,6,6,3,4,6,6,6,5,6,2,-0.86048701,0.19316312,1.5178331,0.29318938,1.2246438
-16.397265,0.74332168,1.0398738,1,3,0,16.676674,0.24377399,2.0801474,0.50708582,1.5730615,-1.3138472,-1.5433513,-1.4872178,-1.6249011,-1.3971906,-1.3138472,-1.396626,-1.5353292,-1.396626,-1.5693517,8,6,2,6,4,6,4,6,4,3,5,7,3,6,5,6,5,6,6,5,-0.86048701,0.69469399,5.0726804,3.5239606,1.5487198
-16.397265,0.0063048991,0.92166715,1,1,0,17.638477,0.24377399,2.0801474,0.50708582,1.5730615,-1.3138472,-1.5433513,-1.4872178,-1.6249011,-1.3971906,-1.3138472,-1.396626,-1.5353292,-1.396626,-1.5693517,7,6,4,6,2,7,2,7,3,2,7,7,3,5,6,6,7,6,4,3,-0.86048701,0.50420906,4.300099,2.1681489,2.1319501
-16.528167,0.99847355,0.14065774,3,11,0,16.529183,0.2578489,3.2415434,0.8358284,2.405715,-1.2611933,-1.4981881,-1.4900071,-1.6212832,-1.3429688,-1.2611933,-1.3437586,-1.5096154,-1.3437586,-1.6486114,7,5,5,8,4,6,3,8,3,7,4,8,1,4,4,5,6,5,7,3,-1.7300548,0.75301251,2.9147754,2.1948624,0.71991305
-17.77395,0.97934846,0.23185594,3,7,0,17.899711,0.078035938,1.9617288,0.15308534,1.8086434,-1.3629034,-1.6780768,-1.338231,-1.4743939,-1.430834,-1.3629034,-1.4159149,-1.4585526,-1.4159149,-1.1377773,8,7,2,8,2,6,7,7,4,4,7,5,2,2,4,3,4,6,8,1,-1.7404395,0.68690026,6.1997311,4.2585969,1.9411342
-18.349866,0.9283118,0.3628546,2,7,0,18.858246,0.10035503,5.0102574,0.50280454,4.5074529,-1.2596085,-1.6221843,-1.3082684,-1.4107089,-1.3303612,-1.2596085,-1.3145122,-1.3828178,-1.3145122,-1.2169627,7,4,5,8,4,8,2,7,1,5,4,8,1,5,5,6,5,6,7,1,-4.1370124,0.77952909,1.879837,1.4653877,0.41444938
-17.879075,0.95577576,0.50086974,2,7,0,20.414582,0.50815754,2.3470987,1.1926959,1.1544028,-1.4454312,-1.4078289,-1.7967025,-2.1353646,-1.4125254,-1.4454312,-1.4351177,-1.7613791,-1.4351177,-2.3458028,7,4,6,5,2,7,4,7,2,5,6,4,5,7,6,7,5,7,3,2,-0.72499344,0.51281967,2.8055021,1.4387166,1.3667854
-17.072639,1,0.73381482,1,1,0,17.740383,0.42548978,2.1711199,0.92378935,1.2473306,-1.3733091,-1.4446323,-1.6896293,-1.9285849,-1.402611,-1.3733091,-1.4182348,-1.676307,-1.4182348,-2.0827722,3,4,5,7,7,8,1,5,6,4,7,7,3,6,5,3,6,7,6,2,-0.63150625,0.12275026,1.4176569,0.17401776,1.2436391
-16.673651,1,1.1848219,1,1,0,17.162132,0.2146431,1.7178458,0.36872374,1.349122,-1.3431917,-1.5811464,-1.4677176,-1.6062212,-1.4276723,-1.3431917,-1.42464,-1.5384838,-1.42464,-1.4756686,7,7,4,4,7,7,1,2,4,5,7,5,3,8,8,5,7,7,2,1,-0.80175287,0.24752222,1.1021539,0.27280758,0.82934633
-16.673651,5.594922e-18,1.901198,1,2,1,16.901911,0.2146431,1.7178458,0.36872374,1.349122,-1.3431917,-1.5811464,-1.4677176,-1.6062212,-1.4276723,-1.3431917,-1.42464,-1.5384838,-1.42464,-1.4756686,8,5,4,8,5,7,4,8,4,1,7,8,3,7,2,5,4,7,3,2,-0.80175287,0.81962561,1.9271779,1.5795644,0.34761354
-16.616519,1,0.30957126,1,1,0,16.679794,0.21689855,1.7741199,0.38480403,1.3893159,-1.3380063,-1.5764196,-1.4680834,-1.6057407,-1.422456,-1.3380063,-1.4195893,-1.5360089,-1.4195893,-1.4842258,6,8,8,5,7,6,4,7,5,5,6,6,4,5,4,5,4,4,3,2,-0.80887947,0.19293091,1.0505428,0.20268217,0.84786059
-18.20543,0.81442175,0.49790181,2,3,0,18.338672,0.20596113,6.0049007,1.2367761,4.7681246,-1.2127823,-1.5102961,-1.4194678,-1.5240644,-1.2972863,-1.2127823,-1.2924049,-1.4385043,-1.2924049,-1.5325364,5,8,3,3,2,6,6,7,2,2,8,7,3,7,3,7,7,8,3,4,-4.4547856,0.061489846,1.7249982,0.10606987,1.6189283
-16.709253,0.88019938,0.52395798,1,3,0,19.083288,0.30243987,1.6728403,0.5059336,1.1669067,-1.3526394,-1.5325122,-1.554595,-1.7159119,-1.4290256,-1.3526394,-1.433481,-1.595197,-1.433481,-1.6998471,8,5,5,8,3,8,4,7,6,3,6,8,2,6,3,5,5,4,2,3,-0.56840744,0.93779584,3.4985932,3.2809662,0.21762707
-16.567219,0.88346517,0.63844963,2,3,0,17.086069,0.28576689,3.2357301,0.92466453,2.3110655,-1.2649682,-1.4790961,-1.5221912,-1.6648908,-1.3425988,-1.2649682,-1.3461923,-1.5311716,-1.3461923,-1.7297392,7,4,2,8,3,5,4,8,5,6,6,3,6,6,4,5,4,5,3,6,-1.6603399,0.59227756,1.2056691,0.71409076,0.49157834
-16.567219,0.27960541,0.7816997,2,3,0,17.877763,0.28576689,3.2357301,0.92466453,2.3110655,-1.2649682,-1.4790961,-1.5221912,-1.6648908,-1.3425988,-1.2649682,-1.3461923,-1.5311716,-1.3461923,-1.7297392,8,6,5,8,6,4,6,5,3,2,6,6,3,6,5,7,3,5,5,2,-1.6603399,0.12800932,1.377363,0.17631529,1.2010477
-16.887167,0.95426177,0.25088079,3,7,0,18.316169,0.15799545,3.4791477,0.54968952,2.9294582,-1.2655376,-1.5754673,-1.379799,-1.4898438,-1.3469117,-1.2655376,-1.3376031,-1.4389288,-1.3376031,-1.3685506,8,3,3,7,3,4,7,2,4,3,6,6,4,7,5,6,3,4,3,1,-2.311013,0.38999491,1.7937294,0.69954536,1.0941841
-16.533419,0.99881803,0.36000484,2,7,0,16.934995,0.19342769,2.0128738,0.38934552,1.6235283,-1.3219475,-1.5811038,-1.4390668,-1.5693474,-1.4060484,-1.3219475,-1.4009794,-1.5089116,-1.4009794,-1.4333463,8,7,4,7,4,8,5,8,4,3,7,6,3,4,6,6,7,6,7,3,-0.99149093,0.53877969,1.9210918,1.0350453,0.88604656
-16.639714,0.98151855,0.56701561,2,3,0,16.948974,0.17068036,3.0359676,0.51818002,2.5177875,-1.2757599,-1.5709452,-1.3979126,-1.5126486,-1.3584335,-1.2757599,-1.3506069,-1.4569835,-1.3506069,-1.3973837,6,5,5,5,6,6,5,4,7,4,6,7,3,4,1,8,7,4,5,4,-1.8480915,0.252269,3.0932443,0.78032967,2.3129147
-16.639714,0.0067254103,0.85550616,1,1,0,18.699951,0.17068036,3.0359676,0.51818002,2.5177875,-1.2757599,-1.5709452,-1.3979126,-1.5126486,-1.3584335,-1.2757599,-1.3506069,-1.4569835,-1.3506069,-1.3973837,6,8,5,8,3,8,3,8,7,2,4,5,3,5,4,8,8,4,7,2,-1.8480915,0.38071159,2.1082133,0.80262122,1.3055921
-17.401199,0.98803842,0.15610929,4,15,0,17.834198,0.37681616,4.0322156,1.519404,2.5128116,-1.2807811,-1.408913,-1.6349368,-1.8383633,-1.3279219,-1.2807811,-1.3409942,-1.6035324,-1.3409942,-2.0288509,8,5,8,6,4,8,2,5,5,2,6,7,3,7,4,6,8,6,5,4,-2.2605349,0.73913337,1.8473038,1.3654039,0.48189992
-18.615722,0.9606645,0.23945126,2,3,0,18.760053,0.47285981,4.5348161,2.1443323,2.3904839,-1.3581254,-1.3569106,-1.7702173,-2.0928581,-1.3388111,-1.3581254,-1.361394,-1.7112418,-1.361394,-2.3537878,8,6,2,5,5,4,5,7,6,3,5,6,4,5,5,6,4,8,5,5,-2.6753958,0.4916264,2.8928199,1.4221866,1.4706333
-19.349403,0.96701981,0.34471523,2,3,0,19.642717,0.44734981,5.9908266,2.6799951,3.3108314,-1.3149822,-1.3498377,-1.7394788,-2.0332087,-1.3131983,-1.3149822,-1.3342158,-1.6764354,-1.3342158,-2.3027484,5,5,6,8,5,6,5,7,6,4,7,7,5,6,3,8,3,7,4,3,-4.0288845,0.23239466,2.4230969,0.56311479,1.8599821
-17.753787,1,0.50092822,2,3,0,19.217131,0.30767053,1.1256897,0.34634154,0.77934817,-1.4229022,-1.5856959,-1.5763405,-1.7485713,-1.5004987,-1.4229022,-1.5047895,-1.6439162,-1.5047895,-1.6558332,7,4,5,6,4,8,2,7,8,1,5,7,3,8,6,3,6,6,4,5,-0.75952493,0.398171,0.63138497,0.25139918,0.37998579
-17.428106,0.74538291,0.77724394,2,3,0,18.575199,0.088884512,2.3774546,0.21131889,2.1661357,-1.3333955,-1.65824,-1.3332468,-1.4599837,-1.4031566,-1.3333955,-1.3884101,-1.4399392,-1.3884101,-1.1691138,6,3,3,5,5,7,7,6,3,5,5,3,4,7,5,8,6,7,7,3,-1.8733425,0.25315167,1.3587707,0.34397506,1.0147956
-19.464929,0.74320759,0.70257763,2,3,0,19.791897,0.030412466,3.1084707,0.094536258,3.0139344,-1.340025,-1.7118736,-1.2653732,-1.3951229,-1.3915614,-1.340025,-1.3707076,-1.3895332,-1.3707076,-1.0194595,8,5,3,6,5,6,6,5,3,2,5,6,2,8,5,4,5,6,8,1,-3.4808832,0.55261602,4.2155484,2.3295796,1.8859688
-18.09475,0.55802152,0.63284556,2,3,0,20.904774,0.067331679,1.8597155,0.12521776,1.7344977,-1.375493,-1.690838,-1.3340477,-1.4744191,-1.4410499,-1.375493,-1.4254938,-1.4616127,-1.4254938,-1.1105394,6,4,2,8,5,7,3,7,3,5,5,5,4,6,2,7,4,4,2,2,-1.8328629,0.69480478,1.8042185,1.2535796,0.55063886
-17.412105,1,0.38817472,3,7,0,18.342187,0.38469146,1.373898,0.52852682,0.84537116,-1.4118165,-1.5230388,-1.6434717,-1.8458434,-1.4676784,-1.4118165,-1.478279,-1.6725531,-1.478279,-1.8814128,5,8,5,5,3,6,6,5,7,2,8,3,1,6,3,6,4,7,4,3,-0.47462229,0.20455067,3.9005279,0.7978556,3.1026723
-17.519942,0.99152553,0.59733066,1,1,0,17.808185,0.40696798,1.3819279,0.56240041,0.81952752,-1.4221816,-1.5140169,-1.6665488,-1.8826071,-1.4693205,-1.4221816,-1.4816261,-1.6890447,-1.4816261,-1.9403934,8,6,4,8,6,6,3,7,6,8,7,6,7,8,6,5,3,3,4,2,-0.45234739,0.49395355,0.79503308,0.39270941,0.40232367
-17.519942,0.001520534,0.89916537,2,3,0,20.040064,0.40696798,1.3819279,0.56240041,0.81952752,-1.4221816,-1.5140169,-1.6665488,-1.8826071,-1.4693205,-1.4221816,-1.4816261,-1.6890447,-1.4816261,-1.9403934,5,7,1,6,4,8,6,6,3,2,6,5,3,4,7,8,6,6,1,3,-0.45234739,0.43448132,2.5130415,1.0918696,1.4211719
-17.44244,1,0.17741169,2,3,0,17.554951,0.39393691,1.3841972,0.54528637,0.83891084,-1.4150804,-1.5184384,-1.652925,-1.8607885,-1.4673971,-1.4150804,-1.4787271,-1.6788531,-1.4787271,-1.9068318,6,5,4,8,5,6,6,4,5,3,3,6,2,8,4,6,3,6,6,2,-0.46237544,0.079149574,2.3874418,0.188965,2.1984768
-18.3931,0.93484516,0.27222163,2,7,0,19.113788,0.26920684,0.95358352,0.25671121,0.69687231,-1.4518232,-1.6294725,-1.5546239,-1.7233662,-1.5348956,-1.4518232,-1.5362428,-1.6472881,-1.5362428,-1.5442893,5,5,3,8,4,6,4,6,2,2,6,4,2,5,4,6,7,5,6,1,-1.1096039,0.4236707,1.7841846,0.75590675,1.0282779
-18.613799,0.98698221,0.36439478,2,3,0,19.028333,0.22862098,0.92009103,0.21035212,0.70973892,-1.4589786,-1.6539513,-1.525892,-1.6911345,-1.5440976,-1.4589786,-1.5426184,-1.6344962,-1.5426184,-1.4507848,8,4,5,7,4,6,1,7,6,4,8,4,4,7,5,6,6,3,5,4,-1.291701,0.60898181,2.5896343,1.5770402,1.0125941
-19.431182,0.94250088,0.54024644,2,3,0,19.494752,0.38278574,6.9798505,2.6717872,4.3080633,-1.2504359,-1.3746628,-1.6483179,-1.8626037,-1.2910982,-1.2504359,-1.3058275,-1.59688,-1.3058275,-2.1010218,7,6,7,7,2,7,3,6,5,3,7,6,6,6,2,7,5,6,4,3,-4.9442799,0.57165134,1.7714868,1.0126728,0.758814
-20.24709,0.89641835,0.72963481,2,3,0,20.398239,0.18392735,9.0040881,1.6560981,7.34799,-1.1956851,-1.5208372,-1.3881474,-1.4823873,-1.2794379,-1.1956851,-1.2718184,-1.407782,-1.2718184,-1.4792967,7,3,7,7,5,6,7,8,5,4,7,5,5,7,4,4,5,6,7,4,-7.0554071,0.31385659,1.3653847,0.42853498,0.93684969
-17.037683,1,0.89605263,1,1,0,17.552176,0.21802573,1.438324,0.31359165,1.1247324,-1.3723324,-1.5983665,-1.4815624,-1.6272019,-1.4569095,-1.3723324,-1.4543156,-1.5623744,-1.4543156,-1.4684265,7,7,4,5,5,7,4,8,5,4,8,6,2,4,6,8,5,5,5,2,-0.78394888,0.53468339,1.6254449,0.86909838,0.7563465
-17.037683,0.00016946747,1.349211,1,3,1,18.064957,0.21802573,1.438324,0.31359165,1.1247324,-1.3723324,-1.5983665,-1.4815624,-1.6272019,-1.4569095,-1.3723324,-1.4543156,-1.5623744,-1.4543156,-1.4684265,8,6,3,8,4,8,6,7,4,3,5,4,2,6,3,3,4,7,4,1,-0.78394888,0.81893149,1.5562489,1.2744612,0.28178766
-16.375076,0.98102978,0.28002012,3,7,0,17.799047,0.21816409,2.5942363,0.56596919,2.0282671,-1.2859739,-1.5428358,-1.4527469,-1.5784539,-1.3703138,-1.2859739,-1.3672645,-1.4990078,-1.3672645,-1.5186221,4,2,6,8,2,7,5,5,5,5,6,5,2,7,4,7,5,6,6,2,-1.2912931,0.7686914,1.5759681,1.2114331,0.36453498
-16.375721,0.99462153,0.40680328,3,7,0,16.510479,0.21921405,2.6185229,0.57401701,2.0445058,-1.2847838,-1.5413727,-1.4535192,-1.5791709,-1.3691053,-1.2847838,-1.3661499,-1.4988829,-1.3661499,-1.5222283,8,4,3,5,6,5,5,5,5,4,7,6,2,8,5,6,4,6,6,3,-1.3070239,0.70629695,3.2821643,2.3181826,0.96398168
-16.430551,0.98494658,0.60474864,2,3,0,16.454139,0.29656844,2.7326897,0.81042953,1.9222602,-1.2852904,-1.4853673,-1.5370688,-1.6872552,-1.3611641,-1.2852904,-1.3656732,-1.5504094,-1.3656732,-1.7439412,8,7,2,6,5,5,4,5,5,4,6,7,5,6,5,4,4,8,7,3,-1.201442,0.29483534,5.4819027,1.6162587,3.8656441
-16.430551,5.9941001e-05,0.87887247,1,1,0,21.505503,0.29656844,2.7326897,0.81042953,1.9222602,-1.2852904,-1.4853673,-1.5370688,-1.6872552,-1.3611641,-1.2852904,-1.3656732,-1.5504094,-1.3656732,-1.7439412,6,6,6,7,4,7,3,8,2,2,5,6,2,7,7,6,3,5,4,1,-1.201442,0.29469281,1.599299,0.47130193,1.1279971
-16.528248,0.99360971,0.18816287,3,7,0,16.755111,0.27862727,3.1748741,0.8846065,2.2902676,-1.2656916,-1.4852331,-1.5141706,-1.6539863,-1.3446007,-1.2656916,-1.3474672,-1.5267218,-1.3474672,-1.7071153,8,7,3,6,3,8,5,8,5,2,7,5,2,6,4,6,4,6,6,2,-1.6208908,0.18122258,2.5428794,0.46082717,2.0820522
-16.921055,0.98595801,0.27857538,3,15,0,17.036839,0.17582905,1.6314678,0.28685943,1.3446083,-1.356722,-1.6126258,-1.4356437,-1.5729198,-1.4399964,-1.356722,-1.4337584,-1.524722,-1.4337584,-1.3739535,8,7,1,8,4,7,4,6,5,2,5,7,4,7,4,2,7,7,5,3,-0.9380929,0.69926229,3.5504147,2.4826711,1.0677436
-16.638968,0.90089821,0.40491942,1,3,0,17.946417,0.20609955,3.4026459,0.7012838,2.7013621,-1.2576314,-1.5348231,-1.4313921,-1.5475366,-1.3420266,-1.2576314,-1.3375747,-1.470154,-1.3375747,-1.5034205,6,5,4,5,2,6,5,6,6,4,6,6,3,6,6,7,4,6,3,4,-2.0335634,0.2056312,1.6008469,0.32918408,1.2716628
-16.853516,0.92857354,0.49839118,3,7,0,17.990123,0.17248449,3.5916738,0.61950804,2.9721658,-1.2586383,-1.5608567,-1.3938082,-1.5039245,-1.3414494,-1.2586383,-1.3335401,-1.445133,-1.3335401,-1.4108514,4,6,4,6,4,4,6,4,5,1,5,5,2,7,4,6,6,6,5,2,-2.3449786,0.17519716,1.7154793,0.30054709,1.4149322
-16.600473,0.97032342,0.6454195,2,3,0,17.196461,0.27942577,1.7508898,0.48924373,1.2616461,-1.3417179,-1.5395819,-1.5297601,-1.6820915,-1.421668,-1.3417179,-1.424207,-1.5753317,-1.424207,-1.6453175,8,8,4,7,4,6,4,4,6,4,7,6,3,5,4,7,8,5,2,3,-0.63227173,0.38738785,2.568031,0.99482401,1.573207
-16.600473,0.083812873,0.90259294,1,1,0,18.543374,0.27942577,1.7508898,0.48924373,1.2616461,-1.3417179,-1.5395819,-1.5297601,-1.6820915,-1.421668,-1.3417179,-1.424207,-1.5753317,-1.424207,-1.6453175,8,4,7,7,4,8,5,7,3,2,5,5,6,5,5,4,5,6,3,1,-0.63227173,0.47398607,1.1952922,0.56655184,0.62874033
-17.123903,0.99098141,0.23580904,3,7,0,17.519641,0.39630188,1.6375484,0.64896353,0.98858492,-1.3908094,-1.4926761,-1.6541968,-1.8648724,-1.4393737,-1.3908094,-1.4515132,-1.6672081,-1.4515132,-1.9464215,7,6,5,6,2,6,6,3,4,2,5,5,2,7,3,7,5,6,4,4,-0.43744973,0.085842368,0.91012392,0.078127192,0.83199673
-16.918137,0.99335087,0.34330211,2,7,0,17.737473,0.13684578,3.1408013,0.4298054,2.7109959,-1.2824715,-1.5997597,-1.3625601,-1.4754316,-1.3610473,-1.2824715,-1.3498765,-1.4354503,-1.3498765,-1.3056363,5,6,6,8,2,8,5,8,4,3,7,3,4,5,3,7,6,5,5,2,-2.1219714,0.72454365,1.3813553,1.0008522,0.38050307
-16.391597,0.98308784,0.50035021,2,5,0,17.587883,0.2526514,2.8394241,0.71738448,2.1220396,-1.2750491,-1.5112522,-1.4870496,-1.6193055,-1.3574516,-1.2750491,-1.357711,-1.5149896,-1.357711,-1.6224237,6,6,3,8,2,8,4,6,4,5,5,5,5,8,2,8,2,6,8,2,-1.3902374,0.75204678,3.1358752,2.3583249,0.77755036
-16.752861,0.78612253,0.71306149,2,3,0,17.023367,0.33119503,1.709603,0.56621203,1.143391,-1.3566437,-1.5153393,-1.5836975,-1.7567807,-1.4265786,-1.3566437,-1.4334982,-1.6133085,-1.4334982,-1.7789925,5,6,6,7,5,7,3,8,6,3,5,7,4,7,4,3,7,7,5,5,-0.52683014,0.56480663,2.0601887,1.1636082,0.89658046
-16.354454,0.99970748,0.70280385,2,3,0,16.666232,0.23752263,2.6308254,0.62488058,2.0059449,-1.2835289,-1.5276938,-1.4727107,-1.6024299,-1.3671423,-1.2835289,-1.3659423,-1.5104558,-1.3659423,-1.5733808,8,3,3,5,6,8,5,2,4,3,4,7,3,7,7,5,5,4,2,4,-1.2603213,0.35081347,0.99100011,0.34765619,0.64334392
-18.687067,0.39242201,1.0281476,2,3,0,19.126534,0.045928119,2.0145205,0.092523135,1.9219973,-1.3767117,-1.7075712,-1.3101541,-1.4517477,-1.4359893,-1.3767117,-1.4183667,-1.4436366,-1.4183667,-1.0582872,7,6,2,4,5,5,4,6,7,6,4,5,3,6,6,8,6,7,7,1,-2.2622117,0.32316623,1.7975322,0.58090168,1.2166305
-18.042941,0.93322279,0.49017065,2,3,0,19.639303,0.071269081,3.4677533,0.24714359,3.2206097,-1.3040928,-1.6631311,-1.2953167,-1.4120382,-1.3680514,-1.3040928,-1.3504113,-1.3956838,-1.3504113,-1.12943,5,5,5,5,3,6,5,6,3,1,5,6,3,6,7,2,3,5,6,1,-2.9985594,0.13927024,2.0531449,0.28594198,1.767203
-18.546186,0.88992042,0.63368004,1,1,0,18.688332,0.060980269,3.9399954,0.24026198,3.6997334,-1.2997772,-1.6719337,-1.2795931,-1.3946419,-1.3602391,-1.2997772,-1.3412281,-1.380941,-1.3412281,-1.1030915,8,8,7,7,4,8,4,4,5,6,7,6,4,4,6,5,4,6,3,2,-3.584791,0.68586051,3.4289787,2.3518011,1.0771776
-17.931553,1,0.75529456,1,1,0,18.681524,0.079580766,3.6326639,0.28909018,3.3435737,-1.2953149,-1.6527932,-1.3007584,-1.4146072,-1.3614286,-1.2953149,-1.3444119,-1.3954801,-1.3444119,-1.1527966,7,5,1,4,4,6,5,5,5,3,4,7,5,4,7,6,6,8,6,1,-3.050293,0.13338341,2.9065362,0.3876837,2.5188525
-17.931553,2.5511168e-25,4.3923819,1,1,0,19.827303,0.079580766,3.6326639,0.28909018,3.3435737,-1.2953149,-1.6527932,-1.3007584,-1.4146072,-1.3614286,-1.2953149,-1.3444119,-1.3954801,-1.3444119,-1.1527966,5,5,2,5,5,4,6,6,5,2,5,5,4,7,3,7,7,6,5,4,-3.050293,0.19865544,2.0623429,0.40969563,1.6526473
-17.931553,0,10.256496,0,1,1,19.010449,0.079580766,3.6326639,0.28909018,3.3435737,-1.2953149,-1.6527932,-1.3007584,-1.4146072,-1.3614286,-1.2953149,-1.3444119,-1.3954801,-1.3444119,-1.1527966,5,3,5,4,3,4,3,8,4,2,4,5,4,4,6,6,4,5,6,2,-3.050293,0.30644077,5.2984896,1.6236732,3.6748164
-16.682591,1,1.0112838,2,3,0,18.27069,0.18736733,1.8147627,0.34002725,1.4747355,-1.3380666,-1.5945481,-1.4391943,-1.5728209,-1.4219462,-1.3380666,-1.4165,-1.5173912,-1.4165,-1.4103121,5,7,5,7,4,5,5,6,4,4,7,5,5,6,6,7,4,3,5,2,-0.9310397,0.4662538,5.665601,2.641608,3.023993
-19.131366,0.65180845,1.0532554,1,3,0,20.045529,0.063088002,1.2538407,0.079102302,1.1747384,-1.438444,-1.7205406,-1.3709068,-1.5303181,-1.5052596,-1.438444,-1.4912064,-1.5202264,-1.4912064,-1.0979424,7,4,3,8,5,7,4,6,4,3,8,3,3,5,6,8,4,2,6,2,-1.9246919,0.73733559,2.269411,1.6733175,0.59609351
-17.169091,0.99760203,0.52679296,3,7,0,19.823853,0.24276942,4.4631346,1.0835126,3.379622,-1.2315961,-1.4910561,-1.4671756,-1.5873958,-1.3147382,-1.2315961,-1.3139678,-1.4798182,-1.3139678,-1.6276179,7,7,4,8,5,8,5,6,6,2,4,7,1,6,3,5,6,5,6,4,-2.9122818,0.18043202,2.9365714,0.52985151,2.4067199
-16.40113,0.92949718,0.78331277,2,7,0,18.089842,0.28802157,2.1646533,0.62346684,1.5411865,-1.3124719,-1.5119375,-1.532217,-1.6827799,-1.3905443,-1.3124719,-1.3940242,-1.5615762,-1.3940242,-1.6936784,6,5,4,7,4,4,4,5,6,3,6,5,5,5,3,7,4,6,6,3,-0.80323743,0.36602312,2.7208546,0.9958957,1.7249589
-16.64129,0.89494106,1.0446065,1,3,0,17.098386,0.15823317,2.7278374,0.43163437,2.2962031,-1.2907398,-1.5876921,-1.3899602,-1.5074457,-1.372229,-1.2907398,-1.3634014,-1.4592897,-1.3634014,-1.3578341,5,7,7,7,6,8,6,8,6,2,7,3,3,6,6,8,3,5,4,5,-1.6461279,0.33158743,2.7531152,0.91289839,1.8402168
-16.678426,0.49292593,1.3193558,2,3,0,18.385783,0.36399693,2.583553,0.94040536,1.6431477,-1.3155839,-1.4528491,-1.6164918,-1.8069179,-1.3718207,-1.3155839,-1.3826018,-1.6102871,-1.3826018,-1.9322421,7,3,4,7,3,8,2,8,6,5,8,6,3,8,5,7,6,6,4,5,-0.97745006,0.59592921,2.1118195,1.2584949,0.85332459
-16.984566,0.97120263,0.485908,3,7,0,17.620354,0.35678319,3.5176795,1.2550489,2.2626306,-1.2810417,-1.4297733,-1.6082145,-1.7939522,-1.3378952,-1.2810417,-1.3486893,-1.5888048,-1.3486893,-1.9509623,8,6,5,8,5,8,4,6,1,4,5,5,3,8,4,6,7,4,8,2,-1.8014029,0.51097169,1.8171472,0.92851077,0.88863641
-16.433453,1,0.8163777,2,3,0,16.981694,0.19515529,2.3883089,0.46609112,1.9222178,-1.2987632,-1.5662941,-1.4325319,-1.5571407,-1.3829009,-1.2987632,-1.3777613,-1.4924871,-1.3777613,-1.4499177,8,7,3,8,5,8,5,7,3,5,5,6,1,5,5,6,7,5,6,1,-1.2186518,0.7947193,3.307605,2.6286175,0.67898747
-16.79239,0.88886068,1.5281319,1,1,0,16.800895,0.13980163,2.2251269,0.31107637,1.9140505,-1.3210354,-1.6158663,-1.3831317,-1.5078699,-1.4003861,-1.3210354,-1.3903311,-1.4702189,-1.3903311,-1.299151,8,5,6,8,3,8,4,8,5,5,5,8,3,6,5,5,7,7,5,5,-1.3747244,0.59802349,1.9640018,1.1745192,0.78948259
-16.894582,0.86214752,2.0310223,1,1,0,17.150592,0.14672029,3.3034674,0.4846857,2.8187817,-1.2740463,-1.5882401,-1.370283,-1.4815451,-1.354026,-1.2740463,-1.3437039,-1.4366122,-1.3437039,-1.3348957,6,2,5,8,2,7,7,5,6,4,6,7,5,6,5,5,4,5,6,1,-2.2105572,0.62181945,1.543039,0.95949164,0.58354733
-16.356676,1,2.4930454,1,1,0,16.427593,0.27710189,2.3771767,0.65872016,1.7184565,-1.2985789,-1.5096848,-1.5181141,-1.6626317,-1.3781858,-1.2985789,-1.3807281,-1.5460779,-1.3807281,-1.6739256,5,5,5,5,5,6,3,8,4,4,7,5,4,6,4,7,5,7,6,3,-0.96749882,0.46554368,1.742481,0.811201,0.93127997
-16.356676,1.3102661e-32,4.7267597,1,1,0,16.821333,0.27710189,2.3771767,0.65872016,1.7184565,-1.2985789,-1.5096848,-1.5181141,-1.6626317,-1.3781858,-1.2985789,-1.3807281,-1.5460779,-1.3807281,-1.6739256,8,3,3,4,1,6,5,8,5,2,4,6,3,5,4,8,6,7,4,3,-0.96749882,0.18599761,0.87336486,0.16244378,0.71092108
-16.959011,0.9855244,0.39496473,3,7,0,16.986264,0.28750494,4.0057839,1.1516827,2.8541012,-1.2454039,-1.4638301,-1.5219202,-1.6626667,-1.3223765,-1.2454039,-1.3262967,-1.5209841,-1.3262967,-1.7538892,8,3,3,8,1,6,6,7,3,3,6,8,2,8,4,8,2,7,5,2,-2.3721851,0.7264535,4.6082963,3.3477129,1.2605833
-17.215384,0.93452174,0.72294349,2,5,0,18.052641,0.10747662,2.0508019,0.22041325,1.8303886,-1.3436718,-1.648942,-1.3596584,-1.4898668,-1.4178025,-1.3436718,-1.4051745,-1.4648738,-1.4051745,-1.2128887,8,4,3,8,4,6,3,5,4,6,6,7,6,5,1,6,4,6,4,4,-1.4977056,0.71128613,7.0991729,5.0495432,2.0496297
-17.833066,0.8195367,1.125175,2,3,0,18.725273,0.36072038,4.8767568,1.7591456,3.1176112,-1.2574345,-1.4056183,-1.6149891,-1.805133,-1.3108093,-1.2574345,-1.3226158,-1.5812123,-1.3226158,-1.9980901,4,4,2,8,3,8,6,6,5,4,4,7,5,5,6,5,4,7,5,1,-3.0745276,0.5566881,2.0201769,1.1246084,0.89556846
-17.92044,0.95981946,1.2271887,1,1,0,18.546548,0.37079976,4.9071287,1.8195621,3.0875665,-1.2628594,-1.3995134,-1.6285569,-1.8278953,-1.3115896,-1.2628594,-1.3244511,-1.5914713,-1.3244511,-2.0308001,7,6,5,6,5,7,6,4,7,4,7,5,2,8,1,5,8,6,5,3,-3.0912822,0.16681962,2.1995151,0.36692227,1.8325928
-17.92044,0.069502821,2.0478874,2,3,0,18.337353,0.37079976,4.9071287,1.8195621,3.0875665,-1.2628594,-1.3995134,-1.6285569,-1.8278953,-1.3115896,-1.2628594,-1.3244511,-1.5914713,-1.3244511,-2.0308001,7,4,4,6,3,7,5,7,5,5,6,7,6,5,4,6,3,7,6,5,-3.0912822,0.67975725,3.1788165,2.1608236,1.0179929
-17.840727,1,0.23350234,1,1,0,17.922188,0.36945854,4.8011084,1.7738105,3.0272979,-1.2635344,-1.4015672,-1.6265788,-1.8245243,-1.3130253,-1.2635344,-1.3257077,-1.5906759,-1.3257077,-2.0243538,6,6,5,6,3,7,5,8,7,2,6,6,2,6,3,8,6,7,5,2,-2.9934715,0.74538801,1.7220459,1.2835923,0.43845353
-18.529865,0.94331854,0.44253965,4,15,0,20.334816,0.14414123,1.0385835,0.1497027,0.88888081,-1.4454401,-1.6828913,-1.4504112,-1.6090791,-1.5265163,-1.4454401,-1.5189176,-1.5799536,-1.5189176,-1.274235,6,5,6,7,4,6,5,7,3,4,5,4,2,4,5,4,6,6,6,3,-1.4233097,0.45406831,1.314487,0.5968669,0.71762012
-17.18174,1,0.70252866,2,3,0,18.827286,0.40126654,3.3122143,1.3290808,1.9831335,-1.3132895,-1.4119442,-1.664898,-1.8891749,-1.3497112,-1.3132895,-1.3646499,-1.6351896,-1.3646499,-2.079796,8,5,4,6,2,2,4,6,3,2,8,6,3,6,6,7,2,6,7,4,-1.5666964,0.59959366,1.3760612,0.82507757,0.55098363
-17.18174,0.17678181,1.3075949,1,1,0,19.237505,0.40126654,3.3122143,1.3290808,1.9831335,-1.3132895,-1.4119442,-1.664898,-1.8891749,-1.3497112,-1.3132895,-1.3646499,-1.6351896,-1.3646499,-2.079796,6,5,3,7,3,8,3,6,8,4,8,5,3,7,3,7,5,5,4,2,-1.5666964,0.47722661,0.74901859,0.3574516,0.39156699
-16.361798,0.99833829,0.22017553,3,11,0,17.582736,0.22204843,2.4006221,0.53305438,1.8675677,-1.2952767,-1.5459076,-1.4595755,-1.5882909,-1.3795493,-1.2952767,-1.376921,-1.5082651,-1.376921,-1.5232092,6,3,6,8,3,7,3,8,1,3,7,6,2,3,3,6,5,6,7,3,-1.132382,0.57951085,1.6494047,0.95584791,0.69355678
-17.316815,0.92979575,0.40797036,4,15,0,19.912201,0.2369136,4.7007809,1.1136789,3.587102,-1.227522,-1.4932869,-1.4595154,-1.5768988,-1.3110974,-1.227522,-1.309692,-1.4727613,-1.309692,-1.613289,7,6,5,7,4,7,5,6,4,2,5,5,5,5,5,5,5,7,5,3,-3.1528233,0.55828477,3.305977,1.8456766,1.4603004
-17.298058,0.97236743,0.61523093,3,7,0,18.561307,0.33554151,1.3292797,0.44602852,0.8832512,-1.3989074,-1.5479818,-1.595102,-1.7736195,-1.4697203,-1.3989074,-1.4764427,-1.6412839,-1.4764427,-1.7502729,8,3,3,7,6,3,3,5,5,3,4,4,3,3,4,7,3,6,5,4,-0.55322235,0.57740585,1.7091582,0.98687794,0.72228026
-16.969755,0.8282526,1.0396718,1,3,0,19.134038,0.12118983,2.7099923,0.32842351,2.3815688,-1.3040574,-1.6213597,-1.3546626,-1.4731142,-1.3801833,-1.3040574,-1.3679105,-1.4409029,-1.3679105,-1.2578106,7,6,3,4,3,8,2,7,1,7,4,5,2,6,5,6,2,4,4,2,-1.8551484,0.77892331,0.94611465,0.73695075,0.2091639
-17.111705,0.88974308,1.1618939,2,3,0,18.019893,0.41547817,2.8879141,1.1998653,1.6880488,-1.3361858,-1.4179621,-1.6813628,-1.9171952,-1.3664062,-1.3361858,-1.382222,-1.6546084,-1.382222,-2.1028035,8,6,2,7,4,7,3,7,4,5,8,6,2,7,7,8,4,7,5,3,-1.1797996,0.73504594,2.8067929,2.0631217,0.74367115
-16.88947,1,1.5382946,2,3,0,17.041177,0.1660911,3.5931631,0.59679242,2.9963706,-1.2602399,-1.5666053,-1.3870818,-1.4966864,-1.3424678,-1.2602399,-1.3339145,-1.4412761,-1.3339145,-1.3927879,7,7,3,5,5,8,4,7,4,6,3,5,2,6,8,4,7,3,5,4,-2.3764388,0.66480781,1.3636515,0.90656614,0.45708533
-16.88947,0.0055494799,2.7487196,1,3,0,16.894217,0.1660911,3.5931631,0.59679242,2.9963706,-1.2602399,-1.5666053,-1.3870818,-1.4966864,-1.3424678,-1.2602399,-1.3339145,-1.4412761,-1.3339145,-1.3927879,5,7,6,6,2,7,5,8,6,5,7,4,2,7,2,4,5,4,6,4,-2.3764388,0.4151382,10.424622,4.3276588,6.0969631
-18.684193,0.98212834,0.31935046,3,15,0,19.18883,0.051989602,3.647283,0.18962079,3.4576622,-1.3117191,-1.6838277,-1.2751647,-1.3944423,-1.3696556,-1.3117191,-1.3500809,-1.3834164,-1.3500809,-1.077845,5,8,2,5,6,8,5,6,6,2,6,6,3,4,7,5,6,7,4,3,-3.4601219,0.21642831,1.3179397,0.28523947,1.0327003
-18.600316,1,0.54546286,3,7,0,18.951812,0.046588355,2.8827115,0.13430079,2.7484107,-1.3362982,-1.6951118,-1.283957,-1.411968,-1.3936477,-1.3362982,-1.3744926,-1.4028367,-1.3744926,-1.0616516,8,3,5,6,5,7,7,6,7,4,4,5,4,4,2,5,6,7,5,1,-2.87418,0.32533928,2.3215493,0.75529117,1.5662581
-19.943483,0.49151666,0.9690565,1,3,0,22.554076,0.10252524,0.85240408,0.087392935,0.76501114,-1.4980824,-1.7329892,-1.4466111,-1.6195858,-1.5743942,-1.4980824,-1.5646469,-1.6036001,-1.5646469,-1.1805009,2,5,2,6,6,7,7,4,3,5,5,7,2,2,4,7,5,3,4,2,-2.114832,0.21731478,2.9801116,0.6476223,2.3324893
-18.696224,0.99877973,0.43835373,3,7,0,20.197399,0.14008501,1.0074482,0.14112839,0.86631978,-1.4525936,-1.6891545,-1.4509042,-1.6113714,-1.5332985,-1.4525936,-1.5255024,-1.5838924,-1.5255024,-1.2640819,6,4,4,8,3,6,5,8,5,5,8,7,2,7,4,7,4,3,7,1,-1.498322,0.59609326,3.2769494,1.9533675,1.323582
-16.777965,0.99748699,0.7703747,3,7,0,18.836083,0.35131127,3.1396193,1.1029836,2.0366357,-1.2890656,-1.4418358,-1.601138,-1.7826267,-1.3487262,-1.2890656,-1.3587527,-1.5887949,-1.3587527,-1.9206855,7,4,5,4,2,7,2,5,5,5,8,7,3,5,5,6,6,6,4,2,-1.4637381,0.62747093,2.3661624,1.4846981,0.88146427
-16.777965,0.66196222,1.3371248,1,3,0,17.865493,0.35131127,3.1396193,1.1029836,2.0366357,-1.2890656,-1.4418358,-1.601138,-1.7826267,-1.3487262,-1.2890656,-1.3587527,-1.5887949,-1.3587527,-1.9206855,2,4,2,7,2,7,1,7,3,4,5,5,4,7,4,7,3,7,5,3,-1.4637381,0.58519953,1.3815536,0.8084845,0.57306906
-16.71663,0.94802427,0.95875287,2,3,0,17.325475,0.16181825,1.9746845,0.31953999,1.6551445,-1.3309537,-1.6064684,-1.4105816,-1.5397895,-1.4129793,-1.3309537,-1.4051534,-1.4944806,-1.4051534,-1.350156,6,5,5,3,4,4,7,6,3,2,6,6,4,6,5,7,6,3,5,2,-1.1125668,0.30702004,2.3267623,0.71436266,1.6123997
-16.959777,0.68145071,1.448845,2,3,0,17.671021,0.18245315,3.8944421,0.71055325,3.1838889,-1.249042,-1.5482307,-1.4019964,-1.511097,-1.3325919,-1.249042,-1.3255884,-1.4457424,-1.3255884,-1.4432213,7,6,4,7,4,5,6,8,4,1,7,6,4,6,4,7,6,6,6,4,-2.5844778,0.10726941,2.1975763,0.2357327,1.9618436
-16.846456,0.98619101,1.0969203,2,3,0,17.188636,0.37815759,1.8733545,0.70842321,1.1649312,-1.3624132,-1.4822088,-1.6335165,-1.8327874,-1.4164163,-1.3624132,-1.4275318,-1.6425272,-1.4275318,-1.9214935,8,5,6,7,2,7,7,7,3,2,7,7,2,7,5,6,5,7,6,1,-0.51783402,0.76253104,1.8179002,1.3862053,0.43169486
-16.990727,0.80111637,1.8133144,1,1,0,17.41029,0.28990903,1.4424306,0.41817364,1.0242569,-1.3747204,-1.5579202,-1.5478361,-1.7083849,-1.4538068,-1.3747204,-1.4570458,-1.602905,-1.4570458,-1.6475893,7,5,5,8,6,8,3,6,7,3,7,5,2,5,4,7,6,6,7,2,-0.59453124,0.30410781,1.7032888,0.51798342,1.1853053
-16.990727,9.3124217e-05,1.8625275,1,1,0,18.844205,0.28990903,1.4424306,0.41817364,1.0242569,-1.3747204,-1.5579202,-1.5478361,-1.7083849,-1.4538068,-1.3747204,-1.4570458,-1.602905,-1.4570458,-1.6475893,8,4,2,7,5,7,3,6,4,4,7,8,5,5,2,8,3,6,5,2,-0.59453124,0.48294904,1.9322563,0.93318133,0.99907497
-17.500748,0.98070722,0.25584672,4,15,0,20.383334,0.33039247,4.6305883,1.5299115,3.1006768,-1.2466662,-1.4269403,-1.5750055,-1.7408599,-1.3119577,-1.2466662,-1.3205156,-1.5530233,-1.3205156,-1.8978469,8,6,4,8,4,8,4,7,5,6,6,6,3,5,7,8,4,3,5,3,-2.8848972,0.92609312,5.8652453,5.4317634,0.43348198
-16.399391,0.99948149,0.41687582,2,7,0,17.562049,0.21883826,2.7637285,0.60480954,2.1589189,-1.2785002,-1.5378035,-1.4513181,-1.5753997,-1.3628258,-1.2785002,-1.3597973,-1.4941695,-1.3597973,-1.5252381,8,4,4,7,3,8,2,5,1,4,6,5,3,6,5,6,4,7,4,2,-1.4262264,0.90077573,2.1705795,1.9552053,0.21537417
-17.023698,0.9433696,0.706415,3,7,0,17.421563,0.14185589,3.512139,0.4982176,3.0139214,-1.269862,-1.5901668,-1.3629639,-1.4724172,-1.3491117,-1.269862,-1.3381866,-1.4291459,-1.3381866,-1.3237955,7,4,5,7,1,7,5,8,5,3,4,3,3,5,4,6,4,8,7,1,-2.4302978,0.61565976,2.9225159,1.7992754,1.1232404
-17.126517,0.91700964,1.0348854,2,3,0,17.598106,0.12973609,1.7760753,0.23042107,1.5456543,-1.3556903,-1.6399866,-1.3894014,-1.5237388,-1.433915,-1.3556903,-1.4236245,-1.4924586,-1.4236245,-1.2637326,5,5,6,4,4,5,5,6,7,3,5,3,1,7,6,7,3,6,4,2,-1.2178486,0.14745268,3.0614318,0.45141632,2.6100154
-16.69305,0.98372676,1.4138024,2,3,0,17.185285,0.24429387,3.6163993,0.8834642,2.7329351,-1.2498363,-1.5012262,-1.4724775,-1.597007,-1.3328863,-1.2498363,-1.3322998,-1.4927146,-1.3322998,-1.6177485,8,7,5,8,1,8,5,4,4,5,5,4,7,6,2,6,7,6,6,3,-2.1107105,0.85287177,3.9130119,3.3372973,0.57571453
-16.69305,7.3433708e-06,2.2600462,1,1,0,17.37957,0.24429387,3.6163993,0.8834642,2.7329351,-1.2498363,-1.5012262,-1.4724775,-1.597007,-1.3328863,-1.2498363,-1.3322998,-1.4927146,-1.3322998,-1.6177485,6,7,2,4,2,6,5,7,8,1,7,3,5,7,6,4,5,7,5,1,-2.1107105,0.23772445,1.3635445,0.32414788,1.0393967
-16.355159,0.99095517,0.33673733,2,7,0,17.335923,0.23010685,2.3250599,0.53501221,1.7900477,-1.2990041,-1.5427761,-1.469056,-1.6003793,-1.383027,-1.2990041,-1.3811706,-1.5162406,-1.3811706,-1.5425087,4,7,3,6,3,4,4,7,5,2,5,5,6,7,6,8,5,4,6,2,-1.0538526,0.25066909,1.8594731,0.46611243,1.3933607
-16.342021,0.99984178,0.54939976,3,7,0,16.362199,0.24927885,2.3254756,0.57969188,1.7457837,-1.2990119,-1.5296452,-1.488999,-1.6250517,-1.3818554,-1.2990119,-1.3817881,-1.5286834,-1.3817881,-1.5948788,8,6,4,6,4,7,3,6,4,2,6,6,2,7,4,8,5,7,6,2,-0.9993282,0.47348832,3.2490221,1.538374,1.7106481
-16.377686,0.99368177,0.90928024,1,3,0,16.3819,0.25831516,2.1347008,0.5514256,1.5832752,-1.3108501,-1.531528,-1.5012399,-1.6420782,-1.3929496,-1.3108501,-1.3937088,-1.5423311,-1.3937088,-1.6111008,4,7,2,4,3,7,3,7,5,3,8,4,1,7,3,1,8,5,4,2,-0.85326084,0.23977909,3.7091484,0.88937623,2.8197722
-16.499024,0.97054673,0.73651786,3,7,0,16.891438,0.26524734,3.1500212,0.83553475,2.3144864,-1.2647875,-1.4949478,-1.4989577,-1.6334996,-1.3456838,-1.2647875,-1.347209,-1.5169995,-1.347209,-1.6675755,7,6,5,6,5,5,4,8,3,1,8,7,3,8,2,8,5,5,6,3,-1.6294629,0.38639725,1.6035374,0.61960243,0.98393494
-16.499024,0,10.042723,0,1,1,17.546952,0.26524734,3.1500212,0.83553475,2.3144864,-1.2647875,-1.4949478,-1.4989577,-1.6334996,-1.3456838,-1.2647875,-1.347209,-1.5169995,-1.347209,-1.6675755,8,7,3,7,2,7,4,5,4,3,4,6,3,6,4,6,5,8,2,3,-1.6294629,0.49807973,1.7377691,0.86554755,0.87222153
-17.610764,0.61407811,1.6705079,1,3,0,17.729623,0.11167933,4.0420373,0.451412,3.5906253,-1.2699325,-1.6153715,-1.3272427,-1.4340309,-1.3435898,-1.2699325,-1.3293709,-1.4027412,-1.3293709,-1.2439467,3,3,6,6,2,7,5,5,8,3,6,4,2,6,4,5,7,5,6,3,-3.1314375,0.50812605,0.82598835,0.4197062,0.40628215
-16.532165,0.99048217,0.83865016,2,3,0,17.775005,0.33817408,2.3869294,0.80719767,1.5797318,-1.3135817,-1.4740225,-1.586423,-1.7600899,-1.3793792,-1.3135817,-1.387603,-1.5928627,-1.387603,-1.846533,8,3,5,8,4,7,1,8,4,4,6,7,1,5,4,6,8,4,3,3,-0.86354623,0.90295579,2.0915436,1.8885714,0.2029722
-16.38396,0.98956724,1.2353505,1,3,0,16.584764,0.21178865,2.5341161,0.53669702,1.9974191,-1.2893503,-1.54932,-1.4469906,-1.5721981,-1.3737479,-1.2893503,-1.3701097,-1.4970474,-1.3701097,-1.4993415,7,8,2,7,4,7,7,8,5,2,4,5,3,5,3,4,6,5,5,1,-1.2660839,0.29955572,1.0668704,0.31958714,0.74728329
-16.38396,0.010894358,2.0114839,1,1,0,18.376745,0.21178865,2.5341161,0.53669702,1.9974191,-1.2893503,-1.54932,-1.4469906,-1.5721981,-1.3737479,-1.2893503,-1.3701097,-1.4970474,-1.3701097,-1.4993415,5,7,3,4,5,8,4,8,2,2,3,8,2,5,3,7,5,6,4,1,-1.2660839,0.50291517,1.8623996,0.93662901,0.92577061
-17.218929,0.99226874,0.17337874,3,13,0,18.566847,0.10115374,2.4574982,0.24858512,2.2089131,-1.3237507,-1.6449567,-1.341959,-1.4658154,-1.3961408,-1.3237507,-1.3823553,-1.441601,-1.3823553,-1.2018291,8,3,3,8,2,8,3,8,3,3,6,4,2,5,4,7,4,6,5,3,-1.815802,0.7698591,0.96019026,0.73921121,0.22097905
-18.008768,0.99586474,0.29641455,3,7,0,18.072318,0.066851963,3.0895247,0.20654079,2.8829839,-1.3172275,-1.6710671,-1.2975262,-1.4187562,-1.380353,-1.3172275,-1.3627113,-1.404099,-1.3627113,-1.1159006,8,3,5,6,5,6,5,6,4,4,4,6,1,7,4,7,5,3,7,1,-2.7147392,0.30452476,1.4681074,0.44707504,1.0210323
-18.308627,0.99442783,0.53181083,2,3,0,18.339925,0.05991868,3.3789945,0.20246489,3.1765296,-1.313185,-1.6763941,-1.2863367,-1.4061401,-1.3739147,-1.313185,-1.3553283,-1.3931565,-1.3553283,-1.0984589,6,7,3,6,4,5,6,5,5,3,5,8,2,7,4,6,4,5,6,1,-3.0782217,0.31587373,3.0645923,0.9680242,2.0965681
-18.04603,0.94003096,0.97025649,3,7,0,19.255157,0.48335258,1.4046136,0.67892361,0.72568999,-1.4736676,-1.4880374,-1.7496284,-2.0272825,-1.4800105,-1.4736676,-1.4979025,-1.7524933,-1.4979025,-2.1468373,7,7,3,5,2,7,5,2,3,4,6,7,2,8,4,6,5,7,6,3,-0.41095948,0.2639097,1.4245653,0.3759566,1.0486087
-18.04603,0.0061897623,1.5065296,1,3,0,24.665618,0.48335258,1.4046136,0.67892361,0.72568999,-1.4736676,-1.4880374,-1.7496284,-2.0272825,-1.4800105,-1.4736676,-1.4979025,-1.7524933,-1.4979025,-2.1468373,6,8,5,3,3,6,8,4,5,4,7,7,2,4,3,6,5,6,6,3,-0.41095948,0.2194718,1.3604111,0.29857187,1.0618392
-18.81743,0.99864242,0.12297285,5,31,0,19.423046,0.58183326,1.9355828,1.1261864,0.80939633,-1.5615107,-1.4171934,-1.8845307,-2.3211362,-1.4617205,-1.5615107,-1.4881189,-1.8506824,-1.4881189,-2.5198387,7,4,5,6,5,6,5,4,4,3,5,4,4,8,6,7,4,4,4,2,-0.51003038,0.28081598,3.8922071,1.092994,2.7992131
-17.588458,0.99982616,0.23272156,4,15,0,20.568862,0.081624482,2.245991,0.18332785,2.0626632,-1.3438156,-1.6678765,-1.3309158,-1.460982,-1.4120598,-1.3438156,-1.396902,-1.443426,-1.396902,-1.1492693,6,5,5,5,3,7,4,7,7,2,6,6,1,6,4,7,7,8,7,3,-1.8608655,0.67820694,1.7975663,1.2191219,0.57844435
-17.665628,0.9996153,0.44213792,2,3,0,17.669681,0.078416923,2.204317,0.17285576,2.0314612,-1.3477292,-1.6718384,-1.329549,-1.4608897,-1.4152666,-1.3477292,-1.3999103,-1.4443483,-1.3999103,-1.1407457,7,6,6,6,1,7,8,5,5,5,3,6,4,6,2,7,6,6,4,2,-1.8707506,0.50105606,4.1689584,2.0888819,2.0800765
-17.632433,0.96378569,0.83670882,2,3,0,18.749301,0.094032472,3.5734431,0.33601969,3.2374234,-1.2889729,-1.637675,-1.3152016,-1.4273848,-1.3588354,-1.2889729,-1.3432319,-1.4034394,-1.3432319,-1.1920346,7,8,2,5,4,6,4,5,4,4,5,7,1,6,4,3,7,8,6,5,-2.8441159,0.28757102,4.299831,1.2365068,3.0633242
-17.632433,0.56674771,1.409038,1,1,0,19.460825,0.094032472,3.5734431,0.33601969,3.2374234,-1.2889729,-1.637675,-1.3152016,-1.4273848,-1.3588354,-1.2889729,-1.3432319,-1.4034394,-1.3432319,-1.1920346,7,4,3,8,4,6,6,8,2,2,6,6,2,6,4,7,5,8,5,4,-2.8441159,0.37150864,1.4880728,0.5528319,0.93524089
-17.147958,0.99421632,0.69535323,2,7,0,17.86972,0.14882149,3.8775016,0.57705558,3.300446,-1.258604,-1.5795206,-1.3665214,-1.4732956,-1.3387895,-1.258604,-1.3283673,-1.4257986,-1.3283673,-1.3471709,7,5,3,7,4,4,6,5,6,3,8,7,3,5,4,7,3,7,5,5,-2.7319681,0.29138965,2.2071641,0.64314478,1.5640194
-16.852298,1,1.2805591,1,1,0,17.163229,0.14286887,3.1024805,0.44324788,2.6592326,-1.2816129,-1.5947154,-1.3690491,-1.4822221,-1.3610952,-1.2816129,-1.3505315,-1.4396857,-1.3505315,-1.3216866,5,6,3,6,5,6,5,4,5,2,7,8,3,6,3,6,5,6,7,3,-2.0517644,0.33547239,2.514357,0.84349736,1.6708597
-16.852298,1.5630753e-07,2.3796681,1,1,0,19.945343,0.14286887,3.1024805,0.44324788,2.6592326,-1.2816129,-1.5947154,-1.3690491,-1.4822221,-1.3610952,-1.2816129,-1.3505315,-1.4396857,-1.3505315,-1.3216866,8,7,6,7,2,8,4,8,2,2,7,6,4,8,2,5,4,8,5,1,-2.0517644,0.79062041,4.067257,3.2156564,0.8516006
-17.621408,0.99628866,0.21677806,4,15,0,17.936924,0.20124374,5.1015275,1.0266505,4.074877,-1.2242676,-1.5202838,-1.4166954,-1.5230785,-1.3086639,-1.2242676,-1.3033771,-1.4426994,-1.3033771,-1.5111272,7,2,2,6,5,8,5,8,2,2,8,5,5,5,4,7,7,4,7,4,-3.6451728,0.25445368,0.68116339,0.17332453,0.50783885
-17.03069,0.92195064,0.40064583,2,7,0,23.133806,0.4012338,1.792829,0.71934358,1.0734854,-1.380971,-1.4783425,-1.65961,-1.8747882,-1.4259148,-1.380971,-1.4387884,-1.6650097,-1.4387884,-1.9773677,8,4,3,6,4,8,4,8,3,3,8,7,3,5,7,8,7,5,3,1,-0.46783763,0.4654924,0.99619822,0.4637227,0.53247552
-16.483549,0.97239512,0.5887275,1,3,0,17.516982,0.28780299,1.9392063,0.55810936,1.3810969,-1.3277286,-1.5234688,-1.5349755,-1.6877487,-1.4061387,-1.3277286,-1.4094966,-1.5710825,-1.4094966,-1.6799877,5,4,4,6,4,5,7,7,6,3,6,6,1,6,3,7,5,6,5,2,-0.68309616,0.28329231,3.7622818,1.0658255,2.6964563
-16.576558,0.97265837,0.99694719,2,3,0,16.768003,0.18761861,1.9743991,0.37043401,1.6039651,-1.3256203,-1.5869861,-1.4345892,-1.5650541,-1.409485,-1.3256203,-1.4039288,-1.5078719,-1.4039288,-1.4168512,8,5,3,8,1,6,4,7,3,4,7,5,4,7,7,5,5,6,3,3,-0.99575732,0.85255585,1.7163233,1.4632615,0.25306184
-16.536098,0.99761634,1.674982,2,3,0,16.632511,0.19368476,3.0338349,0.58760758,2.4462274,-1.2711476,-1.551604,-1.4217247,-1.5388852,-1.3552377,-1.2711476,-1.3496645,-1.4708014,-1.3496645,-1.4613364,7,3,5,5,4,7,4,6,5,2,5,7,1,7,3,7,5,7,7,2,-1.7479082,0.4475468,3.4971508,1.5651386,1.9320121
-16.536098,2.9505238e-21,2.997942,1,1,0,19.589278,0.19368476,3.0338349,0.58760758,2.4462274,-1.2711476,-1.551604,-1.4217247,-1.5388852,-1.3552377,-1.2711476,-1.3496645,-1.4708014,-1.3496645,-1.4613364,5,4,2,3,2,8,6,7,4,1,5,7,2,6,4,6,3,8,6,2,-1.7479082,0.24648333,1.3211069,0.32563081,0.99547605
-16.502641,0.99915158,0.30724424,4,15,0,16.735952,0.21954755,1.924268,0.42246834,1.5017997,-1.3256163,-1.5667836,-1.4664992,-1.6017459,-1.4099983,-1.3256163,-1.407298,-1.5285352,-1.407298,-1.4981029,7,6,2,5,3,5,6,4,3,4,5,5,5,5,3,7,5,7,7,3,-0.85562557,0.3162585,2.0899743,0.66097215,1.4290022
-17.223397,0.96737154,0.55494941,3,7,0,17.785626,0.28804024,4.4459433,1.2806106,3.1653328,-1.2369444,-1.4574429,-1.5217454,-1.6616155,-1.31367,-1.2369444,-1.3177148,-1.5165576,-1.3177148,-1.7639307,7,4,7,5,4,8,6,4,6,4,5,6,2,5,4,7,5,7,5,2,-2.7867192,0.52758193,2.4051232,1.2688995,1.1362236
-16.36801,0.9731714,0.90772118,1,3,0,17.50114,0.27922826,2.5718849,0.71814297,1.853742,-1.289191,-1.5014049,-1.518661,-1.6624244,-1.3683318,-1.289191,-1.3711261,-1.5415449,-1.3711261,-1.6881635,8,6,3,8,3,8,4,6,4,6,4,5,2,4,2,5,3,7,4,2,-1.1083258,0.94658864,1.6298525,1.5427998,0.087052633
-16.405467,0.97844447,1.4965347,2,3,0,16.433982,0.29989268,2.2994927,0.68960103,1.6098917,-1.3068781,-1.4990185,-1.5437878,-1.6981678,-1.3825659,-1.3068781,-1.3871996,-1.5653994,-1.3871996,-1.7336925,6,7,5,5,4,7,6,8,6,5,8,6,3,8,2,6,5,6,3,4,-0.86651626,0.28624379,3.5009972,1.0021387,2.4988585
-16.405467,0.012376874,2.4826487,1,1,0,17.356046,0.29989268,2.2994927,0.68960103,1.6098917,-1.3068781,-1.4990185,-1.5437878,-1.6981678,-1.3825659,-1.3068781,-1.3871996,-1.5653994,-1.3871996,-1.7336925,6,8,2,6,2,4,5,3,6,1,7,7,3,7,3,6,5,8,6,4,-0.86651626,0.13151184,1.9843554,0.26096623,1.7233892
-16.562867,0.9900549,0.2897873,4,15,0,17.537499,0.17842206,2.9060434,0.51850225,2.3875412,-1.2786879,-1.5668144,-1.4075179,-1.5241949,-1.3619655,-1.2786879,-1.3549602,-1.4651303,-1.3549602,-1.4164303,6,2,6,7,5,8,4,6,4,2,7,7,4,6,7,6,3,5,3,4,-1.7001779,0.79123089,0.93070348,0.73640134,0.19430214
-16.523704,0.95430213,0.4987316,3,7,0,18.165437,0.20060098,1.9798558,0.39716102,1.5826948,-1.3233123,-1.5773546,-1.4467925,-1.578428,-1.4076242,-1.3233123,-1.4032149,-1.514678,-1.4032149,-1.4508699,5,6,4,6,6,7,3,5,3,1,4,6,3,3,5,5,6,4,6,4,-0.94759344,0.14066764,3.9361104,0.55368338,3.3824271
-17.355597,0.9496208,0.77260483,3,7,0,17.7241,0.43351156,1.6557637,0.71779269,0.93797097,-1.4125794,-1.4774982,-1.6958008,-1.9349451,-1.4432666,-1.4125794,-1.4583694,-1.6982241,-1.4583694,-2.0503067,7,8,3,7,4,8,6,6,8,4,8,5,3,7,1,4,7,8,6,1,-0.41378461,0.41831581,1.5574837,0.65152005,0.90596364
-17.161808,0.98518597,1.1735957,2,3,0,17.739909,0.10508498,2.429616,0.25531615,2.1742998,-1.3233468,-1.6418112,-1.3461973,-1.4700315,-1.3965846,-1.3233468,-1.3831848,-1.4445593,-1.3831848,-1.2117763,7,5,3,6,4,8,4,7,6,1,8,8,3,4,4,4,4,6,7,3,-1.761505,0.26603059,0.68640019,0.18260345,0.50379674
-19.616584,0.27150169,1.9457451,1,1,0,19.92519,0.054024273,1.180526,0.063777061,1.116749,-1.4531612,-1.7325422,-1.3719292,-1.5361359,-1.5182867,-1.4531612,-1.5038982,-1.5280726,-1.5038982,-1.0778935,5,6,2,7,3,6,7,5,6,4,3,6,3,4,6,8,6,5,6,1,-2.1297046,0.60834183,0.93457508,0.56854112,0.36603396
-17.883559,0.99678299,0.48997882,3,15,0,21.020819,0.27639859,5.5079883,1.5224002,3.9855881,-1.2192634,-1.4552897,-1.5058473,-1.6375187,-1.2980069,-1.2192634,-1.3009046,-1.4977695,-1.3009046,-1.7433574,6,4,7,7,4,6,7,2,5,3,5,6,5,6,4,6,5,5,4,3,-3.802207,0.29695278,1.1043685,0.32794531,0.77642323
-17.25494,0.65494262,0.8363251,1,3,0,23.033462,0.13002638,1.6487285,0.2143782,1.4343503,-1.3669312,-1.6456259,-1.3954426,-1.5330019,-1.4453329,-1.3669312,-1.4352924,-1.5024571,-1.4352924,-1.2613714,5,5,1,6,3,8,5,8,3,2,4,5,1,6,3,5,4,5,3,2,-1.1879549,0.44585346,3.4335815,1.5308742,1.9027073
-17.267691,0.99876805,0.58433059,1,1,0,17.317385,0.13079426,1.631493,0.21338992,1.418103,-1.3683271,-1.6458919,-1.3969319,-1.5349069,-1.4468586,-1.3683271,-1.4369127,-1.5042162,-1.4369127,-1.2628159,5,4,5,7,4,8,5,7,4,4,2,8,1,7,5,5,5,6,4,1,-1.1807805,0.63689042,3.6564893,2.328783,1.3277063
-16.503111,1,0.99276061,2,3,0,17.214312,0.33031457,2.2871686,0.75548512,1.5316835,-1.3160513,-1.4825425,-1.5778717,-1.7473762,-1.3844102,-1.3160513,-1.3918308,-1.5893745,-1.3918308,-1.8184244,5,6,3,5,4,7,7,6,5,6,8,5,2,4,7,6,5,4,3,2,-0.80600536,0.17257447,2.150903,0.37119093,1.779712
-20.946026,0.11905891,1.6782736,2,3,0,21.178469,0.013384108,2.4832142,0.033235606,2.4499786,-1.3737668,-1.7357111,-1.2672401,-1.4096172,-1.4208942,-1.3737668,-1.3996711,-1.4074994,-1.3996711,-0.97616913,8,4,4,8,4,8,4,5,7,2,8,6,2,6,4,7,6,4,5,1,-3.764411,0.79634509,0.70934577,0.56488402,0.14446175
-18.319767,0.99974804,0.30307382,3,15,0,21.174817,0.055860513,2.0354267,0.11369998,1.9217268,-1.3697282,-1.6973424,-1.3171896,-1.456116,-1.4317628,-1.3697282,-1.4148854,-1.445734,-1.4148854,-1.0829889,6,6,5,7,4,5,2,3,5,2,5,7,5,7,4,3,7,6,4,2,-2.0877329,0.57822529,1.475137,0.85296154,0.62217551
-16.908824,0.99031835,0.5124744,3,7,0,19.155613,0.29371522,1.4978821,0.43995077,1.0579313,-1.3689282,-1.5510091,-1.5499216,-1.7107048,-1.4472814,-1.3689282,-1.450872,-1.6010535,-1.450872,-1.6623069,8,7,6,7,3,4,3,8,3,5,7,5,4,8,3,7,5,5,7,3,-0.57811728,0.67688028,1.1009522,0.74521285,0.35573937
-17.520977,0.93600907,0.83983534,2,3,0,17.906813,0.43610256,1.5137453,0.66014819,0.85359707,-1.4266753,-1.4899778,-1.6979692,-1.9368903,-1.4581845,-1.4266753,-1.4730707,-1.7061616,-1.4730707,-2.0375564,8,4,4,5,1,7,6,6,5,5,8,7,1,5,6,6,4,7,3,6,-0.40657116,0.62631306,2.9093072,1.8221371,1.0871701
-19.688916,0.60840913,1.1945408,1,1,0,19.784931,0.49242605,0.85689101,0.42195545,0.43493556,-1.5543396,-1.5795806,-1.7539627,-2.0148534,-1.5767044,-1.5543396,-1.592291,-1.7950333,-1.592291,-2.0316174,4,7,5,5,4,8,4,6,7,3,5,8,1,4,4,8,3,6,1,4,-1.1029347,0.40736903,3.6200337,1.4746896,2.1453441
-19.799212,0.98972673,0.75587009,2,3,0,20.291935,0.41633633,0.76166202,0.31710757,0.44455445,-1.5347226,-1.6217944,-1.6895242,-1.9057406,-1.5920552,-1.5347226,-1.6025383,-1.7586647,-1.6025383,-1.8295021,8,7,4,6,2,7,4,6,5,5,5,7,3,6,5,6,4,6,4,6,-1.4404643,0.69565605,2.2862317,1.5904309,0.69580077
-16.487243,1,1.2202543,1,3,0,19.502174,0.19356899,2.128427,0.41199747,1.7164296,-1.3141576,-1.5763825,-1.4363497,-1.5646661,-1.3982531,-1.3141576,-1.3931197,-1.5030569,-1.3931197,-1.4376852,8,8,5,7,3,8,6,7,5,2,7,5,3,6,3,5,4,6,4,1,-1.05442,0.7051857,0.91293883,0.64379141,0.26914742
-16.487243,0.31372524,2.0059209,1,1,0,17.105679,0.19356899,2.128427,0.41199747,1.7164296,-1.3141576,-1.5763825,-1.4363497,-1.5646661,-1.3982531,-1.3141576,-1.3931197,-1.5030569,-1.3931197,-1.4376852,5,3,1,5,2,6,6,7,6,2,7,7,3,6,2,8,2,5,6,1,-1.05442,0.40577003,1.5661226,0.63548563,0.93063701
-18.45272,0.90689876,0.62837163,2,7,0,18.950652,0.55403494,2.3140778,1.28208,1.0319978,-1.508202,-1.3983876,-1.8577169,-2.2668805,-1.4294078,-1.508202,-1.455198,-1.8168408,-1.455198,-2.4840169,7,5,7,7,4,8,5,3,5,2,8,5,4,4,6,6,7,6,7,2,-0.71363799,0.27366639,1.646321,0.45054274,1.1957783
-17.936985,1,0.82497769,3,7,0,19.66616,0.44536532,3.9571444,1.7623749,2.1947695,-1.3367116,-1.377946,-1.7275942,-2.006194,-1.3423482,-1.3367116,-1.3619607,-1.6792583,-1.3619607,-2.2443836,6,6,4,7,3,4,3,6,4,3,6,4,3,7,4,6,5,8,5,4,-2.1391331,0.48248812,3.8991266,1.8812823,2.0178443
-17.936985,0.21027733,1.3457885,2,3,0,20.060482,0.44536532,3.9571444,1.7623749,2.1947695,-1.3367116,-1.377946,-1.7275942,-2.006194,-1.3423482,-1.3367116,-1.3619607,-1.6792583,-1.3619607,-2.2443836,7,7,1,7,1,7,4,7,2,3,7,5,4,7,3,8,3,7,7,6,-2.1391331,0.6206628,2.1153617,1.3129263,0.8024354
-17.315401,0.9972047,0.33903587,3,15,0,18.706745,0.16112332,1.428691,0.23019544,1.1984955,-1.3818938,-1.6359508,-1.4330549,-1.5758826,-1.4641301,-1.3818938,-1.4569796,-1.5359707,-1.4569796,-1.3297653,5,4,6,7,1,8,5,8,3,6,3,5,3,4,4,4,6,4,7,1,-1.0183818,0.59462969,1.6816349,0.99995001,0.68168485
-18.502806,0.95429329,0.54904887,2,7,0,19.082805,0.11140607,1.1464227,0.12771844,1.0187042,-1.4355679,-1.6929945,-1.4156365,-1.572137,-1.5120919,-1.4355679,-1.501851,-1.5511948,-1.501851,-1.2051185,8,1,4,6,3,7,5,8,7,3,7,6,2,5,7,7,6,5,7,1,-1.502753,0.65850283,4.1128673,2.7083348,1.4045326
-18.657082,0.98144633,0.79955303,1,1,0,18.857431,0.10933114,1.1089823,0.1212463,0.98773601,-1.4425502,-1.6979168,-1.4179079,-1.5763257,-1.518864,-1.4425502,-1.5085971,-1.5562569,-1.5085971,-1.1996683,6,6,6,7,4,7,5,6,5,3,3,6,1,5,4,4,6,5,6,1,-1.5621338,0.31982588,3.7851145,1.2105776,2.5745369
-20.46164,0.8249843,1.2336538,2,3,0,21.194371,0.1238446,8.6883654,1.0760071,7.6123583,-1.2181644,-1.5859392,-1.3198256,-1.4102205,-1.2936699,-1.2181644,-1.2793459,-1.3697645,-1.2793459,-1.2963205,7,6,6,7,1,6,4,6,5,6,6,6,4,6,6,6,3,3,4,1,-7.1319243,0.89884595,1.0437213,0.93814464,0.10557663
-17.0837,0.840609,1.3214864,1,3,0,21.139923,0.34644936,1.4729436,0.51030036,0.96264321,-1.3850456,-1.528286,-1.6029621,-1.7849865,-1.4521422,-1.3850456,-1.4599695,-1.6382056,-1.4599695,-1.7952169,5,6,3,2,6,7,5,6,4,4,5,4,4,5,3,5,5,6,3,1,-0.49377906,0.26501488,3.8981967,1.0330801,2.8651165
-16.835659,1,1.4655976,2,3,0,17.114899,0.17717469,3.6033668,0.6384254,2.9649414,-1.257225,-1.5565234,-1.3986619,-1.5091384,-1.3404079,-1.257225,-1.3329674,-1.4477557,-1.3329674,-1.4243084,7,4,6,7,5,6,6,4,3,3,2,4,2,5,2,6,2,6,8,1,-2.3347168,0.60904522,2.1894939,1.3335008,0.85599311
-16.835659,0.084518846,2.3300033,1,1,0,17.066488,0.17717469,3.6033668,0.6384254,2.9649414,-1.257225,-1.5565234,-1.3986619,-1.5091384,-1.3404079,-1.257225,-1.3329674,-1.4477557,-1.3329674,-1.4243084,8,3,4,6,6,7,3,7,3,4,7,5,3,4,3,5,5,6,5,2,-2.3347168,0.77369534,0.89396517,0.69165669,0.20230848
-17.148341,0.99245861,0.46790153,3,7,0,17.54246,0.10969645,2.8936691,0.31742524,2.5762439,-1.3018038,-1.6293481,-1.3403979,-1.457533,-1.3756081,-1.3018038,-1.3620873,-1.4291732,-1.3620873,-1.2291244,7,5,1,5,1,5,3,5,7,5,8,7,1,2,2,5,5,5,5,2,-2.0956686,0.46817192,0.88948604,0.41643239,0.47305366
-17.504512,0.98927898,0.73228293,3,7,0,17.842795,0.45381839,1.6678449,0.75689868,0.91094622,-1.4269088,-1.4697555,-1.7191897,-1.9764808,-1.4459367,-1.4269088,-1.4626215,-1.7162169,-1.4626215,-2.1081485,7,2,5,8,4,8,2,6,5,3,6,6,3,6,1,8,4,4,6,1,-0.40639404,0.71872422,2.441649,1.7548723,0.68677672
-17.663995,0.93165466,1.1317363,2,3,0,18.654767,0.091045518,3.5305764,0.32144316,3.2091332,-1.2915815,-1.6412079,-1.3129187,-1.4258659,-1.3607405,-1.2915815,-1.3448893,-1.4030248,-1.3448893,-1.1835904,7,5,2,7,1,8,2,7,3,3,7,7,3,7,4,3,6,5,3,1,-2.8333105,0.82866625,2.789063,2.3112024,0.47786063
-17.778633,0.80727589,1.5315789,1,3,0,18.390158,0.1380657,4.806392,0.66359787,4.1427941,-1.2454638,-1.5828808,-1.3485379,-1.4498463,-1.323932,-1.2454638,-1.3120248,-1.4057746,-1.3120248,-1.3238938,7,6,4,7,6,7,4,5,6,3,6,6,3,6,3,6,5,6,5,1,-3.6701352,0.43542641,4.5751696,1.9921497,2.58302
-17.840051,0.5466292,1.5707862,2,3,0,19.485531,0.092461742,3.9349505,0.36383238,3.5711181,-1.2816423,-1.6366381,-1.3094524,-1.4190581,-1.3509025,-1.2816423,-1.3348773,-1.3952093,-1.3348773,-1.1897758,8,4,1,8,4,8,3,6,3,4,4,6,3,6,2,7,6,5,4,2,-3.1978942,0.89341397,2.8464515,2.5430595,0.30339197
-16.386973,0.9600789,0.91066481,3,7,0,18.475693,0.27841428,2.7052821,0.75318917,1.952093,-1.2831226,-1.4976895,-1.5167217,-1.6592137,-1.3623061,-1.2831226,-1.3650547,-1.5372501,-1.3650547,-1.6910275,8,4,3,8,7,6,2,6,6,2,6,6,2,7,4,7,7,5,3,4,-1.2166666,0.38006892,2.1215513,0.80633571,1.3152156
-18.506595,0.59116692,1.3055185,2,3,0,18.560146,0.54559841,2.8119787,1.5342111,1.2777676,-1.4840928,-1.3774109,-1.8563489,-2.2699811,-1.4049826,-1.4840928,-1.4313288,-1.8067186,-1.4313288,-2.5047768,6,7,3,7,3,3,3,3,5,1,8,4,5,7,4,6,5,6,6,5,-1.0947755,0.11372914,1.6323501,0.18564577,1.4467043
-18.065519,1,0.83942119,2,7,0,19.020253,0.06485806,3.1013514,0.20114764,2.9002038,-1.3180362,-1.6731236,-1.2955246,-1.4170283,-1.3805742,-1.3180362,-1.3627402,-1.4029242,-1.3627402,-1.1106381,8,6,3,5,5,7,2,7,4,4,3,6,3,6,6,5,7,5,5,2,-2.7533801,0.53201572,2.9145136,1.550567,1.3639465
-18.065519,0.32914038,1.3063352,2,3,0,22.081475,0.06485806,3.1013514,0.20114764,2.9002038,-1.3180362,-1.6731236,-1.2955246,-1.4170283,-1.3805742,-1.3180362,-1.3627402,-1.4029242,-1.3627402,-1.1106381,6,6,4,8,1,8,5,6,4,3,7,7,1,7,3,4,7,4,4,1,-2.7533801,0.59292849,2.7309113,1.6192351,1.1116762
-18.782895,0.99557172,0.48202984,3,7,0,19.197098,0.045341885,1.8932005,0.085841278,1.8073592,-1.3850614,-1.7108277,-1.3151692,-1.4594796,-1.4445821,-1.3850614,-1.4272108,-1.4516561,-1.4272108,-1.0567288,8,6,7,6,2,8,5,8,4,4,7,8,4,6,5,7,7,8,5,1,-2.21825,0.72697487,2.7861386,2.0254527,0.76068585
-18.624142,0.99619317,0.74166903,3,7,0,19.122839,0.058711962,1.5824267,0.092907378,1.4895193,-1.4030464,-1.7078698,-1.34246,-1.4916941,-1.4673408,-1.4030464,-1.451856,-1.4815655,-1.451856,-1.088452,7,3,3,7,7,5,5,5,5,1,5,6,2,6,4,5,5,4,5,5,-1.898297,0.16504156,2.3859811,0.39378603,1.9921951
-17.87694,0.94324135,1.1371931,2,3,0,18.999988,0.31461055,5.3120044,1.6712126,3.6407918,-1.2311767,-1.4298059,-1.554605,-1.7089909,-1.3010436,-1.2311767,-1.3080757,-1.5333502,-1.3080757,-1.8598693,6,7,7,6,5,7,4,7,2,2,6,5,3,7,5,7,1,5,3,3,-3.5465517,0.36286946,1.8838619,0.68359595,1.2002659
-16.728617,1,1.5525925,1,1,0,17.46842,0.21110305,3.6205706,0.7643135,2.8562571,-1.2511123,-1.5273266,-1.4352117,-1.5508578,-1.3355359,-1.2511123,-1.3315431,-1.469258,-1.3315431,-1.5215798,6,8,3,3,6,6,6,7,4,4,6,7,4,6,3,6,6,5,7,2,-2.2176396,0.39777311,3.5848396,1.4259528,2.1588868
-16.728617,0.032372917,2.3788478,2,3,0,18.41849,0.21110305,3.6205706,0.7643135,2.8562571,-1.2511123,-1.5273266,-1.4352117,-1.5508578,-1.3355359,-1.2511123,-1.3315431,-1.469258,-1.3315431,-1.5215798,7,5,4,8,4,7,8,7,4,4,4,6,3,5,6,7,5,6,6,2,-2.2176396,0.44311127,2.9345135,1.300316,1.6341975
-17.187791,0.98326385,0.48459215,3,7,0,17.74163,0.37322079,3.7069792,1.3835217,2.3234575,-1.2854344,-1.4169299,-1.6295633,-1.8291228,-1.3348842,-1.2854344,-1.3474122,-1.6027772,-1.3474122,-2.0077449,7,5,1,6,3,8,4,5,4,4,6,5,3,6,4,7,5,7,7,3,-1.9585463,0.21200595,0.86817991,0.1840593,0.68412061
-16.647815,0.98244412,0.71831551,2,7,0,17.982732,0.36200668,2.2896381,0.8288643,1.4607738,-1.328699,-1.4662455,-1.6142947,-1.8031567,-1.3867392,-1.328699,-1.39703,-1.6156012,-1.39703,-1.9086641,7,5,2,3,3,7,6,7,6,4,7,7,2,7,4,7,6,7,7,1,-0.76452904,0.39039077,0.92456733,0.36094255,0.56362478
-17.268335,0.63991947,1.0585481,2,7,0,18.883136,0.11143523,3.3295521,0.37102942,2.9585227,-1.2870494,-1.6220674,-1.3351486,-1.4475854,-1.3609578,-1.2870494,-1.3472077,-1.4176098,-1.3472077,-1.2379322,7,1,4,7,3,7,3,8,4,2,3,5,4,7,5,4,5,4,4,4,-2.4688982,0.63532666,1.761153,1.1189075,0.64224555
-18.311553,0.90692421,0.77030816,2,7,0,19.747469,0.34939566,0.99645395,0.34815669,0.64829727,-1.4566019,-1.589622,-1.6196564,-1.8079394,-1.5271328,-1.4566019,-1.5341668,-1.6842144,-1.5341668,-1.7338307,6,4,7,6,2,7,6,6,3,3,5,5,2,6,4,8,8,5,7,3,-0.8826639,0.33885319,1.4426119,0.48883362,0.95377823
-17.109056,0.97437945,0.96894465,2,3,0,19.236319,0.19189985,4.2268359,0.8111292,3.4157067,-1.2402172,-1.5362149,-1.410175,-1.5187009,-1.3242788,-1.2402172,-1.3181631,-1.4466917,-1.3181631,-1.4745747,6,4,5,6,3,8,3,5,5,1,6,5,3,6,2,6,3,3,8,2,-2.8592618,0.41241505,1.7928483,0.73939763,1.0534507
-16.777007,1,1.394105,1,1,0,17.126814,0.23815686,3.779054,0.90000762,2.8790464,-1.2457111,-1.5033911,-1.4646281,-1.586355,-1.3292113,-1.2457111,-1.3279844,-1.4855614,-1.3279844,-1.6029338,4,6,6,6,7,7,5,4,7,2,5,6,2,6,6,6,3,7,5,2,-2.2801689,0.32677856,1.2189841,0.39833787,0.82064623
-16.777007,0.19389531,2.1044247,1,3,0,18.102965,0.23815686,3.779054,0.90000762,2.8790464,-1.2457111,-1.5033911,-1.4646281,-1.586355,-1.3292113,-1.2457111,-1.3279844,-1.4855614,-1.3279844,-1.6029338,6,4,3,5,3,7,3,6,6,2,5,8,3,8,4,7,5,8,3,3,-2.2801689,0.3367608,2.7035198,0.91043948,1.7930803
-16.772463,0.97861867,0.62730459,2,7,0,17.33832,0.35270504,3.1076917,1.0960985,2.0115931,-1.2907219,-1.4419298,-1.6028513,-1.7853477,-1.3499262,-1.2907219,-1.3600665,-1.5905628,-1.3600665,-1.9235931,7,4,3,5,3,6,4,6,3,2,5,4,1,5,2,7,4,5,5,3,-1.4334797,0.20375185,2.0023558,0.40798369,1.5943721
-16.771136,0.98417122,0.90715101,2,3,0,17.101809,0.19697878,1.6773744,0.33040716,1.3469672,-1.3488357,-1.5953222,-1.4528003,-1.5902467,-1.4331097,-1.3488357,-1.4286014,-1.531877,-1.4286014,-1.4289134,4,8,3,4,5,7,6,4,6,5,7,7,5,4,5,8,5,4,6,2,-0.85718892,0.18750979,1.6205753,0.30387373,1.3167016
-17.778187,0.76670785,1.3215672,2,3,0,18.444262,0.29861159,5.2556073,1.5693852,3.686222,-1.2271294,-1.4413314,-1.5341074,-1.6784216,-1.301273,-1.2271294,-1.3065661,-1.5190496,-1.3065661,-1.8090862,6,6,3,6,5,6,8,6,7,4,7,5,4,6,5,6,6,6,4,3,-3.5235178,0.215758,1.3051587,0.28159843,1.0235603
-16.472089,0.9138937,1.2476453,2,3,0,18.416457,0.18649437,2.6079959,0.48637654,2.1216194,-1.289421,-1.5669305,-1.4200803,-1.5408926,-1.3731897,-1.289421,-1.3671174,-1.4792809,-1.3671174,-1.4321817,8,7,2,5,4,8,4,5,4,3,6,6,5,6,4,7,4,7,5,2,-1.419282,0.70305553,4.2180716,2.9655386,1.252533
-16.472089,0.010515926,1.5745292,1,1,0,18.880808,0.18649437,2.6079959,0.48637654,2.1216194,-1.289421,-1.5669305,-1.4200803,-1.5408926,-1.3731897,-1.289421,-1.3671174,-1.4792809,-1.3671174,-1.4321817,7,7,3,6,5,5,5,7,5,3,4,5,5,6,4,7,6,8,3,4,-1.419282,0.21979626,1.705131,0.3747814,1.3303496
-17.987189,0.97683885,0.33772759,3,15,0,18.646211,0.1617393,5.4056184,0.87430093,4.5313174,-1.2292036,-1.5555583,-1.3710795,-1.4707261,-1.3109245,-1.2292036,-1.3013317,-1.413523,-1.3013317,-1.396652,5,5,6,7,4,8,3,8,4,2,5,3,3,7,4,7,2,6,5,2,-4.0968982,0.45116927,1.6157746,0.72898787,0.88678677
-16.591714,0.99828041,0.48374401,3,7,0,18.416209,0.34956776,2.2229289,0.77706427,1.4458646,-1.326873,-1.4755676,-1.6000732,-1.7809697,-1.3895207,-1.326873,-1.3986229,-1.6070223,-1.3986229,-1.8688493,7,5,3,7,2,8,3,5,7,3,6,6,2,7,4,6,3,8,6,6,-0.73636942,0.50364304,2.4188706,1.2182473,1.2006233
-16.600762,0.97261983,0.71987838,3,7,0,17.029727,0.17362847,2.9575682,0.51351806,2.4440502,-1.2778505,-1.5698642,-1.4019408,-1.5176844,-1.3607708,-1.2778505,-1.3532733,-1.4608625,-1.3532733,-1.4041567,7,6,3,7,3,8,4,7,1,7,6,5,3,5,5,7,4,6,5,3,-1.766054,0.89363955,2.4543523,2.1933063,0.26104601
-16.369892,0.79336696,1.0156771,2,3,0,18.571831,0.27098297,2.6689496,0.72323989,1.9457097,-1.2837062,-1.5036431,-1.5087279,-1.648617,-1.3640117,-1.2837062,-1.3660359,-1.5327478,-1.3660359,-1.6686048,7,6,4,4,3,3,7,6,4,5,7,7,5,8,2,5,7,4,6,6,-1.2039825,0.30785751,2.4233944,0.74606016,1.6773342
-17.087101,0.89720492,1.0119275,2,3,0,17.090891,0.13629053,1.7480548,0.23824331,1.5098115,-1.3559618,-1.6360186,-1.3962182,-1.5308681,-1.4351459,-1.3559618,-1.4254478,-1.4974041,-1.4254478,-1.2793667,8,8,7,2,1,7,3,6,4,3,3,7,5,4,5,6,3,5,4,1,-1.1682785,0.43162449,2.0359286,0.87875662,1.1571719
-19.182907,0.82787011,1.229917,1,3,0,19.253054,0.065673409,1.2092362,0.079414665,1.1298216,-1.4435909,-1.7214764,-1.3769929,-1.5377032,-1.5112183,-1.4435909,-1.4975186,-1.527245,-1.4975186,-1.1037026,4,3,5,5,5,7,1,7,7,1,5,8,4,8,5,5,6,6,4,2,-1.9213477,0.264135,1.1955362,0.31578295,0.87975323
-17.219624,1,1.3074828,2,3,0,19.026854,0.1675564,1.4587551,0.24442376,1.2143314,-1.3769203,-1.6294133,-1.436775,-1.5786725,-1.459677,-1.3769203,-1.4529923,-1.5359006,-1.4529923,-1.3465177,6,4,6,8,5,8,3,6,3,3,6,7,4,5,7,7,1,6,4,2,-0.98060136,0.92830801,2.1125765,1.9611217,0.15145481
-18.133284,0.95689965,1.9256741,1,1,0,18.470426,0.062025448,2.0343832,0.12618353,1.9081996,-1.3664045,-1.6913767,-1.3222058,-1.4598584,-1.4301164,-1.3664045,-1.4137391,-1.4479968,-1.4137391,-1.098344,7,3,5,8,2,8,5,6,2,3,7,7,5,6,6,3,6,5,5,2,-1.9890486,0.90751246,1.7376048,1.576898,0.1607068
-18.151846,0.33819061,2.605387,1,1,0,19.592564,0.17385669,5.7564604,1.0007991,4.7556612,-1.2217263,-1.5417952,-1.383261,-1.4828851,-1.3046616,-1.2217263,-1.2963,-1.4182117,-1.2963,-1.4346841,6,7,3,8,5,6,3,4,4,2,4,6,5,7,7,4,5,6,6,2,-4.360106,0.63269739,0.87926642,0.55630957,0.32295685
-17.801501,0.8335197,1.0981178,2,3,0,20.913851,0.40894073,4.2772885,1.7491575,2.528131,-1.2989668,-1.3885045,-1.6787815,-1.91545,-1.3281788,-1.2989668,-1.3445647,-1.6360858,-1.3445647,-2.1376338,6,8,3,5,3,7,4,7,5,3,5,5,5,7,1,6,5,6,7,4,-2.4630984,0.32317096,0.95122038,0.3074068,0.64381358
-17.153434,0.99388907,1.1789535,2,3,0,18.244464,0.43558436,2.1746511,0.94724399,1.2274071,-1.3808709,-1.4406127,-1.7019808,-1.9506123,-1.4042875,-1.3808709,-1.4207573,-1.6860516,-1.4207573,-2.11252,5,3,3,7,3,4,7,8,4,2,7,4,2,7,6,7,4,5,6,4,-0.62794967,0.23324787,1.3792695,0.32171167,1.0575578
-16.600032,0.89495132,1.7057743,2,3,0,16.931294,0.35241463,2.436925,0.85880802,1.578117,-1.3168856,-1.4645295,-1.6028528,-1.7853042,-1.3778703,-1.3168856,-1.3874456,-1.603531,-1.3874456,-1.8902636,8,5,5,8,3,8,4,8,6,3,7,5,3,6,4,7,6,6,4,4,-0.88030389,0.79797814,2.1808999,1.7403105,0.44058946
-17.961613,0.28620675,2.0473457,1,1,0,18.583831,0.35211055,5.1496266,1.8132378,3.3363887,-1.2491644,-1.407598,-1.6038062,-1.7866873,-1.3059561,-1.2491644,-1.3169504,-1.5708591,-1.3169504,-1.975766,6,4,6,8,4,8,1,4,3,5,4,4,4,8,4,8,8,5,7,1,-3.3397897,0.69624521,3.0048782,2.0921321,0.91274615
-17.79088,0.98690922,0.79622761,3,7,0,18.446588,0.42433606,4.0462001,1.7169486,2.3292515,-1.3156718,-1.3853413,-1.6989547,-1.9520953,-1.3357746,-1.3156718,-1.3534881,-1.6545804,-1.3534881,-2.1798513,4,7,2,7,5,6,5,5,4,1,7,7,2,5,5,8,4,8,5,3,-2.2342805,0.53542745,1.1583363,0.62020504,0.53813123
-16.434882,1,1.1337773,2,3,0,17.620767,0.29590095,2.0960856,0.62023372,1.4758519,-1.3182891,-1.510613,-1.5414662,-1.6957805,-1.395049,-1.3182891,-1.3992117,-1.5699432,-1.3992117,-1.7114595,7,7,4,8,3,5,6,8,3,4,8,3,3,7,5,7,5,4,5,1,-0.74707406,0.39353298,0.9233748,0.36337844,0.55999636
-16.434882,0.12720011,1.6487167,2,3,0,17.977689,0.29590095,2.0960856,0.62023372,1.4758519,-1.3182891,-1.510613,-1.5414662,-1.6957805,-1.395049,-1.3182891,-1.3992117,-1.5699432,-1.3992117,-1.7114595,5,4,2,6,5,7,5,4,4,6,4,6,3,4,5,5,5,6,7,3,-0.74707406,0.58277341,1.2309532,0.71736678,0.51358639
-17.014198,0.97126204,0.48571876,2,7,0,17.380622,0.12132912,2.9337497,0.35594927,2.5778004,-1.2954321,-1.6175273,-1.3506977,-1.4664422,-1.371464,-1.2954321,-1.3589883,-1.4335228,-1.3589883,-1.2609016,8,4,2,7,4,8,4,6,3,4,5,5,4,6,3,7,2,6,3,1,-2.0424901,0.85897684,1.4279632,1.2265873,0.20137589
-18.572985,0.73002905,1.3411824,2,3,0,18.808218,0.13333897,1.0538669,0.14052152,0.91334537,-1.445284,-1.6878647,-1.4409509,-1.599625,-1.5250954,-1.445284,-1.5166931,-1.5735076,-1.5166931,-1.2510751,8,7,4,7,5,6,4,7,5,2,7,7,1,3,2,8,6,7,6,1,-1.4654105,0.57383871,1.3220563,0.75864711,0.56340923
-18.572985,0,11.809648,0,1,1,19.017427,0.13333897,1.0538669,0.14052152,0.91334537,-1.445284,-1.6878647,-1.4409509,-1.599625,-1.5250954,-1.445284,-1.5166931,-1.5735076,-1.5166931,-1.2510751,6,3,6,7,2,6,5,7,3,3,7,5,3,7,4,6,3,5,5,1,-1.4654105,0.4891,2.529824,1.2373369,1.2924871
-17.156983,1,1.7256358,1,1,0,18.13555,0.10547862,2.4145593,0.25468438,2.1598749,-1.3239133,-1.6417542,-1.3469395,-1.4709639,-1.3972464,-1.3239133,-1.3839016,-1.4454012,-1.3839016,-1.2126231,7,8,1,8,6,6,3,6,5,6,8,7,2,5,4,5,5,1,6,2,-1.7472283,0.32452829,2.6766089,0.86863533,1.8079736
-17.156983,1.7153566e-17,2.2498633,1,3,0,20.705971,0.10547862,2.4145593,0.25468438,2.1598749,-1.3239133,-1.6417542,-1.3469395,-1.4709639,-1.3972464,-1.3239133,-1.3839016,-1.4454012,-1.3839016,-1.2126231,7,6,3,8,4,5,1,7,3,4,8,6,4,6,4,2,8,5,4,1,-1.7472283,0.70343154,2.4465734,1.7209969,0.72557649
-17.65008,0.99740923,0.20113474,3,15,0,17.928753,0.085416174,1.9181106,0.16383767,1.754273,-1.3624079,-1.6725878,-1.3461234,-1.4820292,-1.4321418,-1.3624079,-1.4179174,-1.4642661,-1.4179174,-1.1557414,8,8,3,4,4,8,3,7,7,2,3,6,2,8,4,5,5,7,6,2,-1.6383741,0.1237348,4.8568038,0.60095565,4.2558481
-16.816592,0.99938361,0.30182458,3,7,0,17.978522,0.14630182,2.0031379,0.29306272,1.7100752,-1.3331477,-1.6176874,-1.3955711,-1.5242395,-1.4134629,-1.3331477,-1.4042495,-1.4852301,-1.4042495,-1.3110474,7,1,3,7,6,6,3,5,6,1,6,4,3,5,6,5,5,6,6,1,-1.2090128,0.62606636,1.8882194,1.1821507,0.70606877
-16.399987,0.96291664,0.50168306,2,7,0,18.384841,0.28793482,2.168996,0.62452949,1.5444666,-1.3121883,-1.5117895,-1.5320739,-1.6825631,-1.3902703,-1.3121883,-1.3937441,-1.5613461,-1.3937441,-1.6936734,8,4,3,8,4,7,5,7,4,1,6,5,2,8,4,5,2,7,6,2,-0.80606327,0.64033346,0.87261353,0.55876364,0.31384989
-16.448586,0.957649,0.78884348,1,3,0,16.826524,0.21539164,2.9399738,0.6332458,2.306728,-1.27184,-1.5362644,-1.4456964,-1.5674141,-1.3562155,-1.27184,-1.3528067,-1.4870274,-1.3528067,-1.5200666,8,5,3,8,1,8,4,7,4,6,7,4,1,5,4,5,3,7,5,4,-1.587141,0.90303819,3.6447146,3.2913165,0.35339813
-17.183486,0.50890498,1.2597382,2,3,0,18.783947,0.12845024,3.5868258,0.46072865,3.1260971,-1.272952,-1.6023374,-1.3486573,-1.4577848,-1.3500142,-1.272952,-1.3377251,-1.4203149,-1.3377251,-1.2872053,8,4,3,8,2,8,3,8,5,6,4,7,3,4,3,4,4,6,5,1,-2.5833889,0.89829083,5.3406032,4.7974148,0.54318831
-16.689174,0.99726718,0.49669374,2,3,0,17.348896,0.16035312,2.9955016,0.48033803,2.5151636,-1.2798742,-1.5806844,-1.3879902,-1.5025597,-1.3615563,-1.2798742,-1.3527509,-1.4522255,-1.3527509,-1.3681999,5,5,3,8,3,6,7,7,5,2,6,5,3,5,5,8,4,8,4,1,-1.862669,0.32840548,4.1227712,1.3539406,2.7688306
-16.490469,0.98081166,0.92261565,2,3,0,16.77353,0.26779187,3.1191917,0.83529416,2.2838975,-1.2660837,-1.4938823,-1.5020346,-1.637732,-1.346649,-1.2660837,-1.348425,-1.5195547,-1.348425,-1.674066,6,5,4,6,7,4,6,6,1,6,7,6,4,7,4,8,8,5,7,1,-1.5958717,0.44518648,1.313928,0.58494296,0.72898499
-16.490469,0.25188966,1.6382392,1,1,0,17.151613,0.26779187,3.1191917,0.83529416,2.2838975,-1.2660837,-1.4938823,-1.5020346,-1.637732,-1.346649,-1.2660837,-1.348425,-1.5195547,-1.348425,-1.674066,4,8,3,3,4,6,7,6,7,3,3,6,3,5,3,5,7,3,4,2,-1.5958717,0.21524168,3.6275822,0.7808069,2.8467753
-16.508063,0.99693429,0.29342013,4,15,0,16.924455,0.247368,3.2019484,0.79205956,2.4098888,-1.2618949,-1.5065792,-1.47843,-1.6064116,-1.3447221,-1.2618949,-1.3444579,-1.5027582,-1.3444579,-1.6173587,6,8,2,8,2,8,6,6,4,1,6,6,2,7,5,5,5,5,7,4,-1.7218003,0.40558432,2.2893025,0.92850519,1.3607973
-16.815077,0.96760007,0.55332354,3,7,0,17.323994,0.38764163,2.5405178,0.98481044,1.5557073,-1.3303704,-1.4431724,-1.6450749,-1.8535932,-1.3766976,-1.3303704,-1.3895876,-1.6327847,-1.3895876,-1.9991299,7,7,4,7,4,5,4,5,4,3,8,5,4,6,6,4,5,7,6,3,-0.91896451,0.48081487,3.6528441,1.7563418,1.8965023
-17.047795,0.95570884,0.94959098,2,3,0,17.71611,0.11923117,2.9684773,0.35393501,2.6145423,-1.2950633,-1.6190168,-1.3481112,-1.4636075,-1.3706895,-1.2950633,-1.3579856,-1.4314224,-1.3579856,-1.2556209,6,6,4,7,1,4,2,6,4,1,5,8,3,4,4,7,5,7,7,2,-2.0876273,0.14709708,1.6647752,0.24488357,1.4198916
-16.720759,1,1.564269,1,1,0,17.116098,0.16183609,1.9668934,0.31831434,1.648579,-1.3315106,-1.6067631,-1.4108409,-1.5402038,-1.4135405,-1.3315106,-1.4057247,-1.4949466,-1.4057247,-1.3499785,4,2,4,8,4,7,7,8,4,5,4,5,1,4,7,7,7,7,6,4,-1.1087573,0.47110928,1.464691,0.69002953,0.77466148
-16.720759,2.8987511e-06,2.9378797,1,1,0,17.492224,0.16183609,1.9668934,0.31831434,1.648579,-1.3315106,-1.6067631,-1.4108409,-1.5402038,-1.4135405,-1.3315106,-1.4057247,-1.4949466,-1.4057247,-1.3499785,7,5,7,7,3,7,3,6,6,3,7,7,3,4,5,8,6,4,6,3,-1.1087573,0.45970459,3.0962404,1.4233559,1.6728845
-17.253317,0.99439094,0.25810531,4,15,0,17.859204,0.099652415,2.6762672,0.26669649,2.4095707,-1.3147534,-1.6424945,-1.3354472,-1.456376,-1.3866042,-1.3147534,-1.3724057,-1.4321112,-1.3724057,-1.2001677,6,6,5,7,3,6,3,6,4,1,6,6,1,6,3,6,4,4,4,3,-1.9991795,0.54472435,2.5082846,1.3663237,1.1419609
-18.669143,0.92355251,0.47967563,3,7,0,20.425117,0.18755133,6.6193893,1.2414753,5.377914,-1.2101504,-1.5245506,-1.3964933,-1.4957306,-1.2940759,-1.2101504,-1.287088,-1.4213317,-1.287088,-1.480713,8,7,4,7,4,6,5,6,8,3,6,4,2,5,3,6,6,6,6,1,-5.0703685,0.58676335,3.0952446,1.8161761,1.2790685
-18.390008,1,0.71426678,2,3,0,18.937482,0.14256532,5.8110962,0.82846076,4.9826354,-1.2310756,-1.5730895,-1.3484243,-1.4456837,-1.3101774,-1.2310756,-1.2984364,-1.3980676,-1.2984364,-1.3426135,7,6,4,8,6,6,5,5,5,3,7,6,3,3,7,7,3,5,8,1,-4.5709316,0.43937772,2.7555584,1.210731,1.5448274
-16.361928,1,1.3282935,1,3,0,17.597845,0.25282095,2.7005538,0.68275657,2.0177972,-1.2807956,-1.5149462,-1.4884848,-1.621923,-1.3632146,-1.2807956,-1.3634876,-1.5188708,-1.3634876,-1.6184701,6,5,3,8,3,6,5,8,6,4,6,5,3,7,4,7,5,6,5,1,-1.2743847,0.2796974,1.4838519,0.41502952,1.0688224
-16.361928,0.1592401,2.4461725,1,1,0,16.722931,0.25282095,2.7005538,0.68275657,2.0177972,-1.2807956,-1.5149462,-1.4884848,-1.621923,-1.3632146,-1.2807956,-1.3634876,-1.5188708,-1.3634876,-1.6184701,8,4,5,8,6,6,6,8,6,4,5,6,2,4,4,7,6,6,8,6,-1.2743847,0.74168013,2.0403104,1.5132577,0.5270527
-17.537992,0.97333916,0.3792779,3,7,0,17.549722,0.46430263,2.8371208,1.3172826,1.5198382,-1.3809364,-1.4004754,-1.7448954,-2.0353402,-1.3788504,-1.3809364,-1.3988666,-1.7076525,-1.3988666,-2.2498311,7,6,6,8,4,8,7,6,2,2,7,7,1,6,6,6,6,6,4,1,-1.1127261,0.75289739,2.0779064,1.5644503,0.51345611
-17.010418,1,0.64705535,2,3,0,17.932188,0.13030379,3.2231477,0.41998837,2.8031593,-1.2823253,-1.6048296,-1.3549834,-1.4672443,-1.3598174,-1.2823253,-1.3479569,-1.4298558,-1.3479569,-1.2886338,8,8,6,7,4,7,4,8,6,3,6,7,2,5,4,7,7,8,5,1,-2.2373494,0.30060835,1.3874947,0.41709248,0.97040217
-17.11472,0.95508941,1.1816422,2,3,0,17.19944,0.42357432,1.929975,0.81748782,1.1124871,-1.3858694,-1.4600496,-1.6858627,-1.9202913,-1.4185189,-1.3858694,-1.4335019,-1.6804431,-1.4335019,-2.054369,7,6,2,6,2,6,4,5,5,2,6,6,2,5,4,5,3,7,5,3,-0.50401451,0.64364955,1.4971333,0.96362919,0.53350413
-16.401626,1,1.8790439,1,1,0,16.533865,0.24321753,2.8793777,0.70031513,2.1790625,-1.2731689,-1.5169254,-1.4763456,-1.6054146,-1.3563701,-1.2731689,-1.3557043,-1.5073306,-1.3557043,-1.5968908,6,6,2,7,4,8,4,6,5,5,5,6,2,7,3,6,4,6,6,2,-1.4496986,0.54998709,0.99720077,0.54844755,0.44875322
-16.401626,1.0950654e-14,3.3671733,1,1,0,17.824762,0.24321753,2.8793777,0.70031513,2.1790625,-1.2731689,-1.5169254,-1.4763456,-1.6054146,-1.3563701,-1.2731689,-1.3557043,-1.5073306,-1.3557043,-1.5968908,5,2,5,7,2,5,6,6,3,2,8,6,5,7,2,6,4,6,5,2,-1.4496986,0.22676548,0.73897757,0.1675746,0.57140296
-16.8834,0.9677543,0.36017186,2,7,0,17.483038,0.12757113,2.5342034,0.32329119,2.2109122,-1.3092543,-1.6189174,-1.3642961,-1.4847318,-1.386582,-1.3092543,-1.3750784,-1.4506195,-1.3750784,-1.2723612,7,5,3,8,2,4,6,8,4,4,8,6,4,4,1,7,6,5,6,3,-1.6715508,0.5356007,3.5032672,1.8763524,1.6269148
-17.171893,0.97850006,0.59249251,3,7,0,17.888033,0.12597053,1.770275,0.22300247,1.5472725,-1.3574487,-1.6432639,-1.3864364,-1.521168,-1.4351096,-1.3574487,-1.4245163,-1.4912503,-1.4245163,-1.2542316,8,5,3,7,3,7,4,3,3,3,7,4,4,3,4,7,5,5,7,1,-1.2412893,0.34236484,1.9749875,0.67616629,1.2988213
-18.195125,0.88586812,0.99572873,1,3,0,18.781572,0.060051645,3.0814593,0.1850467,2.8964126,-1.3215198,-1.6785481,-1.2916189,-1.4143326,-1.3826766,-1.3215198,-1.3644378,-1.4015791,-1.3644378,-1.0977701,5,6,1,4,2,6,7,4,5,1,6,7,3,5,4,8,3,6,4,2,-2.8076065,0.13957201,2.0719721,0.28918931,1.7827828
-20.059698,0.63191096,1.2872988,2,3,0,20.101963,0.65697582,1.6675334,1.0955291,0.57200427,-1.7015453,-1.4312566,-1.9734566,-2.5321544,-1.5129277,-1.7015453,-1.5421545,-1.9441032,-1.5421545,-2.6981394,3,7,2,6,6,6,2,6,4,3,7,6,7,6,2,8,2,7,3,6,-0.5015435,0.10017096,3.2262152,0.32317309,2.9030421
-18.990431,1,0.83142445,1,1,0,20.592811,0.59331916,2.122509,1.2593253,0.86318373,-1.5758339,-1.4024963,-1.9062352,-2.3764789,-1.4548301,-1.5758339,-1.4825513,-1.8664531,-1.4825513,-2.5825672,2,7,3,6,3,8,5,8,3,3,8,7,5,8,4,8,4,7,2,5,-0.61544915,0.68378514,1.5271692,1.0442556,0.48291358
-17.569518,0.73158234,1.4577674,2,3,0,18.409398,0.094404352,3.4473129,0.32544134,3.1218716,-1.2919865,-1.6383878,-1.3172292,-1.4304487,-1.3620216,-1.2919865,-1.3465578,-1.4065539,-1.3465578,-1.1922481,7,7,3,8,1,8,2,5,2,3,6,6,3,5,4,8,5,8,7,1,-2.7238044,0.8301893,0.70082312,0.58181586,0.11900726
-17.227232,0.95975632,1.2362754,2,3,0,18.684002,0.15371863,1.5130087,0.23257761,1.2804311,-1.3739585,-1.6355066,-1.4222172,-1.562583,-1.4554191,-1.3739585,-1.4475376,-1.5245815,-1.4475376,-1.3150967,8,8,2,8,5,8,3,7,5,4,8,5,3,3,4,7,6,4,5,1,-1.0434014,0.83959101,1.8143749,1.5233328,0.29104204
-17.227232,4.8089485e-06,1.9245108,1,1,0,18.019663,0.15371863,1.5130087,0.23257761,1.2804311,-1.3739585,-1.6355066,-1.4222172,-1.562583,-1.4554191,-1.3739585,-1.4475376,-1.5245815,-1.4475376,-1.3150967,6,6,3,7,3,6,6,5,5,1,4,5,4,7,6,7,5,5,7,2,-1.0434014,0.11726027,3.2935509,0.38620266,2.9073483
-17.931346,0.99693011,0.23850116,4,15,0,18.341944,0.47966706,3.3248123,1.5948029,1.7300093,-1.3854009,-1.3796749,-1.7706136,-2.0892208,-1.366901,-1.3854009,-1.3888956,-1.7228152,-1.3888956,-2.3269286,8,3,5,8,3,8,4,7,5,5,6,5,3,8,3,8,6,6,7,3,-1.5400633,0.71032911,3.422781,2.431301,0.99148001
-16.641158,0.96377695,0.41149076,1,3,0,18.697117,0.3360325,2.9789168,1.0010128,1.9779039,-1.2878568,-1.4547272,-1.5825749,-1.753749,-1.3530933,-1.2878568,-1.361539,-1.5778088,-1.361539,-1.8687768,8,2,3,7,2,8,5,7,5,3,5,6,2,8,3,7,5,7,4,2,-1.3431262,0.82160597,4.2658626,3.5048581,0.76100442
-16.653147,0.98857096,0.64600157,3,7,0,17.269764,0.17465707,1.9501574,0.34060878,1.6095487,-1.3298227,-1.597649,-1.4231668,-1.5532675,-1.4129241,-1.3298227,-1.4062476,-1.5024354,-1.4062476,-1.3824835,3,5,4,7,2,8,5,6,6,4,5,4,2,7,5,8,5,6,8,2,-1.040103,0.4496691,0.79188146,0.35608462,0.43579683
-16.653147,0.62835001,1.0732757,1,3,0,18.414668,0.17465707,1.9501574,0.34060878,1.6095487,-1.3298227,-1.597649,-1.4231668,-1.5532675,-1.4129241,-1.3298227,-1.4062476,-1.5024354,-1.4062476,-1.3824835,6,5,3,7,5,7,5,7,3,6,6,6,1,4,5,5,5,5,7,2,-1.040103,0.59489655,1.854806,1.1034177,0.75138832
-17.223482,0.95835789,0.70636918,3,7,0,17.369745,0.39900842,3.43003,1.3686108,2.0614191,-1.3086701,-1.4100806,-1.6623929,-1.8849995,-1.3459299,-1.3086701,-1.3607556,-1.6316811,-1.3607556,-2.0776686,7,7,6,4,1,5,6,6,3,6,6,5,6,5,2,8,6,6,6,3,-1.6764998,0.31366889,0.56187391,0.17624237,0.38563154
-18.623986,0.71491159,1.0780174,2,3,0,19.604353,0.075819928,4.7248741,0.35823961,4.3666345,-1.2773333,-1.6513364,-1.2860127,-1.3933805,-1.3416761,-1.2773333,-1.3235394,-1.374565,-1.3235394,-1.1466063,7,7,3,5,4,8,6,5,5,6,4,5,3,6,5,5,2,5,7,1,-4.1232619,0.43239837,5.8350808,2.5230795,3.3120014
-17.072545,0.96818408,0.88709045,2,3,0,19.099285,0.15368281,3.8012755,0.58419072,3.2170848,-1.2587633,-1.5756808,-1.3722429,-1.4796858,-1.3395917,-1.2587633,-1.3296952,-1.4299877,-1.3296952,-1.3601422,8,6,3,8,2,6,7,8,4,3,5,5,3,6,6,5,5,7,2,2,-2.6339088,0.6943267,2.3990584,1.6657303,0.73332808
-16.630418,0.87189299,1.376229,2,3,0,17.447848,0.20315322,3.3649387,0.68359814,2.6813405,-1.2591041,-1.5378629,-1.428522,-1.5444074,-1.3434594,-1.2591041,-1.3387203,-1.4690188,-1.3387203,-1.4943451,7,5,5,5,3,7,5,6,3,3,7,5,2,6,4,6,6,7,5,3,-2.0096755,0.22449688,1.1794687,0.26478704,0.91468163
-16.522123,0.95736293,1.6715782,2,3,0,16.641788,0.20617357,1.9497533,0.40198761,1.5477657,-1.3248658,-1.5747755,-1.4529268,-1.5857808,-1.4092731,-1.3248658,-1.405376,-1.5194645,-1.405376,-1.4642376,8,6,3,7,3,6,4,6,2,2,6,6,4,7,3,5,5,5,8,1,-0.91295689,0.81257467,1.6557003,1.3453801,0.31032017
-16.522123,0.18977922,2.4975363,1,1,0,17.228235,0.20617357,1.9497533,0.40198761,1.5477657,-1.3248658,-1.5747755,-1.4529268,-1.5857808,-1.4092731,-1.3248658,-1.405376,-1.5194645,-1.405376,-1.4642376,5,5,3,5,5,5,5,7,7,3,6,5,7,6,5,8,8,5,7,1,-0.91295689,0.1447912,1.7994472,0.26054413,1.5389031
-19.738781,0.7746947,0.57045413,3,7,0,20.930375,0.026325862,2.0128108,0.052988979,1.9598219,-1.3888009,-1.72744,-1.2949872,-1.4416035,-1.4420767,-1.3888009,-1.422927,-1.4373994,-1.422927,-1.0099407,8,5,1,6,2,6,3,6,5,5,4,7,3,6,4,8,5,6,7,2,-2.7975277,0.61064103,1.9728127,1.2046804,0.76813234
-16.784195,0.97557159,0.54853597,3,7,0,20.210515,0.28834497,1.5842868,0.45682112,1.1274656,-1.3588094,-1.5466534,-1.5424284,-1.7001007,-1.4377793,-1.3588094,-1.4409866,-1.5915292,-1.4409866,-1.6559705,7,5,5,7,3,8,2,7,4,6,6,5,2,6,3,7,5,4,4,1,-0.58651589,0.66744468,4.5034224,3.0057853,1.4976371
-18.013094,0.69930301,0.85552685,3,7,0,19.366497,0.084701632,1.5665236,0.1326871,1.4338365,-1.3922457,-1.6861613,-1.3633156,-1.5082903,-1.4626568,-1.3922457,-1.4492011,-1.4919587,-1.4492011,-1.150181,7,7,6,8,2,6,5,5,4,3,6,7,5,5,2,6,8,6,6,2,-1.5593699,0.43039354,2.4669893,1.0617762,1.405213
-17.792998,1,0.68538303,2,3,0,18.223034,0.11233214,1.4279056,0.1603997,1.2675059,-1.3962033,-1.6713725,-1.3936771,-1.5393454,-1.472189,-1.3962033,-1.4612241,-1.5160067,-1.4612241,-1.21356,4,7,5,3,6,7,6,3,7,4,7,8,3,4,5,4,1,4,4,1,-1.3227485,0.18954863,1.4650196,0.27769246,1.1873271
-17.385026,0.93027543,1.1240159,2,3,0,18.634787,0.45864969,1.9817311,0.90892035,1.0728107,-1.4104499,-1.4442518,-1.728351,-1.997077,-1.4216241,-1.4104499,-1.4395287,-1.7128,-1.4395287,-2.1604499,8,5,6,7,2,7,3,6,5,6,7,6,4,7,3,8,3,3,5,3,-0.5113283,0.59103047,3.1112897,1.838867,1.2724227
# Adaptation terminated
# Step size = 0.941408
# Diagonal elements of inverse mass matrix:
# 0.712484, 0.193904
-18.400009,0.71923771,0.94140758,2,3,0,18.964233,0.54140919,2.6984277,1.4609536,1.2374741,-1.4801533,-1.3829628,-1.8483531,-2.250721,-1.4077383,-1.4801533,-1.4335533,-1.8011331,-1.4335533,-2.4818751,5,5,2,7,6,7,7,6,7,6,7,4,7,7,7,8,5,7,4,3,-0.99930498,0.59252609,0.54602752,0.32353555,0.22249197
-19.175653,0.90758506,0.94140758,2,3,0,20.619884,0.04824456,1.457053,0.070294881,1.3867581,-1.4210644,-1.7221814,-1.3433801,-1.4986638,-1.4832214,-1.4210644,-1.4673667,-1.4909958,-1.4673667,-1.0638406,6,6,4,4,6,5,5,8,6,1,4,5,2,5,5,7,6,5,4,4,-2.0920046,0.37022294,2.5763782,0.9538343,1.6225439
-17.598825,0.77421298,0.94140758,2,3,0,23.27679,0.15569343,4.7375731,0.737609,3.9999641,-1.2403285,-1.5656579,-1.3677386,-1.469827,-1.3213474,-1.2403285,-1.3112989,-1.4170252,-1.3112989,-1.374339,6,3,3,8,2,7,5,6,6,1,7,8,3,6,4,4,5,7,5,3,-3.5060539,0.32464813,1.9566948,0.6352373,1.3214575
-16.762916,1,0.94140758,2,3,0,17.869127,0.34092139,3.230032,1.101187,2.128845,-1.2817041,-1.4453098,-1.5883237,-1.762465,-1.3449101,-1.2817041,-1.3539784,-1.5779828,-1.3539784,-1.8929533,8,5,4,6,5,4,5,7,7,1,5,6,3,6,5,8,3,6,6,3,-1.5590827,0.64415942,1.9527066,1.2578544,0.69485226
-17.111905,0.98202718,0.94140758,2,7,0,17.24379,0.21248214,1.4057656,0.29870008,1.1070655,-1.3767559,-1.6044166,-1.4782006,-1.6241292,-1.4613703,-1.3767559,-1.4583506,-1.5625804,-1.4583506,-1.4528258,8,6,3,8,4,8,6,5,5,4,7,7,5,3,6,4,3,8,4,3,-0.81098485,0.63408221,1.5538957,0.98529762,0.56859807
-17.111905,0.67040023,0.94140758,2,3,0,19.302977,0.21248214,1.4057656,0.29870008,1.1070655,-1.3767559,-1.6044166,-1.4782006,-1.6241292,-1.4613703,-1.3767559,-1.4583506,-1.5625804,-1.4583506,-1.4528258,6,6,4,8,4,6,5,4,4,2,7,6,3,7,7,7,5,8,7,1,-0.81098485,0.5598689,2.8115941,1.5741241,1.23747
-19.360842,0.49615603,0.94140758,2,3,0,22.009294,0.38317318,6.8729712,2.6335382,4.239433,-1.2514654,-1.3751308,-1.6487188,-1.8632863,-1.2919957,-1.2514654,-1.3067418,-1.5975819,-1.3067418,-2.1010814,8,5,5,7,1,6,2,4,4,6,5,8,4,6,2,4,4,6,6,3,-4.8517939,0.89747383,2.7309942,2.4509958,0.27999836
-17.341234,1,0.94140758,1,1,0,18.831352,0.26201772,4.7171937,1.2359883,3.4812054,-1.2283994,-1.4734015,-1.4894486,-1.6162466,-1.3094633,-1.2283994,-1.3107545,-1.4922619,-1.3107545,-1.6891578,6,6,3,8,1,6,4,6,3,2,5,6,5,4,3,7,5,7,5,3,-3.1009821,0.17559762,1.5992744,0.28082878,1.3184456
-17.009545,1,0.94140758,2,3,0,17.337556,0.2289378,4.1883444,0.95887036,3.2294741,-1.2369242,-1.5052624,-1.4521337,-1.5691214,-1.3209448,-1.2369242,-1.3187245,-1.4729019,-1.3187245,-1.5825596,5,7,6,6,6,7,6,7,2,3,7,5,3,6,3,5,8,5,6,2,-2.6933387,0.38853539,2.7190963,1.0564651,1.6626312
-16.600779,0.970257,0.94140758,2,3,0,17.361782,0.24793398,3.4212432,0.84824244,2.5730008,-1.2552618,-1.5018855,-1.4776978,-1.6045107,-1.3380155,-1.2552618,-1.3378054,-1.4988406,-1.3378054,-1.6241841,7,2,5,8,2,8,5,7,3,6,3,5,4,3,4,8,4,4,6,1,-1.9199903,0.70983767,1.8375107,1.3043343,0.53317639
-16.673732,0.8792542,0.94140758,2,7,0,17.611274,0.29100544,1.6877059,0.49113161,1.1965743,-1.3491363,-1.5375024,-1.5427349,-1.6997641,-1.4274699,-1.3491363,-1.4309666,-1.5866642,-1.4309666,-1.6710688,7,5,3,6,3,7,3,8,4,3,7,5,2,6,2,5,6,6,4,1,-0.59337125,0.54471722,1.0029339,0.54631536,0.45661852
-16.531655,1,0.94140758,1,1,0,16.661359,0.25830457,1.8222139,0.47068616,1.3515277,-1.3336223,-1.5474845,-1.5070648,-1.652223,-1.4159377,-1.3336223,-1.4166633,-1.5577167,-1.4166633,-1.5944266,4,8,2,6,6,8,5,6,3,2,6,5,5,5,6,7,6,7,3,2,-0.70384991,0.087243928,1.6402391,0.1431009,1.4971382
-16.456483,0.99479688,0.94140758,2,3,0,16.593311,0.26066005,3.043838,0.79340695,2.250431,-1.267973,-1.5005774,-1.4944269,-1.6279349,-1.3494682,-1.267973,-1.3505271,-1.5158676,-1.3505271,-1.6513516,8,6,6,6,3,7,2,4,5,1,6,7,4,8,3,6,2,7,7,5,-1.5464398,0.47466661,1.3774606,0.65383455,0.72362604
-20.649973,0.56849753,0.94140758,2,3,0,21.436634,0.24414078,9.7808235,2.3878978,7.3929257,-1.1859836,-1.4625477,-1.4616877,-1.5729779,-1.2689978,-1.1859836,-1.2683143,-1.4524632,-1.2683143,-1.6699564,7,7,3,8,3,8,4,7,4,2,7,7,5,7,7,4,5,4,6,4,-7.4432594,0.61492337,0.95563164,0.58764023,0.36799142
-17.015572,0.98939357,0.94140758,2,7,0,20.145797,0.27270647,1.4196215,0.38713997,1.0324815,-1.3753558,-1.5689445,-1.5322802,-1.6884982,-1.456721,-1.3753558,-1.4585559,-1.5943616,-1.4585559,-1.6023779,8,7,5,7,2,8,2,7,5,5,6,3,5,8,4,5,5,3,5,4,-0.63717114,0.73125064,2.4439701,1.7871547,0.65681538
-17.717348,0.88483398,0.94140758,2,3,0,18.162868,0.1322782,4.6208684,0.61124015,4.0096282,-1.2506141,-1.5899831,-1.3436378,-1.4459382,-1.3281286,-1.2506141,-1.3156966,-1.4048754,-1.3156966,-1.3060709,8,4,4,6,4,8,4,5,8,3,5,7,3,3,4,6,5,6,5,2,-3.531943,0.47917293,3.7165978,1.7808931,1.9357047
-18.404374,0.95891777,0.94140758,2,3,0,18.57627,0.14807037,5.8983004,0.87336349,5.0249369,-1.2281419,-1.5669938,-1.3540915,-1.4512145,-1.3080736,-1.2281419,-1.2968999,-1.4006663,-1.2968999,-1.3592224,2,7,4,6,5,6,7,8,4,3,3,8,2,5,4,8,5,7,5,3,-4.6183734,0.50277747,0.75662739,0.3804152,0.37621218
-17.667165,1,0.94140758,2,3,0,18.423113,0.13310099,4.5513955,0.60579527,3.9456003,-1.2514155,-1.5895914,-1.3449648,-1.447617,-1.3290838,-1.2514155,-1.3167648,-1.4062801,-1.3167648,-1.3079651,8,5,2,7,5,7,4,7,3,2,4,6,1,3,5,6,2,5,5,4,-3.4612565,0.4413005,6.7672922,2.9864094,3.7808827
-17.444516,1,0.94140758,2,3,0,17.803483,0.12320917,3.9902188,0.49163157,3.4985873,-1.26587,-1.6038468,-1.3392921,-1.445667,-1.3418635,-1.26587,-1.3288169,-1.4096663,-1.3288169,-1.2759272,6,6,5,6,6,7,3,6,3,1,5,7,3,8,3,6,6,5,3,3,-2.9973665,0.05086136,1.5392682,0.078289273,1.4609789
-17.620488,0.94934432,0.94140758,2,3,0,18.46539,0.39252974,4.2016542,1.6492742,2.5523799,-1.2879975,-1.3978679,-1.656283,-1.8752811,-1.3267908,-1.2879975,-1.3415188,-1.6187088,-1.3415188,-2.0831906,8,6,4,7,1,8,2,7,4,6,6,5,5,8,2,6,6,8,4,5,-2.4052162,0.76972889,2.7485805,2.1156618,0.63291868
-17.225505,1,0.94140758,2,3,0,17.761912,0.21806859,4.528527,0.98752948,3.5409975,-1.2312364,-1.5105571,-1.4382034,-1.5507436,-1.3156217,-1.2312364,-1.3122152,-1.4607811,-1.3122152,-1.555002,7,4,6,8,6,7,4,3,3,3,7,6,3,5,4,7,4,5,3,2,-3.0491561,0.47839681,3.6657141,1.7536659,1.9120482
-16.48558,1,0.94140758,2,3,0,17.18002,0.20696076,2.0171874,0.41747864,1.5997087,-1.3199026,-1.5712005,-1.4519847,-1.5837579,-1.4043097,-1.3199026,-1.400446,-1.5162643,-1.400446,-1.4689696,8,6,4,5,3,7,5,4,6,2,5,6,3,8,6,6,3,7,3,3,-0.9429911,0.34380255,0.98206072,0.33763498,0.64442574
-16.849246,0.95761177,0.94140758,2,3,0,16.887364,0.14017485,2.0452332,0.28669025,1.758543,-1.3321434,-1.621205,-1.388708,-1.5167117,-1.4116423,-1.3321434,-1.4018413,-1.4798929,-1.4018413,-1.2963023,5,5,1,8,4,6,2,5,5,2,6,4,2,7,4,5,4,4,6,1,-1.266435,0.62822369,2.3760609,1.4926978,0.88336318
-16.732635,0.89521044,0.94140758,2,3,0,17.886432,0.37687047,2.4115755,0.90885159,1.5027239,-1.3300661,-1.4536118,-1.6318315,-1.8314618,-1.3817241,-1.3300661,-1.393491,-1.6256278,-1.393491,-1.9594853,6,7,7,5,5,7,4,7,6,2,5,5,5,5,3,6,5,7,5,3,-0.83320433,0.37524722,6.7252278,2.523623,4.2016047
-17.376528,0.86181269,0.94140758,2,3,0,17.886972,0.17626206,4.5678799,0.80514392,3.762736,-1.2373232,-1.5472747,-1.3910447,-1.4956754,-1.3204443,-1.2373232,-1.3126028,-1.4319508,-1.3126028,-1.4326531,7,5,4,7,3,8,4,7,2,6,7,6,4,4,3,6,4,6,5,4,-3.2469956,0.65083756,1.7668778,1.1499505,0.61692738
-16.579081,0.97128652,0.94140758,2,3,0,17.709558,0.18582362,3.0736171,0.57115066,2.5024664,-1.2711634,-1.557365,-1.413062,-1.5288512,-1.3548963,-1.2711634,-1.3485338,-1.4649586,-1.3485338,-1.4401529,8,5,2,6,4,6,6,6,3,4,6,4,3,2,5,4,5,8,4,2,-1.8147203,0.50217308,1.7083904,0.85790764,0.85048272
-16.974561,0.93160833,0.94140758,2,3,0,17.230999,0.33755992,3.6944207,1.2470883,2.4473323,-1.2678639,-1.4371223,-1.5840534,-1.7555438,-1.3315822,-1.2678639,-1.3405476,-1.5687077,-1.3405476,-1.8978234,5,4,4,5,3,7,8,5,6,2,8,5,5,3,3,6,3,7,6,2,-1.9918909,0.068958835,2.7696156,0.19098946,2.5786261
-16.694159,1,0.94140758,2,3,0,17.11998,0.1719742,1.9070631,0.32796565,1.5790975,-1.3336208,-1.6015111,-1.4220291,-1.5528783,-1.4165348,-1.3336208,-1.4096666,-1.5036412,-1.4096666,-1.3741863,7,3,5,6,3,6,7,4,7,5,6,4,3,5,7,5,4,5,4,1,-1.0332464,0.4649007,1.4187812,0.65959238,0.75918884
-16.716294,0.87893499,0.94140758,2,3,0,17.914962,0.37450014,2.3122248,0.86592851,1.4462963,-1.3337233,-1.4592188,-1.6289504,-1.8265962,-1.3868033,-1.3337233,-1.3982373,-1.6258988,-1.3982373,-1.9460527,7,7,3,7,4,4,7,8,8,3,7,6,3,7,2,4,5,3,4,3,-0.76569587,0.43496556,2.645151,1.1505496,1.4946014
-16.774242,0.99384516,0.94140758,2,3,0,17.01761,0.17745807,3.4743073,0.61654385,2.8577634,-1.2606014,-1.55804,-1.400131,-1.5116076,-1.343805,-1.2606014,-1.3364438,-1.4505492,-1.3364438,-1.4232781,6,8,6,6,4,4,1,6,5,2,5,7,2,7,1,6,5,8,5,2,-2.2137593,0.2102187,0.91696038,0.19276221,0.72419816
-19.369641,0.6432432,0.94140758,2,3,0,19.643816,0.44796708,6.0099514,2.6922604,3.317691,-1.3154948,-1.3493923,-1.7404538,-2.0351788,-1.3131684,-1.3154948,-1.334254,-1.6771924,-1.334254,-2.3051735,6,7,2,7,5,8,7,8,5,1,7,6,4,8,6,6,6,7,6,2,-4.0458176,0.16215933,3.9884429,0.64676323,3.3416797
-16.849662,1,0.94140758,2,3,0,19.522959,0.13174701,2.6530487,0.34953125,2.3035175,-1.3024223,-1.6127006,-1.3657458,-1.4843577,-1.38037,-1.3024223,-1.3691283,-1.4481343,-1.3691283,-1.2852503,5,7,5,7,2,5,4,8,6,3,5,8,3,6,2,5,5,6,7,2,-1.7375681,0.3723773,1.1404302,0.42467034,0.7157599
-17.975757,1,0.94140758,2,3,0,18.512902,0.51784714,2.1026779,1.0888657,1.0138122,-1.4663265,-1.4191698,-1.8048184,-2.1490539,-1.4291154,-1.4663265,-1.4518002,-1.7742018,-1.4518002,-2.3489611,8,4,4,7,3,6,3,7,3,4,5,5,5,8,1,7,6,6,2,4,-0.56982578,0.85567036,1.6370978,1.4008161,0.23628173
-16.660006,1,0.94140758,1,1,0,17.490974,0.32813892,1.8144656,0.59539677,1.2190688,-1.3468404,-1.5094907,-1.5791846,-1.7500618,-1.4171592,-1.3468404,-1.4239397,-1.6058139,-1.4239397,-1.7797035,6,4,4,7,3,7,4,5,2,4,7,5,2,7,3,4,8,8,5,4,-0.56080123,0.64977096,2.1458535,1.3943133,0.75154022
-16.440243,0.8895961,0.94140758,2,3,0,17.725673,0.19342649,2.3814189,0.46062949,1.9207894,-1.2993942,-1.5678334,-1.4309365,-1.5554367,-1.3834719,-1.2993942,-1.3781751,-1.4917591,-1.3781751,-1.4450637,4,4,3,5,5,5,5,7,8,2,7,8,3,6,3,4,6,5,4,1,-1.2204812,0.20362056,2.0059186,0.40844628,1.5974724
-16.758859,0.9546326,0.94140758,1,3,0,16.780565,0.14165837,2.661238,0.37698664,2.2842513,-1.2986247,-1.6036203,-1.375038,-1.4932538,-1.3780575,-1.2986247,-1.3677279,-1.4528442,-1.3677279,-1.3119424,5,6,4,7,4,7,7,6,7,2,5,7,3,7,6,8,6,7,3,3,-1.6830986,0.40315905,1.1741574,0.47337217,0.70078519
-17.604274,0.90733873,0.94140758,2,3,0,17.981921,0.08288119,2.1069351,0.17462529,1.9323098,-1.3511957,-1.6698249,-1.3366812,-1.469095,-1.419983,-1.3511957,-1.405179,-1.4515186,-1.405179,-1.1512335,7,5,6,7,1,8,5,8,5,6,5,7,2,7,6,5,4,3,4,2,-1.7615578,0.67789472,3.8712034,2.6242683,1.2469351
-16.493973,0.82743777,0.94140758,2,3,0,18.160049,0.31570398,2.7570243,0.87040352,1.8866207,-1.2892239,-1.4730742,-1.5590244,-1.7187446,-1.3606577,-1.2892239,-1.367019,-1.5651295,-1.367019,-1.8001065,6,3,1,5,2,6,5,6,5,1,7,5,2,7,4,4,2,5,2,4,-1.1865869,0.36461933,2.4843582,0.90584499,1.5785132
-16.493973,0.79258632,0.94140758,1,3,0,17.534941,0.31570398,2.7570243,0.87040352,1.8866207,-1.2892239,-1.4730742,-1.5590244,-1.7187446,-1.3606577,-1.2892239,-1.367019,-1.5651295,-1.367019,-1.8001065,4,3,3,6,4,7,5,7,2,2,6,1,3,6,3,7,2,8,4,3,-1.1865869,0.24600272,1.4723061,0.36219131,1.1101148
-17.533772,0.63445833,0.94140758,2,3,0,18.496167,0.13017505,1.4550948,0.18941704,1.2656777,-1.3870941,-1.6562889,-1.4061277,-1.5493377,-1.4657606,-1.3870941,-1.4561183,-1.5201941,-1.4561183,-1.2565848,8,3,1,4,3,4,6,5,7,3,6,8,2,6,6,6,6,2,7,1,-1.1897863,0.10550871,2.3736187,0.25043746,2.1231813
-16.512418,1,0.94140758,2,3,0,17.265405,0.30621924,2.9367452,0.8992879,2.0374573,-1.2796515,-1.4734656,-1.547278,-1.7012718,-1.3532073,-1.2796515,-1.3587327,-1.5534842,-1.3587327,-1.779655,8,6,4,8,2,4,5,8,6,1,7,6,3,5,3,7,4,6,4,2,-1.3555367,0.51855514,0.60315694,0.31277013,0.29038681
-16.504074,0.84419847,0.94140758,2,3,0,17.828207,0.18798294,2.8378211,0.53346194,2.3043591,-1.279422,-1.5603181,-1.4182245,-1.5365995,-1.3632639,-1.279422,-1.3572181,-1.4727889,-1.3572181,-1.441446,6,7,4,7,3,5,7,1,5,1,5,6,5,6,5,5,5,6,4,2,-1.6015515,0.29103417,1.8650952,0.54280643,1.3222887
-17.283655,0.83854258,0.94140758,2,3,0,17.706761,0.42446956,1.6631968,0.7059764,0.95722036,-1.4057594,-1.4800015,-1.6855921,-1.9174312,-1.4410312,-1.4057594,-1.4554533,-1.6899869,-1.4554533,-2.0263881,8,8,5,8,3,7,3,6,4,4,6,7,2,4,3,7,6,2,2,2,-0.42016244,0.61940043,4.0815939,2.528141,1.5534529
-18.364247,0.71790189,0.94140758,1,1,0,18.511987,0.52278659,1.4520162,0.7590946,0.69292161,-1.5078691,-1.4730987,-1.7957948,-2.1173369,-1.4842359,-1.5078691,-1.5049709,-1.7885789,-1.5049709,-2.2636939,7,4,6,7,2,5,6,7,6,2,7,6,2,8,4,5,7,8,5,3,-0.40040692,0.54679725,2.0013005,1.0943056,0.90699488
-21.016196,0.19530239,0.94140758,2,3,0,23.943509,0.094178011,0.72022479,0.067829338,0.65239545,-1.53784,-1.7602501,-1.4661695,-1.6493077,-1.6137062,-1.53784,-1.6040705,-1.6364425,-1.6040705,-1.1632376,8,5,2,8,6,5,2,8,2,5,6,3,6,5,3,8,7,1,6,1,-2.6535881,0.68344494,2.4442437,1.670506,0.7737377
-19.172101,1,0.94140758,1,1,0,21.02731,0.17195484,0.86267859,0.14834176,0.71433683,-1.478879,-1.6922837,-1.4913891,-1.6582237,-1.5626887,-1.478879,-1.5574433,-1.6236328,-1.5574433,-1.3246924,5,6,7,5,4,5,7,8,4,4,6,7,3,8,2,4,3,7,5,3,-1.6496217,0.42731561,3.060289,1.3077093,1.7525797
-17.26321,0.87129601,0.94140758,2,3,0,21.385934,0.36127006,3.9714257,1.4347572,2.5366685,-1.2730434,-1.418434,-1.6145006,-1.8042435,-1.3273131,-1.2730434,-1.3387971,-1.5884396,-1.3387971,-1.9786291,7,5,2,6,4,5,1,7,5,4,5,6,7,5,6,8,3,6,5,1,-2.2206916,0.48988417,2.220233,1.087657,1.132576
-16.60757,0.98402855,0.94140758,1,3,0,17.315679,0.34717337,2.6740622,0.9283632,1.745699,-1.3039988,-1.4582246,-1.5963147,-1.7751235,-1.3661535,-1.3039988,-1.3754496,-1.5935208,-1.3754496,-1.8878309,2,8,2,8,1,7,6,5,6,2,6,4,2,4,2,7,4,5,6,4,-1.0707296,0.2702875,0.83362487,0.22531839,0.60830648
-18.652698,0.76432336,0.94140758,2,3,0,18.891322,0.26694891,0.90103159,0.2405294,0.66050219,-1.4638117,-1.6399513,-1.5574334,-1.7279062,-1.5472915,-1.4638117,-1.5484551,-1.6551998,-1.5484551,-1.5323017,8,4,3,8,4,8,2,8,3,4,6,7,3,6,2,8,5,7,6,5,-1.2326276,0.8820534,1.9540383,1.7235662,0.23047218
-17.062007,1,0.94140758,2,3,0,19.158403,0.11392739,2.7401319,0.31217609,2.4279558,-1.3058211,-1.6276872,-1.3472704,-1.4658941,-1.3805699,-1.3058211,-1.3675979,-1.4363599,-1.3675979,-1.2387824,8,4,3,8,3,4,4,5,5,1,8,3,1,7,3,7,8,5,6,3,-1.9334605,0.48490275,2.1102977,1.0232892,1.0870086
-17.963065,0.89505105,0.94140758,2,3,0,18.605747,0.1019292,1.4160807,0.14433996,1.2717407,-1.401427,-1.6800812,-1.3863956,-1.5336631,-1.4756319,-1.401427,-1.4639018,-1.5134009,-1.4639018,-1.1888351,5,6,4,6,5,5,4,3,5,3,8,3,1,6,4,5,6,3,4,1,-1.411309,0.28241305,5.3314703,1.5056768,3.8257935
-16.537007,0.94113652,0.94140758,1,3,0,18.566241,0.19422837,3.0427091,0.59098043,2.4517287,-1.2707481,-1.5509848,-1.4221945,-1.5393489,-1.3548583,-1.2707481,-1.3493352,-1.470907,-1.3493352,-1.4630336,8,5,5,5,4,5,7,7,3,3,8,6,3,5,5,5,4,5,7,4,-1.7535859,0.45560473,3.0456823,1.3876272,1.658055
-16.455961,0.84504453,0.94140758,2,3,0,17.793565,0.18970595,2.3646326,0.44858486,1.9160477,-1.300896,-1.5712207,-1.4275623,-1.5518892,-1.3848242,-1.300896,-1.3791913,-1.4902992,-1.3791913,-1.4345861,7,8,3,4,2,5,2,5,6,4,6,7,2,6,3,7,6,6,7,2,-1.2233887,0.1952686,1.7035756,0.33265482,1.3709208
-17.960317,0.84072047,0.94140758,2,3,0,18.225531,0.13709938,5.080084,0.69647635,4.3836076,-1.2419362,-1.5822962,-1.3459566,-1.4460057,-1.3202139,-1.2419362,-1.3081103,-1.4020061,-1.3081103,-1.3227818,5,6,4,6,2,6,5,5,6,1,3,4,2,5,5,7,6,5,4,3,-3.9317861,0.40248339,2.1469161,0.8640981,1.282818
-19.109197,0.87061385,0.94140758,2,3,0,19.816262,0.49491991,0.99655344,0.49321414,0.5033393,-1.531895,-1.5479607,-1.7566967,-2.0267457,-1.5458691,-1.531895,-1.5624899,-1.7843639,-1.5624899,-2.0814621,7,6,5,8,5,8,5,8,5,7,5,7,3,8,4,7,5,6,3,1,-0.78747923,0.8200853,2.0070329,1.6459382,0.36109471
-16.379859,0.967422,0.94140758,2,3,0,19.085448,0.21357925,2.3801138,0.5083429,1.8717709,-1.2969941,-1.5527393,-1.4512403,-1.5786455,-1.3813894,-1.2969941,-1.3779738,-1.5038046,-1.3779738,-1.4994981,8,7,2,7,2,8,5,5,6,5,7,5,2,7,4,6,5,7,4,2,-1.1457436,0.5722467,3.0808495,1.763006,1.3178435
-16.71389,0.93470583,0.94140758,2,3,0,16.879748,0.14569206,2.499339,0.36413385,2.1352052,-1.3046727,-1.6036446,-1.3821203,-1.5024744,-1.3847073,-1.3046727,-1.3748991,-1.4610261,-1.3748991,-1.3199442,7,2,6,7,2,8,5,8,3,3,6,5,2,5,1,3,7,7,2,3,-1.533132,0.73901407,4.0224879,2.9726752,1.0498127
-16.562126,1,0.94140758,2,3,0,16.715987,0.16871834,2.3328952,0.39360221,1.939293,-1.3068615,-1.5887746,-1.4077277,-1.5309491,-1.3894301,-1.3068615,-1.3818837,-1.4800069,-1.3818837,-1.3776841,7,6,3,7,4,5,3,6,7,2,4,7,4,4,5,3,4,4,7,1,-1.2928623,0.48732668,1.6366911,0.79760323,0.83908785
-19.477866,0.73103453,0.94140758,2,3,0,20.040294,0.37511668,7.1346042,2.6763091,4.4582951,-1.2441293,-1.3781103,-1.6376689,-1.8439648,-1.288774,-1.2441293,-1.3027148,-1.5878759,-1.3027148,-2.0773364,8,4,3,8,3,8,3,6,5,2,5,4,3,7,3,7,3,7,6,4,-5.0846965,0.80369669,4.9183254,3.9528419,0.96548358
-17.244471,1,0.94140758,2,3,0,19.815009,0.12033232,3.5278635,0.42451601,3.1033475,-1.2777956,-1.6110177,-1.3412818,-1.4513054,-1.3533876,-1.2777956,-1.3403455,-1.4173815,-1.3403455,-1.2641492,7,3,5,5,3,4,2,7,4,2,6,6,1,6,3,4,5,6,6,2,-2.5846487,0.54244595,2.2008049,1.1938177,1.0069872
-17.623984,0.93553565,0.94140758,2,3,0,18.36129,0.34306474,4.7191304,1.6189672,3.1001631,-1.2507639,-1.4180059,-1.5915011,-1.7668661,-1.3114851,-1.2507639,-1.3213979,-1.56457,-1.3213979,-1.9392221,6,8,2,7,5,6,5,5,2,1,8,4,1,6,4,6,6,6,7,3,-2.9496291,0.092626278,2.1359614,0.19784616,1.9381153
-17.685378,0.67854426,0.94140758,2,7,0,20.943389,0.41685647,1.323067,0.55152904,0.77153797,-1.4345829,-1.517614,-1.677184,-1.899194,-1.4784209,-1.4345829,-1.491277,-1.700379,-1.491277,-1.9567041,4,4,1,5,5,7,5,7,3,5,8,7,4,5,3,7,3,6,6,1,-0.46977929,0.76946751,0.95552682,0.73524684,0.22027998
-18.616607,0.84540562,0.94140758,2,3,0,19.362765,0.1584795,6.326155,1.0025659,5.3235891,-1.2204454,-1.5545386,-1.3641469,-1.4605364,-1.3017643,-1.2204454,-1.2916246,-1.4038786,-1.2916246,-1.3921067,4,6,5,7,1,6,6,3,5,2,4,6,4,7,6,6,3,4,5,2,-4.9455133,0.18947379,2.1065694,0.39913969,1.7074297
-16.705233,1,0.94140758,2,3,0,18.755126,0.33538167,3.1558716,1.0584215,2.0974501,-1.2817384,-1.4503345,-1.5815917,-1.7520983,-1.3469016,-1.2817384,-1.3553858,-1.5742004,-1.3553858,-1.8736829,7,7,2,8,4,6,1,7,7,2,8,6,2,6,3,7,4,5,6,2,-1.5004115,0.44331052,3.8291563,1.6975053,2.1316511
-16.705233,0.15848123,0.94140758,1,1,0,19.084425,0.33538167,3.1558716,1.0584215,2.0974501,-1.2817384,-1.4503345,-1.5815917,-1.7520983,-1.3469016,-1.2817384,-1.3553858,-1.5742004,-1.3553858,-1.8736829,7,6,2,5,4,4,5,5,5,2,5,7,3,7,5,4,8,6,4,3,-1.5004115,0.20253856,3.901263,0.7901562,3.1111068
-16.678017,0.97359095,0.94140758,2,7,0,16.99168,0.22896916,1.6834613,0.38546071,1.2980006,-1.3455645,-1.5740353,-1.4822913,-1.6236855,-1.4297977,-1.3455645,-1.4280037,-1.5488551,-1.4280037,-1.5104223,7,5,4,8,6,5,5,8,5,7,6,3,3,5,4,6,6,4,6,2,-0.74845001,0.3893585,4.7945959,1.8668167,2.9277793
-17.433565,0.78442059,0.94140758,2,3,0,18.687474,0.20470671,4.8211599,0.98692378,3.8342362,-1.2278859,-1.5194093,-1.4217194,-1.5299082,-1.3123289,-1.2278859,-1.307456,-1.4480093,-1.307456,-1.5186986,8,6,4,5,7,8,5,5,4,2,6,5,2,7,2,6,3,7,6,1,-3.3706009,0.33388029,3.1823771,1.062533,2.1198441
-16.511731,0.99951308,0.94140758,2,7,0,17.36094,0.31877934,2.0462771,0.65231086,1.3939662,-1.3270755,-1.5005025,-1.5667333,-1.7315566,-1.3990358,-1.3270755,-1.4052176,-1.5887941,-1.4052176,-1.7711941,6,6,4,6,6,5,3,5,4,4,4,4,3,4,4,6,2,5,3,3,-0.67822563,0.35397721,2.0852886,0.73814466,1.347144
-16.841619,0.82231646,0.94140758,2,3,0,17.337631,0.23223447,3.8946827,0.90447957,2.9902031,-1.2430848,-1.5063784,-1.4572843,-1.5766421,-1.3269399,-1.2430848,-1.3250899,-1.4794671,-1.3250899,-1.5876178,6,6,4,8,1,7,2,7,5,5,7,6,3,3,5,8,4,8,5,3,-2.406274,0.85936495,2.1069481,1.8106373,0.29631075
-17.163057,0.94029209,0.94140758,1,1,0,17.193566,0.23999939,4.4534071,1.068815,3.3845921,-1.2317367,-1.4933618,-1.4639527,-1.5832684,-1.3150949,-1.2317367,-1.3140298,-1.4778245,-1.3140298,-1.6192081,6,7,5,8,2,6,5,7,3,6,6,5,2,5,5,5,6,7,5,2,-2.910928,0.60834445,4.1332698,2.5144518,1.6188181
-16.842192,0.95798413,0.94140758,2,3,0,17.561079,0.31211108,1.5732692,0.49103475,1.0822344,-1.3645025,-1.5353477,-1.566344,-1.7325737,-1.4393097,-1.3645025,-1.4444824,-1.6078954,-1.4444824,-1.7164801,7,5,6,7,4,8,2,8,4,4,5,7,3,5,3,8,7,2,6,2,-0.54090344,0.53961793,2.5832349,1.3939599,1.189275
-16.842192,0.58052146,0.94140758,1,3,0,18.98828,0.31211108,1.5732692,0.49103475,1.0822344,-1.3645025,-1.5353477,-1.566344,-1.7325737,-1.4393097,-1.3645025,-1.4444824,-1.6078954,-1.4444824,-1.7164801,7,5,4,7,2,7,4,3,2,4,7,7,2,8,3,4,6,7,6,1,-0.54090344,0.67709521,4.2733479,2.8934634,1.3798845
-17.164274,0.85491509,0.94140758,2,3,0,17.817122,0.43009793,2.672167,1.1492935,1.5228735,-1.3551048,-1.4196233,-1.6988052,-1.94773,-1.377849,-1.3551048,-1.3946827,-1.6724377,-1.3946827,-2.134254,4,4,3,5,2,5,2,7,5,1,6,6,4,6,4,7,3,7,2,5,-0.99085623,0.26792798,1.0021496,0.26850391,0.73364565
-17.164274,0.17926122,0.94140758,1,1,0,19.581899,0.43009793,2.672167,1.1492935,1.5228735,-1.3551048,-1.4196233,-1.6988052,-1.94773,-1.377849,-1.3551048,-1.3946827,-1.6724377,-1.3946827,-2.134254,6,7,3,5,4,7,6,6,6,4,6,7,5,8,3,8,3,6,5,3,-0.99085623,0.55128481,4.7690967,2.6291305,2.1399661
-16.455735,1,0.94140758,1,3,0,17.16653,0.22654186,1.9867579,0.45008383,1.5366741,-1.3205991,-1.5590753,-1.4718595,-1.6072675,-1.4048084,-1.3205991,-1.4027089,-1.5292966,-1.4027089,-1.5192734,6,5,3,6,6,5,4,5,4,2,5,5,3,4,4,7,6,7,5,1,-0.86233353,0.67444696,1.7922582,1.2087831,0.58347511
-16.736111,0.88515917,0.94140758,1,3,0,17.346638,0.26524187,3.6744625,0.97462131,2.6998412,-1.2496867,-1.4848001,-1.4964166,-1.6282783,-1.3304597,-1.2496867,-1.3320306,-1.5076143,-1.3320306,-1.6804616,7,5,4,5,5,6,5,7,4,3,4,7,5,6,4,7,4,7,5,3,-2.1107255,0.44203263,2.6556916,1.1739023,1.4817893
-16.766508,0.97690519,0.94140758,2,3,0,17.012926,0.24384717,1.5898456,0.38767934,1.2021663,-1.3546353,-1.5712539,-1.4993454,-1.6454274,-1.4382457,-1.3546353,-1.4377299,-1.5640467,-1.4377299,-1.5426256,6,6,5,7,3,6,6,6,2,5,4,3,4,5,4,4,5,8,8,1,-0.6937441,0.59813329,1.4366075,0.85928279,0.57732475
-17.572294,0.71211371,0.94140758,1,3,0,18.685313,0.43870185,3.4466993,1.5120734,1.9346259,-1.3404286,-1.392001,-1.715334,-1.9812972,-1.3531352,-1.3404286,-1.3716666,-1.6743837,-1.3716666,-2.2025846,7,5,3,7,7,6,3,5,5,3,7,7,4,6,3,6,7,5,5,1,-1.6653466,0.5576489,4.3769409,2.4407963,1.9361446
-16.350506,1,0.94140758,1,3,0,17.329266,0.22894154,2.4453617,0.55984486,1.8855168,-1.2926228,-1.5395033,-1.4660417,-1.5956712,-1.3766774,-1.2926228,-1.3746876,-1.5109954,-1.3746876,-1.5435659,7,5,3,6,6,8,2,6,5,5,5,6,5,5,6,6,5,7,2,3,-1.1433435,0.63165989,2.0137707,1.2720182,0.74175251
-16.995885,0.8722671,0.94140758,1,3,0,17.131206,0.13752916,1.8408603,0.25317198,1.5876883,-1.3478844,-1.6310214,-1.3935072,-1.5259071,-1.4271612,-1.3478844,-1.4174204,-1.4913627,-1.4174204,-1.2847884,5,7,3,5,5,7,8,7,6,4,8,7,4,5,4,5,6,8,7,3,-1.1898877,0.24551609,2.8075706,0.68930375,2.1182668
-16.863969,1,0.94140758,1,1,0,17.06128,0.15672545,1.8082982,0.28340636,1.5248918,-1.3450578,-1.6174548,-1.4116639,-1.5443629,-1.4266459,-1.3450578,-1.4185794,-1.5025139,-1.4185794,-1.3322709,7,6,4,5,2,6,8,7,6,3,6,5,3,4,5,5,7,7,6,1,-1.070446,0.25686851,2.160586,0.55498649,1.6055995
-16.863969,0.65013126,0.94140758,2,3,0,20.308892,0.15672545,1.8082982,0.28340636,1.5248918,-1.3450578,-1.6174548,-1.4116639,-1.5443629,-1.4266459,-1.3450578,-1.4185794,-1.5025139,-1.4185794,-1.3322709,6,6,4,5,6,8,4,5,6,2,6,8,4,6,4,7,5,8,4,2,-1.070446,0.46498467,1.3805707,0.64194422,0.73862649
-16.863969,0.33168914,0.94140758,1,3,0,22.049524,0.15672545,1.8082982,0.28340636,1.5248918,-1.3450578,-1.6174548,-1.4116639,-1.5443629,-1.4266459,-1.3450578,-1.4185794,-1.5025139,-1.4185794,-1.3322709,8,6,7,6,4,6,5,7,6,2,6,3,5,6,2,7,5,6,5,4,-1.070446,0.39277731,3.0195575,1.1860137,1.8335438
-17.143612,0.97869945,0.94140758,2,3,0,17.308399,0.36137574,3.7626892,1.3597446,2.4029446,-1.2775603,-1.4222204,-1.6143577,-1.8039744,-1.3321154,-1.2775603,-1.3435019,-1.5905427,-1.3435019,-1.9728788,6,7,2,7,4,5,7,6,5,2,6,7,3,6,3,8,6,7,6,3,-2.0242563,0.099614758,1.1264942,0.11221545,1.0142788
-16.642886,1,0.94140758,2,3,0,17.050211,0.23004636,3.5000904,0.80518307,2.6949074,-1.2530237,-1.5140858,-1.4570571,-1.5780251,-1.3369881,-1.2530237,-1.3349505,-1.484526,-1.3349505,-1.5740272,6,6,4,6,4,7,3,7,3,3,6,6,4,6,5,8,5,8,6,1,-2.0441176,0.25709101,3.2825624,0.84391727,2.4386451
-16.71296,0.94930501,0.94140758,2,3,0,17.130956,0.16071048,3.0797021,0.49494042,2.5847617,-1.2768632,-1.5789197,-1.3872194,-1.5009537,-1.3585746,-1.2768632,-1.3497526,-1.4501068,-1.3497526,-1.3705162,6,5,4,7,4,6,6,4,6,1,5,6,5,5,5,5,8,5,5,1,-1.9349202,0.17716263,3.7044057,0.65628225,3.0481234
-17.159575,0.94959888,0.94140758,2,3,0,17.377738,0.21944491,4.423504,0.97071542,3.4527885,-1.232989,-1.510464,-1.4402194,-1.5535642,-1.3173413,-1.232989,-1.3140934,-1.4630342,-1.3140934,-1.5577584,6,6,5,7,2,6,3,7,5,5,5,8,3,6,4,6,4,6,8,3,-2.9455571,0.25381321,2.0842075,0.52899939,1.5552081
-17.276128,0.99375432,0.94140758,2,3,0,17.589177,0.28977589,1.2954774,0.37539812,0.92007928,-1.3936686,-1.5727788,-1.5527671,-1.7161681,-1.473218,-1.3936686,-1.476332,-1.6156013,-1.476332,-1.6327395,7,5,2,4,6,5,4,6,5,4,4,5,1,8,3,5,4,7,4,5,-0.65091054,0.105029,2.3936654,0.25140428,2.1422611
-16.567797,0.84872631,0.94140758,2,3,0,17.977458,0.34187511,2.5960991,0.88754165,1.7085574,-1.3051367,-1.4638412,-1.5901634,-1.7656534,-1.3692501,-1.3051367,-1.377988,-1.5906884,-1.377988,-1.8684797,4,5,4,5,2,4,4,6,5,3,7,7,2,6,6,5,3,5,2,1,-1.015811,0.12423169,3.743351,0.46504282,3.2783081
-16.564915,0.96902119,0.94140758,2,3,0,16.891008,0.1847416,3.014694,0.55693937,2.4577546,-1.2734251,-1.5593825,-1.412633,-1.528857,-1.3570978,-1.2734251,-1.3506552,-1.4658551,-1.3506552,-1.4360267,6,6,3,4,2,8,6,7,4,3,7,3,3,8,4,4,3,6,4,2,-1.7673537,0.54187411,0.94451004,0.51180553,0.43270451
-16.815381,0.95636534,0.94140758,2,3,0,16.978999,0.32171163,3.5268837,1.1346395,2.3922442,-1.2660432,-1.4499684,-1.5644835,-1.725674,-1.334951,-1.2660432,-1.3422495,-1.556573,-1.3422495,-1.8449639,7,6,4,6,2,6,5,6,5,2,8,7,4,5,7,6,4,6,4,2,-1.8603139,0.64214857,1.6602794,1.0661461,0.59413336
-18.366455,0.56384733,0.94140758,2,3,0,19.347639,0.089840025,4.7604348,0.42767758,4.3327572,-1.2687396,-1.6350887,-1.2994876,-1.40446,-1.3369291,-1.2687396,-1.3201498,-1.3807494,-1.3201498,-1.1861667,7,5,4,7,2,7,6,5,3,2,7,7,1,6,4,6,6,7,3,2,-4.0022738,0.56707525,3.0006864,1.701615,1.2990714
-19.598483,0.88930824,0.94140758,2,3,0,20.411089,0.18295431,7.9951372,1.4627448,6.5323924,-1.2013116,-1.52433,-1.3884439,-1.4840754,-1.2849836,-1.2013116,-1.2773364,-1.4109932,-1.2773364,-1.4729174,8,7,3,6,2,6,5,8,3,3,7,6,3,4,4,7,8,6,3,3,-6.2536977,0.69252005,1.057935,0.73264117,0.32529379
-19.909357,0.97853025,0.94140758,2,3,0,20.848046,0.25992815,0.71086463,0.18477373,0.52609091,-1.5172273,-1.6852998,-1.5746393,-1.753495,-1.6021856,-1.5172273,-1.6028071,-1.6930773,-1.6028071,-1.4897919,8,6,2,5,3,6,5,8,4,2,6,3,5,6,2,7,2,3,3,5,-1.881168,0.31897742,2.9051785,0.92668633,1.9784921
-19.555139,0.93868577,0.94140758,2,3,0,22.011784,0.04266164,4.5668552,0.19482953,4.3720257,-1.3013244,-1.6916659,-1.2560288,-1.3714969,-1.3551751,-1.3013244,-1.3339878,-1.3624862,-1.3339878,-1.0540356,7,8,3,5,4,7,5,6,4,3,5,6,2,5,5,7,6,6,6,2,-4.5143974,0.49917364,3.2958299,1.6451914,1.6506385
-16.930245,0.83638454,0.94140758,2,7,0,21.020889,0.36077048,1.6455361,0.59366083,1.0518752,-1.3730572,-1.5066899,-1.6157027,-1.8043267,-1.4347536,-1.3730572,-1.4440366,-1.6386881,-1.4440366,-1.8517408,8,8,3,8,3,3,4,6,4,7,8,7,3,8,6,4,6,7,2,4,-0.47521629,0.68186912,1.2135397,0.82747523,0.38606445
-17.98035,0.93811123,0.94140758,2,3,0,18.040437,0.39518578,1.1461254,0.45293247,0.69319295,-1.4473603,-1.5489977,-1.6573216,-1.8650207,-1.5026028,-1.4473603,-1.5133126,-1.6976047,-1.5133126,-1.870995,7,6,3,8,3,7,3,7,7,1,6,1,5,7,4,6,5,7,4,2,-0.62161585,0.5132459,2.6369205,1.3533887,1.2835319
-17.229726,0.63992037,0.94140758,2,7,0,20.572877,0.10122272,2.6803074,0.27130801,2.4089994,-1.3138603,-1.6409007,-1.3367909,-1.4574793,-1.3860491,-1.3138603,-1.3719875,-1.4326656,-1.3719875,-1.2043634,6,5,4,6,4,6,6,7,3,3,5,6,2,8,5,7,6,5,3,2,-1.9885607,0.58435835,2.0951285,1.2243058,0.87082265
-17.981766,0.76285437,0.94140758,2,3,0,19.193257,0.20009291,5.6472555,1.1299758,4.5172797,-1.2175296,-1.5176871,-1.4135881,-1.517899,-1.3019213,-1.2175296,-1.2964354,-1.4370212,-1.2964354,-1.5122398,7,3,8,7,3,6,3,8,2,4,6,5,5,4,4,6,5,4,7,1,-4.1524161,0.74381394,3.4005485,2.5293754,0.87117311
-16.712705,0.90381403,0.94140758,2,3,0,19.257052,0.37337424,2.2497869,0.84001247,1.4097744,-1.3364257,-1.4627373,-1.6276197,-1.8243296,-1.3902467,-1.3364257,-1.4015022,-1.6265285,-1.4015022,-1.9384946,7,7,3,6,5,7,5,6,3,3,6,5,3,7,5,6,3,6,5,2,-0.72514829,0.60542803,2.0003984,1.2110972,0.78930112
-16.413771,0.92857157,0.94140758,2,3,0,17.048741,0.20507754,2.6623602,0.54599029,2.1163699,-1.2841658,-1.550908,-1.4382314,-1.5608587,-1.3685284,-1.2841658,-1.3642038,-1.4886035,-1.3642038,-1.4844469,8,4,2,7,4,6,6,7,2,2,8,5,5,4,3,7,7,7,5,1,-1.3907901,0.40849113,3.7633558,1.5372974,2.2260583
-16.963485,0.75914008,0.94140758,2,3,0,18.366391,0.21468606,1.4880656,0.31946696,1.1685987,-1.3667144,-1.5965135,-1.4763711,-1.6202926,-1.4512832,-1.3667144,-1.4483871,-1.5562024,-1.4483871,-1.4632453,7,7,2,5,3,4,6,6,5,4,7,8,3,5,4,7,4,7,7,1,-0.78660079,0.067569204,3.387175,0.22886872,3.1583063
-16.411087,0.91845779,0.94140758,2,3,0,17.806327,0.26585704,2.8804123,0.76577789,2.1146344,-1.2744554,-1.501066,-1.5013937,-1.6378742,-1.3553582,-1.2744554,-1.3569146,-1.5235018,-1.3569146,-1.6612868,8,4,5,8,4,7,6,6,7,3,7,6,2,5,5,3,7,5,5,4,-1.3919514,0.52317112,2.5569306,1.3377122,1.2192184
-16.573269,0.98277321,0.94140758,2,7,0,16.592458,0.25398471,1.7698721,0.44952046,1.3203517,-1.3378414,-1.5532264,-1.5040097,-1.6489293,-1.4205837,-1.3378414,-1.4209289,-1.5580851,-1.4209289,-1.5799962,6,7,1,7,5,6,6,5,2,1,6,8,2,4,8,6,6,7,1,3,-0.69831477,0.31571123,1.779862,0.56192243,1.2179396
-18.149226,0.57736635,0.94140758,1,3,0,20.367733,0.21201884,5.9385051,1.2590749,4.6794301,-1.212744,-1.5052126,-1.4267599,-1.5330298,-1.2972583,-1.212744,-1.293052,-1.4434049,-1.293052,-1.5503753,7,6,2,5,6,4,7,6,4,3,5,7,4,7,2,6,6,5,4,2,-4.373689,0.17057722,1.6477968,0.28107661,1.3667202
-16.423765,0.96916173,0.94140758,1,3,0,18.205557,0.25434199,2.9539487,0.75131319,2.2026355,-1.2707617,-1.507164,-1.4879987,-1.619947,-1.3529719,-1.2707617,-1.3534005,-1.5133459,-1.3534005,-1.6306602,5,7,4,8,3,6,7,3,5,3,3,7,5,6,6,8,5,7,5,4,-1.4839316,0.31459287,1.2733547,0.4005883,0.87276639
-17.748167,0.65869664,0.94140758,1,3,0,18.562772,0.46861033,1.5399508,0.72163686,0.81831395,-1.449192,-1.4773185,-1.7347817,-2.0027523,-1.461614,-1.449192,-1.4789775,-1.7340993,-1.4789775,-2.1300875,5,4,5,7,1,5,7,8,3,3,6,6,3,4,4,8,4,5,6,4,-0.39268223,0.83749417,0.61564534,0.51559939,0.10004595
-17.942996,0.88509686,0.94140758,2,3,0,18.527916,0.065799725,2.684026,0.17660817,2.5074178,-1.3319663,-1.6765505,-1.3051412,-1.4313947,-1.3953755,-1.3319663,-1.3781674,-1.4175257,-1.3781674,-1.1112285,5,5,1,4,4,6,4,4,5,2,6,8,2,3,5,3,5,5,6,4,-2.3836266,0.15702328,4.6423045,0.72894989,3.9133546
-16.402961,0.96071364,0.94140758,1,3,0,18.569767,0.3005392,2.3796561,0.71517995,1.6644762,-1.3026857,-1.4953522,-1.5438531,-1.6979702,-1.378133,-1.3026857,-1.3828669,-1.563282,-1.3828669,-1.7395692,8,3,3,7,6,7,3,7,3,3,5,7,3,7,2,6,4,5,4,1,-0.92102948,0.82562666,3.2800739,2.7081164,0.57195744
-16.504704,0.96606045,0.94140758,2,3,0,16.608991,0.18147572,2.2663536,0.41128816,1.8550654,-1.307855,-1.580723,-1.4215112,-1.546538,-1.39136,-1.307855,-1.3850328,-1.489882,-1.3850328,-1.4098487,6,3,3,8,4,4,5,7,5,4,5,4,5,4,4,7,4,2,4,3,-1.1903522,0.32330293,3.511258,1.1352,2.376058
-16.555557,0.83723549,0.94140758,2,3,0,17.863101,0.16875995,2.5452762,0.42954069,2.1157355,-1.2960839,-1.582969,-1.4035163,-1.5237379,-1.3786287,-1.2960839,-1.3709242,-1.4714918,-1.3709242,-1.3826854,5,8,6,7,4,7,4,6,5,2,5,5,3,7,4,6,6,6,3,6,-1.4486364,0.45155352,2.169414,0.97960652,1.1898075
-18.227217,0.88162511,0.94140758,2,3,0,18.271147,0.46264009,1.2141672,0.56172241,0.65244477,-1.4776184,-1.5184941,-1.7250824,-1.9782577,-1.5015702,-1.4776184,-1.5172385,-1.7437398,-1.5172385,-2.0543615,8,6,4,6,4,7,3,6,4,2,8,6,6,8,7,8,3,4,3,4,-0.51816257,0.4786886,1.911956,0.91523154,0.99672445
-17.791203,0.95276213,0.94140758,2,3,0,19.022646,0.1017133,4.1169958,0.41875324,3.6982426,-1.2732642,-1.62543,-1.3166518,-1.4238922,-1.3446684,-1.2732642,-1.3294236,-1.3964085,-1.3294236,-1.2165177,5,5,4,8,6,7,7,6,5,3,6,5,4,2,5,5,5,5,4,1,-3.284519,0.61901353,1.5498378,0.95937054,0.59046723
-17.535889,1,0.94140758,2,3,0,17.787811,0.41484239,1.4011448,0.58125428,0.81989056,-1.4245011,-1.5091095,-1.6747844,-1.8962948,-1.4679833,-1.4245011,-1.4809352,-1.6941444,-1.4809352,-1.9639377,5,4,5,6,5,8,3,5,7,2,6,6,3,4,4,6,3,4,5,2,-0.44032136,0.561844,2.0187501,1.1342227,0.88452748
-17.308539,1,0.94140758,2,3,0,17.637789,0.34511704,1.339532,0.46229532,0.87723666,-1.4005076,-1.5427338,-1.6042291,-1.7867126,-1.4688706,-1.4005076,-1.4763536,-1.6468821,-1.4763536,-1.7756917,7,2,3,6,4,6,6,8,5,6,6,6,3,1,2,7,5,4,7,3,-0.53484698,0.81532257,3.9536745,3.22352,0.73015444
-16.427644,0.95182116,0.94140758,2,3,0,17.492399,0.25352677,2.9678072,0.75241858,2.2153887,-1.2702053,-1.5074015,-1.4869865,-1.6185666,-1.3524948,-1.2702053,-1.3528433,-1.5124286,-1.3528433,-1.6287356,5,4,5,6,6,4,4,5,5,3,6,6,3,7,2,5,6,5,5,2,-1.4980752,0.17792618,2.6555626,0.47249411,2.1830685
-17.391327,0.81092578,0.94140758,2,3,0,17.671536,0.34287932,1.2958781,0.44432979,0.85154828,-1.405555,-1.5486983,-1.6030857,-1.785027,-1.4748105,-1.405555,-1.4820384,-1.6489186,-1.4820384,-1.7643993,6,5,4,5,3,6,4,7,6,4,5,6,3,8,7,4,4,6,4,4,-0.56012497,0.52175928,3.6541432,1.9065831,1.7475601
-16.868335,0.94905787,0.94140758,2,3,0,17.975264,0.15139113,1.8535779,0.28061525,1.5729626,-1.3428048,-1.619557,-1.4052455,-1.5369664,-1.4237977,-1.3428048,-1.415217,-1.4969344,-1.415217,-1.3201063,8,4,4,7,3,7,6,7,7,3,7,6,2,6,6,3,6,5,8,2,-1.114756,0.61442091,3.1534702,1.9375581,1.2159122
-16.995001,0.97940691,0.94140758,2,3,0,17.080202,0.36772737,3.4079212,1.2531859,2.1547353,-1.2896435,-1.426339,-1.6219683,-1.8163497,-1.342162,-1.2896435,-1.3539613,-1.6006107,-1.3539613,-1.9805513,8,4,4,5,4,6,3,5,5,2,5,5,4,5,6,6,5,4,5,4,-1.6870652,0.28739716,2.2145585,0.63645783,1.5781007
-18.784304,0.62595948,0.94140758,2,3,0,19.109008,0.55928017,2.9756414,1.6642172,1.3114241,-1.5029707,-1.3682404,-1.878946,-2.3238944,-1.4046037,-1.5029707,-1.4322333,-1.8254972,-1.4322333,-2.5620667,7,6,5,7,2,7,2,7,4,4,8,5,5,6,1,8,5,5,4,5,-1.2406564,0.62314948,0.9884326,0.61594126,0.37249133
-17.431567,0.90938931,0.94140758,2,3,0,20.084276,0.12413022,3.9849318,0.49465046,3.4902813,-1.2655911,-1.6029514,-1.3402712,-1.4466368,-1.3417596,-1.2655911,-1.3288076,-1.4102495,-1.3288076,-1.2784755,5,3,3,7,5,8,7,6,4,2,7,7,3,7,3,5,5,6,6,2,-2.9859844,0.29330801,1.0121889,0.2968831,0.71530578
-16.359026,1,0.94140758,2,3,0,17.22155,0.26876133,2.2486027,0.60433745,1.6442652,-1.3047553,-1.5200319,-1.5106156,-1.6534248,-1.3856008,-1.3047553,-1.3873369,-1.5448062,-1.3873369,-1.6449823,7,3,6,7,2,4,5,7,6,5,6,5,3,5,5,7,5,6,4,1,-0.89874157,0.43900746,4.7277795,2.0755305,2.652249
-16.760902,0.87467322,0.94140758,1,3,0,17.005848,0.14296639,2.7509385,0.39329176,2.3576467,-1.2944438,-1.6006638,-1.3746601,-1.4917311,-1.3740318,-1.2944438,-1.363747,-1.4503991,-1.363747,-1.3168949,5,4,2,8,6,8,3,3,6,3,8,7,3,5,5,7,5,2,7,5,-1.7486582,0.7601281,0.96822791,0.73597723,0.23225067
-16.919549,0.75643767,0.94140758,2,3,0,19.392305,0.34300617,3.5376234,1.2134266,2.3241968,-1.2740631,-1.437105,-1.5908746,-1.7663096,-1.3360834,-1.2740631,-1.3455212,-1.5756425,-1.3455212,-1.909656,8,5,3,5,3,8,3,7,3,2,7,4,4,5,3,7,6,4,4,4,-1.8380769,0.86779975,1.7653584,1.5319776,0.23338082
-16.989619,0.8888789,0.94140758,2,3,0,18.217155,0.36660155,1.6140548,0.59171501,1.0223398,-1.3784288,-1.506797,-1.6221936,-1.814174,-1.4384104,-1.3784288,-1.4481125,-1.6447802,-1.4481125,-1.8639464,4,8,2,8,6,5,3,5,5,5,6,3,6,6,1,7,6,8,6,1,-0.46484943,0.16241637,1.0412856,0.16912183,0.87216379
-16.616208,1,0.94140758,2,7,0,16.962211,0.16297251,2.7612448,0.45000699,2.3112378,-1.2880736,-1.5829088,-1.3940955,-1.5113533,-1.3700534,-1.2880736,-1.3616517,-1.4607838,-1.3616517,-1.3713293,5,7,1,6,3,6,7,5,3,2,6,8,4,6,2,5,6,5,5,1,-1.6498425,0.51491667,1.0610322,0.54634315,0.51468902
-16.422201,0.88808112,0.94140758,2,3,0,17.617327,0.20265284,2.2666117,0.4593353,1.8072764,-1.3044756,-1.564625,-1.442306,-1.5695802,-1.3888068,-1.3044756,-1.3844247,-1.5019097,-1.3844247,-1.4663692,8,6,5,5,4,6,4,8,4,4,8,7,5,6,1,5,6,4,7,1,-1.1063635,0.47708863,2.2184854,1.0584142,1.1600712
-17.033666,0.85194781,0.94140758,1,3,0,17.355284,0.37043301,3.4511949,1.2784365,2.1727584,-1.2900176,-1.4239105,-1.6254909,-1.8221908,-1.3412594,-1.2900176,-1.3533511,-1.6027325,-1.3533511,-1.990401,5,6,5,7,5,7,4,6,6,3,8,6,3,5,5,7,6,7,5,2,-1.7238586,0.71401964,1.6606089,1.1857073,0.47490151
-16.989795,1,0.94140758,2,3,0,17.509823,0.15773742,3.6925858,0.58245897,3.1101268,-1.2601081,-1.5730859,-1.3774444,-1.4858321,-1.3414353,-1.2601081,-1.3319973,-1.4344025,-1.3319973,-1.3703996,8,5,3,7,2,3,2,4,7,1,3,7,1,5,2,7,6,3,6,1,-2.5108247,0.62050234,1.6617869,1.0311427,0.63064423
-16.484794,1,0.94140758,2,3,0,16.970711,0.31570388,2.7164934,0.85760752,1.8588859,-1.2908867,-1.4743672,-1.5591804,-1.7190544,-1.3623763,-1.2908867,-1.3687163,-1.5660629,-1.3687163,-1.7983744,7,3,2,6,2,7,7,6,3,1,5,6,4,8,5,4,6,4,4,2,-1.1531993,0.28577096,1.8513714,0.52906818,1.3223032
-16.367669,0.99831708,0.94140758,1,3,0,16.523475,0.26423196,2.1846783,0.57726184,1.6074165,-1.3081617,-1.5255897,-1.5066817,-1.6487185,-1.3895952,-1.3081617,-1.3909025,-1.5442157,-1.3909025,-1.6295697,8,3,3,6,6,7,3,5,6,1,6,7,1,4,3,6,5,7,3,1,-0.86887013,0.38174236,1.6451734,0.62803238,1.0171411
-16.800441,0.90983796,0.94140758,2,3,0,16.90446,0.1387034,2.2332661,0.30976159,1.9235045,-1.3209208,-1.616565,-1.3819036,-1.5065371,-1.4001138,-1.3209208,-1.3899515,-1.469288,-1.3899515,-1.2964493,3,5,2,8,4,8,2,5,3,3,6,5,2,4,6,8,8,8,6,7,-1.3865709,0.62023378,2.1839929,1.3545862,0.82940674
-21.040715,0.43313911,0.94140758,1,3,0,23.077875,0.018311157,1.445259,0.026464364,1.4187946,-1.4390064,-1.7494675,-1.3232204,-1.4862744,-1.4927978,-1.4390064,-1.474858,-1.4837904,-1.474858,-0.99488656,3,5,4,6,6,4,4,7,5,4,4,8,4,4,6,5,7,3,3,1,-3.0321123,0.30603686,2.4494239,0.749614,1.6998099
-17.787071,0.98417291,0.94140758,2,3,0,20.928027,0.48200445,1.6242682,0.7829045,0.8413637,-1.4543868,-1.465333,-1.7515021,-2.0353685,-1.4561482,-1.4543868,-1.4747683,-1.7441654,-1.4747683,-2.1804276,6,7,2,6,2,5,3,7,6,2,8,4,1,7,6,8,3,8,3,1,-0.39328255,0.18023218,1.1089137,0.19986193,0.90905175
-16.869367,1,0.94140758,1,1,0,17.507495,0.35332944,1.6746614,0.59170716,1.0829542,-1.3674472,-1.507656,-1.607501,-1.7919526,-1.4313204,-1.3674472,-1.4400388,-1.6315416,-1.4400388,-1.8348077,5,4,3,6,2,8,4,6,4,5,7,6,2,7,2,6,6,7,1,1,-0.48895377,0.75432854,4.547554,3.4303498,1.1172042
-16.869367,0.48053801,0.94140758,2,3,0,18.439526,0.35332944,1.6746614,0.59170716,1.0829542,-1.3674472,-1.507656,-1.607501,-1.7919526,-1.4313204,-1.3674472,-1.4400388,-1.6315416,-1.4400388,-1.8348077,8,3,8,6,4,5,5,4,5,4,6,6,3,7,3,6,7,7,6,5,-0.48895377,0.72000815,1.337604,0.9630858,0.37451823
-16.49502,1,0.94140758,2,3,0,16.778599,0.29603138,1.9461946,0.57613465,1.3700599,-1.3286867,-1.5184257,-1.5435004,-1.6992968,-1.4056668,-1.3286867,-1.4097571,-1.5764875,-1.4097571,-1.7026133,8,5,3,8,1,8,1,7,2,5,8,4,3,6,4,5,4,6,4,3,-0.66970659,0.91898229,1.561811,1.4352767,0.12653436
-16.418963,1,0.94140758,1,1,0,16.481499,0.27567198,2.0461216,0.56405839,1.4820632,-1.318357,-1.524957,-1.5206885,-1.6680077,-1.3984585,-1.318357,-1.4007747,-1.5578654,-1.4007747,-1.6535423,7,5,4,7,2,8,3,8,2,4,7,6,4,7,4,3,6,7,3,3,-0.76207207,0.6370653,2.9060187,1.8513237,1.054695
-16.694144,0.89446448,0.94140758,2,3,0,16.796741,0.14820349,2.5199479,0.37346509,2.1464828,-1.3029105,-1.6009843,-1.384088,-1.5041383,-1.3832626,-1.3029105,-1.3736669,-1.4615025,-1.3736669,-1.3270225,7,6,4,5,3,4,5,3,7,5,7,6,1,6,4,6,7,6,7,4,-1.5346529,0.31867984,3.3885463,1.0798614,2.3086849
-18.338704,0.82342943,0.94140758,2,3,0,18.860888,0.13939832,5.6929684,0.79359022,4.8993782,-1.233562,-1.5769148,-1.3454817,-1.4431097,-1.3121628,-1.233562,-1.300116,-1.3972176,-1.300116,-1.3327566,7,4,4,7,5,5,3,8,2,5,5,7,3,6,4,3,5,3,5,1,-4.4823931,0.67973661,1.3671717,0.92931663,0.43785503
-16.73858,1,0.94140758,2,3,0,18.402897,0.15813938,1.9803042,0.31316408,1.6671401,-1.3314812,-1.6091213,-1.4070416,-1.536093,-1.4131421,-1.3314812,-1.4049884,-1.492324,-1.4049884,-1.3408522,7,4,5,7,3,7,1,7,4,5,4,6,4,5,6,5,4,5,8,1,-1.1338976,0.69805774,1.6712734,1.1666453,0.50462808
-17.03791,0.90548088,0.94140758,2,7,0,17.713667,0.15048274,3.6866388,0.55477553,3.1318633,-1.2625127,-1.579963,-1.3699862,-1.478165,-1.342942,-1.2625127,-1.3327793,-1.4303449,-1.3327793,-1.3498749,6,7,2,7,6,7,5,6,6,3,7,6,2,3,3,4,4,6,5,4,-2.5437717,0.2086963,3.4125027,0.71217669,2.700326
-17.223845,0.9981042,0.94140758,2,3,0,18.062269,0.44425631,2.2580103,1.0031353,1.254875,-1.3838952,-1.432918,-1.7134124,-1.9719788,-1.4011422,-1.3838952,-1.4184902,-1.6931521,-1.4184902,-2.1453903,6,7,5,6,7,6,3,8,7,3,7,5,4,7,4,5,4,6,8,5,-0.67676287,0.25025649,2.2562357,0.56463763,1.6915981
-16.806272,0.97539789,0.94140758,2,3,0,17.804813,0.15448705,3.2256179,0.49831621,2.7273017,-1.2739485,-1.5822057,-1.3790757,-1.4911912,-1.3549375,-1.2739485,-1.345422,-1.4428322,-1.345422,-1.3554186,6,5,3,3,6,5,5,7,4,2,5,6,5,7,3,3,7,5,5,3,-2.0975379,0.10748284,1.3427252,0.14431991,1.1984053
-16.543539,1,0.94140758,2,3,0,16.790492,0.33861659,2.5278398,0.85596849,1.6718713,-1.3069299,-1.4681384,-1.5865014,-1.7601008,-1.3722447,-1.3069299,-1.3806248,-1.5895585,-1.3806248,-1.8555211,7,7,2,6,4,5,6,8,6,2,6,6,4,5,3,6,3,7,4,5,-0.96742145,0.15254633,2.4998455,0.38134226,2.1185032
-16.543539,0.39391975,0.94140758,1,3,0,18.797279,0.33861659,2.5278398,0.85596849,1.6718713,-1.3069299,-1.4681384,-1.5865014,-1.7601008,-1.3722447,-1.3069299,-1.3806248,-1.5895585,-1.3806248,-1.8555211,5,4,2,7,2,7,5,3,5,3,6,5,4,7,3,7,6,7,4,1,-0.96742145,0.54241331,1.716492,0.93104809,0.78544389
-16.523599,0.99658983,0.94140758,2,3,0,16.725415,0.22723422,1.8681789,0.42451417,1.4436647,-1.3295813,-1.5645039,-1.4753872,-1.6129358,-1.4138006,-1.3295813,-1.411798,-1.5362035,-1.411798,-1.5155733,7,6,6,6,6,8,4,5,5,2,8,4,3,5,4,6,3,5,3,5,-0.80784713,0.72360585,2.4842041,1.7975846,0.68661949
-17.381921,0.79509182,0.94140758,1,3,0,17.934241,0.091176491,2.5179315,0.22957616,2.2883553,-1.3256118,-1.6534248,-1.331531,-1.4557832,-1.3957231,-1.3256118,-1.3809734,-1.4346882,-1.3809734,-1.1763761,6,5,5,6,3,5,6,8,3,3,5,8,1,5,3,7,5,6,4,1,-1.9540996,0.39813406,2.8889382,1.1501847,1.7387535
-16.896339,0.95017067,0.94140758,2,3,0,18.100807,0.38016095,3.0042066,1.142082,1.8621246,-1.3085925,-1.4306448,-1.6369152,-1.8407859,-1.3566186,-1.3085925,-1.3692975,-1.6179111,-1.3692975,-2.0016591,5,6,2,6,5,5,4,5,5,3,6,8,4,8,3,7,4,7,5,1,-1.3105818,0.24286607,2.5379145,0.61637331,1.9215412
-17.257682,0.78263578,0.94140758,2,3,0,18.074207,0.13929611,3.9374956,0.54847783,3.3890178,-1.2606227,-1.5881932,-1.356157,-1.462442,-1.3394083,-1.2606227,-1.3279981,-1.4193485,-1.3279981,-1.3208084,6,5,3,6,3,8,3,8,6,1,7,7,6,6,2,7,6,6,6,2,-2.8434701,0.34678016,2.0658476,0.71639496,1.3494527
-16.443162,0.89157162,0.94140758,2,3,0,18.506435,0.23221947,1.995496,0.46339301,1.5321029,-1.3197768,-1.5548719,-1.4772898,-1.6136594,-1.4037792,-1.3197768,-1.4021855,-1.5322693,-1.4021855,-1.5346786,6,5,3,8,5,6,5,6,2,4,4,4,4,1,5,7,4,5,4,2,-0.84925839,0.68356257,1.6501749,1.1279978,0.52217709
-17.321107,0.80176137,0.94140758,1,3,0,17.74108,0.094792447,2.4347512,0.23079602,2.2039551,-1.3277701,-1.6514589,-1.336883,-1.4618896,-1.3988016,-1.3277701,-1.3844867,-1.4398345,-1.3844867,-1.1850012,8,6,2,6,2,7,4,6,2,3,7,5,3,6,4,6,8,5,5,2,-1.8569127,0.41628622,1.9459828,0.81008581,1.135897
-16.352422,0.94006522,0.94140758,1,3,0,17.329298,0.22768871,2.4221853,0.55150425,1.8706811,-1.2938656,-1.5411541,-1.465076,-1.5947009,-1.3779692,-1.2938656,-1.375866,-1.5110324,-1.375866,-1.5393455,6,2,5,7,4,7,3,7,4,2,8,5,2,6,1,4,3,7,5,6,-1.1302076,0.60894003,2.8621486,1.7428768,1.1192717
-16.884608,0.92939467,0.94140758,2,3,0,16.981972,0.18268754,3.7526028,0.68555377,3.067049,-1.2522953,-1.5497287,-1.403313,-1.5133645,-1.3358571,-1.2522953,-1.3289233,-1.448365,-1.3289233,-1.442044,8,5,5,8,3,7,3,4,3,6,4,6,3,7,4,5,3,5,4,2,-2.4502367,0.81301875,2.1122846,1.717327,0.39495762
-20.078596,0.28961298,0.94140758,1,3,0,23.072662,0.020978367,2.3351006,0.048986599,2.286114,-1.3750466,-1.7286689,-1.2781363,-1.4204951,-1.4253452,-1.3750466,-1.4050286,-1.4170907,-1.4050286,-0.99575488,8,4,4,6,3,5,3,3,5,1,3,5,3,5,6,5,3,6,8,2,-3.2155447,0.19469586,1.3209585,0.25718516,1.0637734
-19.98812,1,0.94140758,1,1,0,20.327465,0.021863167,2.5121319,0.05492316,2.4572087,-1.3666194,-1.7259269,-1.2730876,-1.4125159,-1.4166502,-1.3666194,-1.3960475,-1.4088772,-1.3960475,-0.99762755,7,5,2,5,4,8,4,8,5,4,5,7,3,8,7,3,6,5,7,2,-3.3041752,0.46643416,1.5321909,0.71466618,0.81752474
-16.846659,0.70133216,0.94140758,3,7,0,21.013172,0.13479078,2.8169754,0.37970232,2.437273,-1.2946378,-1.6068523,-1.3656099,-1.4820598,-1.3729984,-1.2946378,-1.3618895,-1.4439954,-1.3618895,-1.295791,5,6,3,8,5,7,3,7,5,4,4,6,4,4,4,8,5,6,5,2,-1.8531462,0.65368848,3.5767933,2.3381086,1.2386847
-17.083221,0.95036548,0.94140758,2,3,0,17.662329,0.4113728,1.8158385,0.74698656,1.0688519,-1.3854766,-1.4726944,-1.6712012,-1.8943199,-1.4254759,-1.3854766,-1.4392217,-1.6729991,-1.4392217,-2.008003,7,1,7,8,4,8,2,6,3,7,5,3,6,7,1,6,5,8,4,5,-0.46745993,0.90083542,2.3204398,2.0903344,0.23010543
-17.809417,0.69360229,0.94140758,1,1,0,18.092922,0.5033262,2.1404899,1.0773646,1.0631252,-1.4476417,-1.4206945,-1.7867579,-2.1124418,-1.422558,-1.4476417,-1.4442819,-1.757527,-1.4442819,-2.3096645,8,6,2,7,3,6,4,5,6,2,4,7,4,6,6,7,6,4,5,1,-0.59062265,0.60586626,2.9138728,1.7654172,1.1484556
-17.076858,0.96925862,0.94140758,2,3,0,18.589937,0.12781892,3.3288839,0.42549435,2.9033895,-1.2801565,-1.6058823,-1.3511327,-1.4625032,-1.3571873,-1.2801565,-1.3450105,-1.4259,-1.3450105,-1.2829286,7,7,6,7,4,6,4,6,5,5,5,8,3,6,3,7,5,8,5,1,-2.3497277,0.47356679,3.8798697,1.8373774,2.0424922
-16.571306,0.92165384,0.94140758,1,3,0,17.809365,0.2354493,1.7882843,0.42105029,1.3672341,-1.3359678,-1.5636018,-1.4854454,-1.6259731,-1.4199017,-1.3359678,-1.4186375,-1.5457925,-1.4186375,-1.5328571,8,7,2,7,2,7,4,5,4,4,5,6,2,6,4,6,6,4,6,3,-0.75505416,0.65040179,4.8700895,3.1675149,1.7025746
-16.571306,0.35813468,0.94140758,1,3,0,22.316494,0.2354493,1.7882843,0.42105029,1.3672341,-1.3359678,-1.5636018,-1.4854454,-1.6259731,-1.4199017,-1.3359678,-1.4186375,-1.5457925,-1.4186375,-1.5328571,7,7,3,4,4,5,6,7,5,2,5,4,1,8,5,5,4,4,4,2,-0.75505416,0.12061015,1.671379,0.20158527,1.4697937
-16.480931,0.9401307,0.94140758,1,3,0,17.098053,0.23399952,3.1184899,0.72972516,2.3887648,-1.2645435,-1.518222,-1.4642001,-1.5888352,-1.3483175,-1.2645435,-1.3467203,-1.4951361,-1.3467203,-1.5770132,5,4,2,6,5,8,7,6,4,3,6,7,2,6,4,6,6,6,8,3,-1.6850198,0.39552481,3.9023091,1.5434601,2.3588491
-16.898976,0.94801999,0.94140758,2,3,0,16.977548,0.31937465,1.5431852,0.49285422,1.0503309,-1.3693922,-1.5343325,-1.5742643,-1.7437288,-1.4427869,-1.3693922,-1.4485246,-1.614776,-1.4485246,-1.7324832,8,6,5,8,2,8,3,5,3,1,1,4,2,6,6,6,6,5,5,2,-0.52848568,0.46113567,1.6588845,0.76497083,0.89391371
-17.773256,0.64037347,0.94140758,2,7,0,19.971184,0.36355534,4.7585587,1.7299994,3.0285593,-1.2607165,-1.4054428,-1.6186129,-1.8111528,-1.3129624,-1.2607165,-1.3250196,-1.5848358,-1.3250196,-2.0047056,8,2,4,8,2,8,3,7,3,4,6,4,5,6,3,7,3,5,6,1,-2.9603346,0.78203402,2.2772735,1.7809053,0.49636816
-16.573187,0.64286724,0.94140758,2,3,0,19.361531,0.17673613,2.9140847,0.51502403,2.3990606,-1.2787533,-1.5680737,-1.4056898,-1.5221353,-1.3619112,-1.2787533,-1.3547383,-1.4639126,-1.3547383,-1.4119304,7,5,2,8,2,8,4,8,6,3,5,8,4,6,5,7,5,7,2,4,-1.7145305,0.4201355,1.7123597,0.7194231,0.9929366
-16.449482,0.99853116,0.94140758,2,3,0,16.64371,0.2786304,2.9511265,0.82227357,2.1288529,-1.2734125,-1.4906555,-1.5153614,-1.6563935,-1.3524258,-1.2734125,-1.3552491,-1.5314205,-1.3552491,-1.7002207,4,5,4,8,3,8,7,4,4,2,5,5,3,8,1,3,6,7,3,5,-1.4233955,0.14315006,2.5048872,0.35857476,2.1463125
-16.449482,0.71238922,0.94140758,1,3,0,18.100797,0.2786304,2.9511265,0.82227357,2.1288529,-1.2734125,-1.4906555,-1.5153614,-1.6563935,-1.3524258,-1.2734125,-1.3552491,-1.5314205,-1.3552491,-1.7002207,7,4,2,8,2,7,4,1,3,7,5,8,3,5,2,3,4,6,5,5,-1.4233955,0.76124557,1.5166858,1.1545704,0.36211545
-16.367503,0.99649375,0.94140758,2,7,0,16.462186,0.24747602,2.1742177,0.53806674,1.6361509,-1.3078522,-1.5368318,-1.4893854,-1.6267526,-1.3908932,-1.3078522,-1.3906616,-1.5335338,-1.3906616,-1.5835672,7,5,5,6,4,5,7,8,4,1,6,5,2,8,3,4,6,6,2,3,-0.90541656,0.10894454,1.4698524,0.16013239,1.30972
-16.697941,0.78423805,0.94140758,2,3,0,17.5562,0.15974578,3.0117397,0.48111269,2.530627,-1.2794714,-1.5809358,-1.3871559,-1.5015339,-1.3610864,-1.2794714,-1.3522122,-1.451429,-1.3522122,-1.3667875,5,4,5,8,4,6,3,8,2,4,5,1,6,4,2,5,4,3,3,2,-1.8799409,0.40549861,2.9351285,1.1901905,1.744938
-18.647705,0.768114,0.94140758,1,3,0,19.521727,0.055744605,1.6360548,0.091201231,1.5448536,-1.399638,-1.7085436,-1.3369124,-1.4852569,-1.4629624,-1.399638,-1.4470942,-1.4756532,-1.4470942,-1.0815242,3,7,4,6,3,5,5,4,4,3,6,7,2,4,3,8,5,7,5,4,-1.9513419,0.25699697,6.1530212,1.5813078,4.5717134
-17.6438,0.89404392,0.94140758,2,3,0,20.265165,0.11285604,4.1287591,0.4659554,3.6628037,-1.2676786,-1.6135081,-1.3276156,-1.4337377,-1.3415556,-1.2676786,-1.3274027,-1.4018455,-1.3274027,-1.2478059,5,4,1,2,6,3,6,5,2,3,5,8,5,5,7,7,4,6,7,3,-3.2041553,0.30224661,0.56124953,0.16963577,0.39161376
-17.912171,0.93502575,0.94140758,2,3,0,18.748434,0.47974046,3.2876288,1.5772086,1.7104203,-1.386273,-1.3806883,-1.7703561,-2.0885084,-1.3679916,-1.386273,-1.3899449,-1.7230492,-1.3899449,-2.3251783,7,4,3,6,2,8,4,5,2,3,6,5,6,6,2,6,3,8,5,1,-1.5061926,0.60878497,6.5748214,4.0026525,2.5721689
-18.533258,0.93468769,0.94140758,2,3,0,19.316179,0.42766397,5.115115,2.1875504,2.9275646,-1.3036226,-1.3679111,-1.7079123,-1.9706191,-1.3186309,-1.3036226,-1.3373175,-1.6541206,-1.3373175,-2.2196191,5,5,2,8,4,4,5,6,6,5,8,6,4,8,2,8,4,6,2,3,-3.2373182,0.51324764,1.5534432,0.79730105,0.75614215
-18.412793,0.91486205,0.94140758,2,3,0,19.382552,0.053606255,1.9981202,0.10711174,1.8910085,-1.3733523,-1.7003659,-1.3169416,-1.4571209,-1.4348694,-1.3733523,-1.4178956,-1.4473219,-1.4178956,-1.0772712,6,6,6,5,1,8,4,6,4,3,7,8,2,7,5,7,5,6,2,4,-2.1074266,0.74421878,1.922543,1.4307926,0.49175039
-16.590846,0.96349829,0.94140758,1,3,0,18.578482,0.1639111,2.6258415,0.43040455,2.1954369,-1.2936038,-1.585088,-1.3973016,-1.516251,-1.375693,-1.2936038,-1.3674754,-1.4659023,-1.3674754,-1.3712725,8,2,6,6,6,7,6,5,6,4,5,4,1,5,1,6,4,1,3,1,-1.5351294,0.86010886,2.3663938,2.0353563,0.33103753
-16.9954,0.93194959,0.94140758,1,1,0,16.997932,0.11790393,2.5932338,0.30575244,2.2874813,-1.3103467,-1.6265923,-1.3540189,-1.4742642,-1.385946,-1.3103467,-1.3734972,-1.4436752,-1.3734972,-1.2475563,7,5,4,4,4,7,7,7,5,2,7,4,1,6,4,6,5,5,4,3,-1.785226,0.39650609,1.4230424,0.56424499,0.85879745
-18.883607,0.88279748,0.94140758,1,3,0,19.153211,0.043680863,3.3785206,0.1475767,3.230944,-1.3236312,-1.6949166,-1.2718859,-1.3954868,-1.3792146,-1.3236312,-1.3591779,-1.3867334,-1.3591779,-1.0549403,6,5,2,8,5,7,6,7,4,4,6,6,2,6,4,4,7,5,4,2,-3.3767402,0.64771441,2.0222118,1.3098157,0.71239608
-20.624872,0.88606508,0.94140758,2,3,0,21.340519,0.052629424,6.8088505,0.35834588,6.4505046,-1.271317,-1.6754489,-1.2512393,-1.3555373,-1.3272957,-1.271317,-1.3059646,-1.34318,-1.3059646,-1.0848634,8,4,3,8,4,8,5,7,4,6,7,7,1,3,6,6,7,5,5,1,-6.3524231,0.86724238,3.1889837,2.7656218,0.42336189
-19.89939,1,0.94140758,1,1,0,20.853752,0.052616191,5.7131285,0.30060306,5.4125254,-1.2805136,-1.6769112,-1.2567596,-1.3645598,-1.3369985,-1.2805136,-1.3161009,-1.3524827,-1.3161009,-1.0834498,7,7,5,8,6,6,7,7,3,2,5,6,3,6,2,5,5,5,6,3,-5.3789836,0.028106617,2.3071415,0.064845941,2.2422955
-16.687495,0.98011825,0.94140758,2,3,0,19.824224,0.25806456,3.592956,0.92721462,2.6657414,-1.2511258,-1.4913866,-1.4884188,-1.6178738,-1.3328162,-1.2511258,-1.333644,-1.5033998,-1.333644,-1.6575623,7,4,3,6,6,7,5,8,6,3,7,8,3,7,5,6,6,7,4,1,-2.0524348,0.20330145,0.89036996,0.1810135,0.70935645
-16.651229,1,0.94140758,1,1,0,16.732063,0.25225439,3.5263483,0.88953686,2.6368114,-1.2525255,-1.4968061,-1.4820532,-1.6097491,-1.3348561,-1.2525255,-1.3350867,-1.5001507,-1.3350867,-1.6390978,8,4,7,8,3,8,6,7,1,5,6,4,2,7,4,7,4,6,4,2,-2.0055448,0.76177898,0.73590155,0.56059433,0.17530722
-18.851341,0.68524466,0.94140758,2,3,0,18.937157,0.078104272,1.2204739,0.095324222,1.1251496,-1.4365799,-1.7111387,-1.3846318,-1.5426645,-1.5068128,-1.4365799,-1.4939461,-1.5294704,-1.4939461,-1.1315815,8,7,2,4,6,6,5,6,5,4,7,2,5,6,5,3,7,8,7,1,-1.752195,0.38023582,1.5666153,0.59568325,0.97093206
-16.555808,0.9010533,0.94140758,2,3,0,20.031146,0.33406948,2.7137365,0.90657654,1.8071599,-1.2971305,-1.4639879,-1.5806986,-1.7511225,-1.3634612,-1.2971305,-1.3715497,-1.5814003,-1.3715497,-1.8515239,7,7,2,8,3,5,3,6,6,3,8,5,2,5,4,7,4,8,6,2,-1.1216034,0.37617355,2.42381,0.91177323,1.5120368
-17.95506,0.81605971,0.94140758,2,3,0,18.363688,0.19208092,5.5707564,1.070036,4.5007204,-1.2197916,-1.5255171,-1.4045913,-1.507573,-1.30391,-1.2197916,-1.2975605,-1.4320564,-1.2975605,-1.4876882,8,6,5,8,2,8,6,7,3,3,5,7,1,6,7,5,6,3,7,2,-4.1134184,0.83814754,2.0565045,1.7236542,0.33285033
-17.86181,1,0.94140758,2,7,0,18.032005,0.33334626,1.1084322,0.36949172,0.73894048,-1.4314989,-1.5774703,-1.6002609,-1.7810347,-1.5044313,-1.4314989,-1.5105793,-1.6610723,-1.5105793,-1.7145629,6,5,1,6,5,8,8,5,1,5,7,5,6,5,6,7,5,2,5,2,-0.73770997,0.61983773,1.2761993,0.79103651,0.48516283
-19.490873,0.88687777,0.94140758,2,3,0,19.607714,0.54265001,1.0084653,0.54724369,0.46122158,-1.571568,-1.5366177,-1.8055077,-2.1184525,-1.554295,-1.571568,-1.5737935,-1.8229264,-1.5737935,-2.2034491,6,5,5,5,6,8,7,6,6,5,5,7,3,6,4,8,3,6,1,3,-0.77373479,0.55147519,1.5396433,0.84907508,0.69056821
-17.146858,1,0.94140758,2,3,0,19.581035,0.13253101,1.7244944,0.22854899,1.4959454,-1.3592087,-1.640053,-1.3940312,-1.5294688,-1.4378902,-1.3592087,-1.4279198,-1.4975255,-1.4279198,-1.2694377,7,7,2,6,3,6,1,4,4,4,2,5,3,6,3,6,8,5,5,4,-1.1860142,0.40228422,1.5700179,0.63159344,0.93842449
-17.210527,0.91044267,0.94140758,2,3,0,18.119093,0.4343983,2.7044621,1.1748137,1.5296484,-1.3575149,-1.4166619,-1.7045571,-1.9583778,-1.3773459,-1.3575149,-1.3946006,-1.6765029,-1.3946006,-2.149388,6,3,3,8,4,7,3,8,3,2,5,8,4,6,3,6,3,6,5,7,-1.0147067,0.69758361,3.8884694,2.7125325,1.1759369
-21.448487,0.18658434,0.94140758,2,3,0,22.085405,0.012666977,1.659031,0.021014907,1.6380161,-1.4226397,-1.7484663,-1.3038982,-1.4624192,-1.4732699,-1.4226397,-1.4541483,-1.4606638,-1.4541483,-0.9792793,8,4,5,5,4,7,6,4,4,3,4,7,3,7,3,4,6,4,6,1,-3.3916436,0.51012647,2.9132323,1.4861169,1.4271154
-16.882478,0.77988729,0.94140758,3,7,0,20.79028,0.25989656,3.9583981,1.028774,2.929624,-1.2424885,-1.4842875,-1.4890733,-1.6175966,-1.3239082,-1.2424885,-1.3249419,-1.499326,-1.3249419,-1.670382,7,6,4,6,2,6,6,6,3,3,6,4,3,4,6,8,5,5,4,4,-2.3904456,0.58344355,1.3370144,0.78007244,0.55694199
-16.457578,0.94257606,0.94140758,2,3,0,17.564892,0.21714033,2.0214763,0.43894404,1.5825323,-1.3186782,-1.5638948,-1.4618161,-1.5950234,-1.4030754,-1.3186782,-1.4001217,-1.5219337,-1.4001217,-1.4959479,7,6,6,8,2,6,8,6,6,4,7,3,3,6,5,7,5,5,5,3,-0.9101014,0.51648248,1.7425976,0.90002112,0.84257646
-16.675995,0.9132506,0.94140758,2,3,0,16.983322,0.36362602,2.5813984,0.93866361,1.6427348,-1.3154935,-1.4531168,-1.6160463,-1.8062035,-1.371882,-1.3154935,-1.3826269,-1.6100016,-1.3826269,-1.9310375,7,6,4,6,5,7,8,5,3,3,4,6,2,6,3,6,4,8,2,3,-0.97619918,0.24457644,4.42797,1.0829771,3.3449929
-16.467098,0.53296699,0.94140758,2,3,0,18.5914,0.21540761,3.0026769,0.64679946,2.3558775,-1.2695432,-1.5348847,-1.445067,-1.5662328,-1.3539194,-1.2695432,-1.3504968,-1.4854122,-1.3504968,-1.5215895,6,8,1,7,5,8,5,6,4,1,6,7,5,5,3,6,8,6,7,1,-1.6416023,0.36598855,1.4716273,0.53859875,0.93302858
-16.463756,0.98372619,0.94140758,2,3,0,16.610717,0.31687306,2.573616,0.81550957,1.7581064,-1.2974475,-1.4785402,-1.5611404,-1.7222155,-1.3688498,-1.2974475,-1.3752216,-1.5705154,-1.3752216,-1.7952932,4,6,3,5,5,6,3,4,5,3,8,7,7,6,2,7,6,6,4,1,-1.0368465,0.18145614,2.9306948,0.53179257,2.3989022
-17.383731,0.6380551,0.94140758,2,3,0,18.556445,0.096304389,3.0315318,0.29194981,2.739582,-1.3032684,-1.6408165,-1.325443,-1.4425067,-1.3740579,-1.3032684,-1.3591595,-1.4186432,-1.3591595,-1.1943869,6,4,3,8,5,7,5,7,6,1,6,7,2,6,3,5,4,4,3,3,-2.3305843,0.56276966,1.8689178,1.0517703,0.81714758
-17.240366,1,0.94140758,2,3,0,17.48543,0.10119455,2.7499336,0.2782783,2.4716553,-1.3110765,-1.6398197,-1.3352949,-1.4550822,-1.3831977,-1.3110765,-1.3690522,-1.4301128,-1.3690522,-1.2049762,6,5,3,7,4,8,4,8,4,5,6,7,3,4,2,5,8,6,5,3,-2.0458025,0.8669824,1.3388264,1.1607389,0.17808747
-16.587044,0.99251318,0.94140758,2,3,0,17.414913,0.20059673,1.8737935,0.37587683,1.4979166,-1.3313517,-1.5822867,-1.4497131,-1.5833325,-1.4156777,-1.3313517,-1.4113359,-1.5207694,-1.4113359,-1.4466636,6,5,4,8,3,7,4,5,3,2,6,6,3,3,5,7,3,5,2,5,-0.90084274,0.47962514,2.5939963,1.2441459,1.3498505
-16.515868,0.94500236,0.94140758,2,3,0,17.200215,0.33124414,2.5576745,0.84721468,1.7104598,-1.302844,-1.4710298,-1.5778191,-1.7469466,-1.3703328,-1.302844,-1.3780465,-1.5826637,-1.3780465,-1.8358075,5,8,3,7,4,5,4,7,4,2,8,2,6,5,4,7,3,7,5,5,-1.0013502,0.43253265,3.7979227,1.6427256,2.1551972
-16.515868,0.83869014,0.94140758,1,3,0,17.053413,0.33124414,2.5576745,0.84721468,1.7104598,-1.302844,-1.4710298,-1.5778191,-1.7469466,-1.3703328,-1.302844,-1.3780465,-1.5826637,-1.3780465,-1.8358075,3,5,5,2,4,5,3,7,3,3,8,6,4,7,4,6,4,4,3,2,-1.0013502,0.34343064,1.2116616,0.41612172,0.79553989
-16.437243,0.99149709,0.94140758,2,3,0,16.623822,0.22182339,2.9400333,0.65216814,2.2878651,-1.2713618,-1.5313248,-1.4525786,-1.5756621,-1.3556218,-1.2713618,-1.3528454,-1.4912439,-1.3528454,-1.5381424,7,7,2,7,3,8,8,8,5,6,6,4,4,6,4,8,3,8,2,1,-1.566,0.70791877,0.88512086,0.62659367,0.25852719
-21.404807,0.39332932,0.94140758,2,3,0,22.421425,0.28178202,10.896146,3.0703381,7.825808,-1.1860877,-1.4285058,-1.5105124,-1.6403578,-1.2634265,-1.1860877,-1.2671611,-1.4837387,-1.2671611,-1.794703,7,6,3,7,5,7,5,6,2,2,7,6,4,6,4,7,6,6,6,1,-8.167871,0.41470597,1.6842639,0.69847428,0.98578961
-21.046104,0.97222708,0.94140758,1,1,0,22.246232,0.34859717,9.7999248,3.416226,6.3836988,-1.2145395,-1.3829276,-1.6022373,-1.7836003,-1.2707646,-1.2145395,-1.2821499,-1.5533722,-1.2821499,-2.0095722,8,6,3,6,3,8,5,6,3,2,7,4,2,6,4,6,3,8,5,2,-7.2501602,0.24324476,1.8386426,0.44724018,1.3914025
-18.569028,1,0.94140758,1,1,0,20.583546,0.29737923,6.4341159,1.9133724,4.5207435,-1.2140981,-1.4332072,-1.5319718,-1.6742026,-1.288279,-1.2140981,-1.2935726,-1.5111774,-1.2935726,-1.8188156,5,5,2,7,5,4,5,8,8,2,8,6,4,7,5,5,4,7,7,2,-4.5919629,0.015797096,1.5499465,0.024484654,1.5254618
-18.569028,0.37294008,0.94140758,1,1,0,20.26139,0.29737923,6.4341159,1.9133724,4.5207435,-1.2140981,-1.4332072,-1.5319718,-1.6742026,-1.288279,-1.2140981,-1.2935726,-1.5111774,-1.2935726,-1.8188156,8,3,7,7,2,6,6,5,3,5,5,7,4,6,4,8,5,6,5,1,-4.5919629,0.80299624,2.2046758,1.7703464,0.43432942
-16.66955,0.36904025,0.94140758,2,3,0,23.722563,0.36361223,2.5405332,0.92376894,1.6167642,-1.3172784,-1.4547029,-1.6160295,-1.8061427,-1.373807,-1.3172784,-1.3845104,-1.6108734,-1.3845104,-1.9286976,5,6,3,8,6,8,3,5,6,3,7,2,2,6,3,6,5,7,5,5,-0.94447925,0.49921685,1.6196324,0.8085478,0.81108463
-16.817105,0.98709764,0.94140758,2,3,0,16.837062,0.13406966,2.4832057,0.33292255,2.1502831,-1.309311,-1.6142138,-1.3714983,-1.4923639,-1.3877002,-1.309311,-1.3768433,-1.4558505,-1.3768433,-1.2887838,8,6,3,8,5,8,3,5,3,3,4,7,3,4,4,5,3,7,8,2,-1.5905894,0.72142384,1.5258048,1.1007519,0.42505283
-16.560312,1,0.94140758,2,3,0,16.791112,0.16959111,2.3078866,0.39139705,1.9164896,-1.3080348,-1.5888185,-1.4091178,-1.5327616,-1.3906809,-1.3080348,-1.3832347,-1.4815699,-1.3832347,-1.3793844,8,7,2,8,2,8,2,7,7,4,6,7,3,3,6,5,4,2,5,2,-1.2715701,0.5646514,1.1228176,0.63400054,0.48881707
-16.560312,0.79947837,0.94140758,1,3,0,18.187913,0.16959111,2.3078866,0.39139705,1.9164896,-1.3080348,-1.5888185,-1.4091178,-1.5327616,-1.3906809,-1.3080348,-1.3832347,-1.4815699,-1.3832347,-1.3793844,6,7,4,7,4,5,6,4,4,4,5,5,3,3,3,5,6,6,6,2,-1.2715701,0.35634116,1.3923173,0.49613996,0.89617735
-16.975659,0.91035501,0.94140758,1,3,0,17.363605,0.38765164,3.0765056,1.1926124,1.8838932,-1.3108828,-1.4248626,-1.6465683,-1.8571457,-1.3551284,-1.3108828,-1.3685762,-1.6242114,-1.3685762,-2.027674,8,7,4,6,5,8,5,6,4,2,7,7,2,6,3,7,4,8,5,4,-1.3668425,0.4171128,2.5721033,1.0728572,1.4992461
-16.975659,0.18179676,0.94140758,1,1,0,19.173133,0.38765164,3.0765056,1.1926124,1.8838932,-1.3108828,-1.4248626,-1.6465683,-1.8571457,-1.3551284,-1.3108828,-1.3685762,-1.6242114,-1.3685762,-2.027674,8,5,5,8,4,8,7,7,5,2,7,5,1,6,5,7,3,4,6,4,-1.3668425,0.73191591,3.3048224,2.4188521,0.88597031
-16.913677,1,0.94140758,2,3,0,17.099201,0.12771691,2.799837,0.35758652,2.4422505,-1.2979195,-1.6136887,-1.3591375,-1.4760826,-1.3751387,-1.2979195,-1.3633833,-1.4409996,-1.3633833,-1.2764824,7,6,4,6,5,6,6,5,3,2,3,5,3,6,5,3,3,4,7,2,-1.8845222,0.23083253,2.7510651,0.63503531,2.1160298
-16.750099,0.8899611,0.94140758,2,7,0,17.877141,0.28763387,1.6118934,0.46363512,1.1482583,-1.3559036,-1.5448935,-1.5410563,-1.6980715,-1.4349208,-1.3559036,-1.4380858,-1.5892313,-1.4380858,-1.6563696,6,7,1,6,3,7,5,4,6,6,8,8,5,6,3,8,5,3,6,4,-0.58975705,0.34030084,1.8883962,0.64262281,1.2457734
-16.775477,0.85228468,0.94140758,1,3,0,18.060548,0.28746576,3.6704057,1.055116,2.6152897,-1.253149,-1.4693314,-1.52271,-1.6645007,-1.3302569,-1.253149,-1.3341129,-1.5254227,-1.3341129,-1.7462673,5,7,4,6,4,8,4,3,5,2,5,5,3,7,6,6,5,5,6,3,-2.0571873,0.24387225,2.2144356,0.5400394,1.6743962
-16.62747,0.90350814,0.94140758,1,3,0,17.753337,0.28460595,1.7271505,0.49155729,1.2355932,-1.3445391,-1.5382668,-1.5354704,-1.6898065,-1.423787,-1.3445391,-1.4267599,-1.5801055,-1.4267599,-1.6572347,7,6,4,7,2,6,6,7,5,2,5,5,5,8,7,6,5,4,7,6,-0.61510294,0.20873145,2.5425334,0.53070669,2.0118267
-17.045476,0.91973746,0.94140758,1,1,0,17.046781,0.31356279,1.4346448,0.44985121,0.98479355,-1.3801055,-1.5470071,-1.5709592,-1.7395608,-1.4551458,-1.3801055,-1.4602842,-1.6185483,-1.4602842,-1.706698,8,2,4,8,5,8,4,7,4,3,8,3,4,7,3,7,6,7,6,5,-0.55169876,0.81845483,4.2668409,3.4922165,0.77462437
-17.65435,0.91530984,0.94140758,2,3,0,18.003334,0.19440914,5.1220037,0.99576432,4.1262394,-1.2250922,-1.5263074,-1.4088159,-1.5137868,-1.3092888,-1.2250922,-1.303262,-1.4377651,-1.303262,-1.4910076,7,5,7,6,1,7,6,8,5,2,4,5,6,6,4,6,3,5,3,4,-3.6902461,0.5528569,2.3545186,1.3017118,1.0528068
-16.610833,1,0.94140758,2,3,0,17.60073,0.20914153,1.8054837,0.37760162,1.4278821,-1.3359852,-1.5798923,-1.4598056,-1.5957827,-1.4204412,-1.3359852,-1.4168863,-1.529688,-1.4168863,-1.4657498,8,6,3,6,2,7,4,8,5,6,5,4,2,4,7,5,4,7,6,4,-0.84517897,0.60582148,1.0960936,0.66403707,0.43205657
-17.744526,0.85739332,0.94140758,2,7,0,18.001874,0.40663029,1.2646322,0.51423776,0.75039444,-1.4362361,-1.5284684,-1.6670519,-1.8819573,-1.4852814,-1.4362361,-1.4972019,-1.6964529,-1.4972019,-1.9206308,7,4,5,8,3,8,4,7,5,5,8,6,6,6,5,7,7,6,4,3,-0.51080023,0.74639529,3.4636271,2.5852349,0.87839215
-17.305764,0.9466315,0.94140758,2,3,0,18.20435,0.096860067,2.7347313,0.26488626,2.4698451,-1.3137123,-1.644311,-1.3316489,-1.4521592,-1.3848882,-1.3137123,-1.3703678,-1.4287093,-1.3703678,-1.1933282,8,2,4,7,4,7,2,8,4,5,3,7,4,6,5,5,5,5,6,2,-2.0722261,0.8177573,2.0941699,1.7125227,0.38164717
-22.114623,0.50447184,0.94140758,2,3,0,23.236483,0.22743189,12.223677,2.7800539,9.4436231,-1.1779933,-1.4729896,-1.4392326,-1.542156,-1.2622225,-1.1779933,-1.259548,-1.4334278,-1.259548,-1.6237525,8,3,2,8,3,8,4,6,5,6,7,7,2,6,5,5,4,5,5,1,-9.2301945,0.72456397,1.237855,0.89690511,0.34094986
-17.167189,1,0.94140758,2,3,0,21.741209,0.29329481,1.348555,0.39552419,0.95303081,-1.3869828,-1.5653996,-1.5540976,-1.717423,-1.4658485,-1.3869828,-1.4692838,-1.6128387,-1.4692838,-1.6469283,6,6,1,7,5,6,6,6,5,2,4,5,3,6,4,4,7,6,5,4,-0.61743517,0.14110782,1.7709934,0.24990101,1.5210923
-17.352523,0.90459933,0.94140758,2,3,0,17.996732,0.262503,4.7339808,1.2426841,3.4912967,-1.2281785,-1.4728581,-1.4899985,-1.6169559,-1.3091757,-1.2281785,-1.3105198,-1.4924921,-1.3105198,-1.6908668,6,7,1,8,4,5,5,4,5,3,8,6,2,7,2,7,4,6,6,1,-3.1155599,0.36811562,1.0239302,0.37692469,0.64700548
-16.527921,1,0.94140758,2,7,0,17.245532,0.1962095,2.0023736,0.39288474,1.6094889,-1.322285,-1.5795291,-1.4419999,-1.5727499,-1.4064794,-1.322285,-1.4016651,-1.5110127,-1.4016651,-1.4402372,7,5,5,8,2,6,6,6,5,5,5,6,3,7,5,7,6,5,5,1,-0.97535691,0.64646421,2.1775333,1.4076974,0.76983595
-17.597019,0.52401258,0.94140758,2,3,0,20.280068,0.080940459,2.2724285,0.18393141,2.0884971,-1.3427327,-1.6679871,-1.3294951,-1.4592152,-1.4107669,-1.3427327,-1.3955059,-1.4417971,-1.3955059,-1.1477417,6,5,6,7,5,6,4,2,4,3,4,7,3,4,5,6,4,5,3,3,-1.8859423,0.38153098,1.2415491,0.47368945,0.76785965
-17.165311,0.91507147,0.94140758,2,3,0,18.964633,0.43511197,2.4839947,1.0808158,1.4031789,-1.3664246,-1.4254451,-1.7038146,-1.9558897,-1.3874245,-1.3664246,-1.404405,-1.6802325,-1.404405,-2.1363179,8,5,4,8,3,6,5,7,5,4,8,5,4,8,5,8,4,5,4,5,-0.84111542,0.68681789,1.8549675,1.2740248,0.58094262
-17.919725,0.76841162,0.94140758,2,3,0,19.014586,0.072763617,3.2533823,0.23672786,3.0166545,-1.308966,-1.6632055,-1.3000128,-1.4184451,-1.3735634,-1.308966,-1.3562748,-1.4018685,-1.3562748,-1.1324865,4,7,2,6,3,7,4,5,4,1,4,5,1,5,4,6,6,4,3,3,-2.7832709,0.17563261,1.1333125,0.19904663,0.93426588
-16.438461,1,0.94140758,2,3,0,17.798974,0.1994965,2.7154313,0.54171903,2.1737123,-1.282589,-1.5539179,-1.431737,-1.5529291,-1.3668502,-1.282589,-1.3619689,-1.4834883,-1.3619689,-1.470413,6,4,2,4,4,4,3,7,5,3,5,5,1,5,3,5,7,6,4,3,-1.4544874,0.20671236,2.8273151,0.58444098,2.2428741
-16.577517,0.77695901,0.94140758,2,3,0,18.261108,0.21187316,1.8389465,0.38962342,1.4493231,-1.332949,-1.5762789,-1.4614105,-1.5970867,-1.4174063,-1.332949,-1.4140706,-1.5291291,-1.4140706,-1.4743107,8,7,2,4,4,4,6,7,2,3,7,5,4,5,4,4,2,3,5,2,-0.84718512,0.6779146,2.1444191,1.453733,0.69068609
-19.313791,0.38742937,0.94140758,1,3,0,21.600194,0.053198649,4.8338522,0.25715441,4.5766978,-1.2902626,-1.6780128,-1.2634864,-1.3749487,-1.3474962,-1.2902626,-1.3271212,-1.3630062,-1.3271212,-1.0836649,6,5,4,6,4,7,6,6,4,5,4,2,1,4,5,5,4,5,6,3,-4.5556641,0.44043128,0.78719163,0.34670382,0.44048781
-16.693357,0.99133233,0.94140758,2,3,0,19.135729,0.2954976,3.4633729,1.0234184,2.4399545,-1.2602931,-1.4678713,-1.5328898,-1.6794107,-1.3358579,-1.2602931,-1.3404868,-1.5351599,-1.3404868,-1.7648471,7,5,5,7,4,7,6,6,2,1,7,6,2,4,1,5,6,6,6,3,-1.8486452,0.26273786,4.760431,1.2507454,3.5096856
-16.559166,1,0.94140758,2,3,0,16.799086,0.21390735,1.8570668,0.39724025,1.4598266,-1.3313011,-1.5739653,-1.4628392,-1.5984518,-1.4157511,-1.3313011,-1.4125839,-1.5291797,-1.4125839,-1.4803953,5,8,2,5,4,7,7,7,5,2,7,5,4,5,1,6,4,5,3,1,-0.84691918,0.13440585,2.2260697,0.2991968,1.9268729
-16.866227,0.94095826,0.94140758,2,3,0,17.044161,0.13252577,2.2033368,0.2919989,1.9113379,-1.3247413,-1.6226999,-1.3770792,-1.502477,-1.4030481,-1.3247413,-1.3923735,-1.4678189,-1.3923735,-1.2797962,7,2,3,6,4,7,6,7,3,4,6,5,3,2,5,6,6,6,6,1,-1.4059029,0.53076772,2.1668643,1.1501016,1.0167627
-16.627168,0.97795863,0.94140758,2,3,0,17.233342,0.16142286,2.2187203,0.35815218,1.8605681,-1.3151454,-1.5981588,-1.4034342,-1.5282112,-1.3970647,-1.3151454,-1.3889551,-1.4813672,-1.3889551,-1.3556032,6,8,2,6,5,7,5,6,3,2,5,7,3,5,3,5,4,2,6,3,-1.2522811,0.27703523,2.4448804,0.67731803,1.7675624
-18.107716,0.81972683,0.94140758,1,3,0,18.298822,0.10382431,1.3322249,0.13831733,1.1939076,-1.4110906,-1.6839265,-1.3939541,-1.5439176,-1.4858462,-1.4110906,-1.4744919,-1.5236485,-1.4744919,-1.1917246,7,8,3,7,2,6,5,7,6,7,7,3,2,5,5,7,3,4,6,1,-1.4257104,0.48901532,2.5094628,1.2271657,1.282297
-17.259251,1,0.94140758,2,3,0,18.655021,0.10373786,2.9977009,0.31097508,2.6867258,-1.3008563,-1.6337736,-1.332967,-1.4495254,-1.3733352,-1.3008563,-1.3591584,-1.4231056,-1.3591584,-1.2141004,8,5,4,6,3,8,3,5,7,6,4,5,2,6,5,6,5,7,4,5,-2.2348497,0.39577097,1.4380942,0.56915594,0.86893826
-16.55113,0.92724633,0.94140758,2,3,0,17.345662,0.32014268,1.9592955,0.62725412,1.3320414,-1.3334781,-1.5046102,-1.5690508,-1.7351139,-1.4053321,-1.3334781,-1.4115603,-1.5933693,-1.4115603,-1.768978,7,6,4,7,3,7,5,7,5,5,8,2,3,7,5,6,5,4,5,4,-0.63232331,0.56289754,1.3374352,0.75283897,0.58459621
-17.568721,0.7144369,0.94140758,1,1,0,17.579695,0.46134117,1.6664356,0.76879536,0.89764028,-1.4331527,-1.4675355,-1.7279097,-1.9922761,-1.4476077,-1.4331527,-1.4648521,-1.7232732,-1.4648521,-2.1289131,6,5,2,7,3,6,7,5,3,3,5,7,5,6,5,7,5,5,5,6,-0.40359264,0.33412812,2.3159229,0.77381497,1.542108
-16.917367,1,0.94140758,2,7,0,17.454955,0.12508629,2.3451186,0.29334218,2.0517764,-1.3195168,-1.6254494,-1.3664889,-1.489923,-1.3965457,-1.3195168,-1.3850342,-1.4575025,-1.3850342,-1.2628787,7,6,2,4,3,7,5,6,7,4,5,8,2,7,5,7,5,7,5,1,-1.5494315,0.34899568,1.7696225,0.6175906,1.1520319
-18.011634,0.92582572,0.94140758,2,3,0,18.200279,0.50023152,3.0134999,1.5074477,1.5060523,-1.4169072,-1.3824361,-1.7957718,-2.1393713,-1.3825783,-1.4169072,-1.4058304,-1.748954,-1.4058304,-2.3742998,8,3,2,6,5,4,3,8,8,4,6,6,3,3,5,7,5,6,5,4,-1.2595548,0.40606446,1.0764486,0.43710751,0.63934106
-16.673288,1,0.94140758,2,3,0,17.834057,0.3352424,1.8319302,0.61414068,1.2177896,-1.3477042,-1.5048137,-1.5865975,-1.7608526,-1.4160894,-1.3477042,-1.4234989,-1.6102912,-1.4234989,-1.8003272,8,6,5,7,2,5,6,6,6,1,4,5,2,6,4,6,3,7,2,6,-0.55604592,0.75887202,2.9795805,2.2611202,0.71846021
-17.080094,0.94211878,0.94140758,2,3,0,17.320463,0.15611211,3.8482287,0.6007551,3.2474736,-1.2569316,-1.5728876,-1.3743669,-1.4815782,-1.3380547,-1.2569316,-1.3283823,-1.4305393,-1.3283823,-1.367524,6,7,4,7,2,7,3,6,7,5,7,6,3,4,4,5,5,7,6,3,-2.6652123,0.38300323,1.429688,0.54757512,0.88211288
-16.464682,0.98467294,0.94140758,2,3,0,17.231279,0.23931828,3.0808735,0.73730935,2.3435641,-1.2657824,-1.515067,-1.4703629,-1.5967541,-1.3492377,-1.2657824,-1.348174,-1.4997008,-1.348174,-1.5912504,6,5,4,7,4,8,5,8,1,5,5,7,3,6,2,5,6,7,7,5,-1.6361082,0.72850018,1.2180214,0.88732881,0.3306926
-16.721659,0.72294232,0.94140758,2,3,0,17.774883,0.34825555,1.8368677,0.63969938,1.1971683,-1.3519562,-1.4982134,-1.6006279,-1.7817266,-1.4165553,-1.3519562,-1.4250836,-1.6200055,-1.4250836,-1.8360968,8,7,2,6,4,7,5,8,5,1,5,5,3,8,5,7,5,5,4,4,-0.53949419,0.36824139,2.4521945,0.90299949,1.549195
-16.469672,0.53144764,0.94140758,2,3,0,18.881767,0.2919741,2.9263272,0.85441175,2.0719154,-1.2767076,-1.4826522,-1.5307864,-1.6778265,-1.3533437,-1.2767076,-1.3574715,-1.5423113,-1.3574715,-1.7379179,6,7,3,7,3,5,4,7,5,5,6,5,5,6,2,8,7,8,5,2,-1.3738589,0.32048636,1.5270031,0.48938368,1.0376195
-16.735112,0.79970996,0.94140758,2,3,0,17.959808,0.23040951,1.6296946,0.37549712,1.2541975,-1.3507295,-1.5766407,-1.4853898,-1.6281624,-1.4349415,-1.3507295,-1.4332867,-1.5534709,-1.4332867,-1.5110058,6,4,5,6,3,7,5,6,6,4,4,7,5,6,5,6,5,7,5,1,-0.73606719,0.624009,3.8207022,2.3841526,1.4365496
-17.83428,0.85103543,0.94140758,2,3,0,17.906462,0.13380321,1.2914861,0.17280499,1.1186811,-1.4067094,-1.6651665,-1.4200621,-1.5686541,-1.4861102,-1.4067094,-1.4771165,-1.5397892,-1.4771165,-1.2602012,8,6,3,8,1,6,5,8,5,4,7,7,4,6,3,4,6,6,6,4,-1.2274101,0.71940105,0.67113789,0.48281731,0.18832059
-17.49053,1,0.94140758,1,1,0,17.926706,0.13942488,1.4284223,0.19915761,1.2292647,-1.3874684,-1.6512546,-1.4152416,-1.5587394,-1.4673883,-1.3874684,-1.4585269,-1.5267072,-1.4585269,-1.277841,6,3,4,5,2,3,3,6,3,6,5,4,3,5,8,7,7,7,5,1,-1.1375538,0.55376093,2.084621,1.1543817,0.93023936
-17.530858,0.96066293,0.94140758,2,3,0,17.895076,0.4510075,3.1313507,1.4122626,1.7190881,-1.3596358,-1.3957211,-1.7297065,-2.0074738,-1.3653238,-1.3596358,-1.3846,-1.6904384,-1.3846,-2.22583,8,3,1,7,1,7,4,6,4,4,7,6,1,7,4,5,6,7,5,3,-1.3734149,0.78419281,1.7225719,1.3508285,0.3717434
-17.087927,1,0.94140758,1,1,0,17.640059,0.41455988,2.8410383,1.1777805,1.6632578,-1.3370479,-1.4199451,-1.6799375,-1.9145102,-1.3680344,-1.3370479,-1.3837117,-1.6542647,-1.3837117,-2.0973927,5,8,5,5,7,7,5,7,7,5,6,2,1,7,3,7,2,6,3,4,-1.1405641,0.6041899,1.002142,0.60548409,0.39665794
-17.754226,0.92366316,0.94140758,2,3,0,17.806644,0.096455852,1.6020738,0.15452939,1.4475444,-1.3837616,-1.6747762,-1.3704784,-1.5127074,-1.4564959,-1.3837616,-1.4438662,-1.4930141,-1.4438662,-1.178833,6,5,5,8,2,8,2,8,8,5,5,7,3,6,4,5,7,7,7,1,-1.4438643,0.56328949,4.950644,2.7886457,2.1619983
-17.111064,1,0.94140758,2,3,0,17.785868,0.40241063,3.1413919,1.2641295,1.8772624,-1.31882,-1.4160209,-1.665704,-1.8902403,-1.3552383,-1.31882,-1.3701267,-1.6382128,-1.3701267,-2.0757163,8,6,4,7,1,8,3,8,3,3,6,6,3,4,4,6,3,7,5,1,-1.41157,0.74208592,1.2224533,0.90716536,0.31528791
-19.505513,0.78815526,0.94140758,2,3,0,19.9906,0.087215163,6.4377495,0.56146937,5.8762801,-1.2517883,-1.6330291,-1.2874348,-1.3861672,-1.3187164,-1.2517883,-1.3009918,-1.3623884,-1.3009918,-1.1836495,7,3,2,7,3,7,6,4,4,3,3,7,1,5,2,6,8,7,4,2,-5.560114,0.77151348,2.7592643,2.1288096,0.6304547
-18.653114,1,0.94140758,2,3,0,20.60623,0.56859467,1.8305343,1.040832,0.78970224,-1.5448843,-1.4275929,-1.8636563,-2.2710479,-1.4641941,-1.5448843,-1.4893978,-1.8344192,-1.4893978,-2.4633398,8,7,2,7,1,7,3,8,1,2,7,5,2,7,3,8,7,6,4,4,-0.45961283,0.39701146,1.0893593,0.43248814,0.65687118
-18.276264,1,0.94140758,2,7,0,19.117237,0.070589794,1.599871,0.11293456,1.4869364,-1.3955178,-1.6967712,-1.3503995,-1.4968183,-1.4626549,-1.3955178,-1.4480221,-1.4839116,-1.4480221,-1.1167894,5,4,2,6,3,7,4,4,3,3,6,6,2,8,5,5,6,7,6,4,-1.7276877,0.31899625,2.1007091,0.67011833,1.4305908
-16.650653,0.96033323,0.94140758,2,3,0,18.611614,0.16161607,2.8823483,0.46583381,2.4165145,-1.2836728,-1.5816583,-1.3908763,-1.5067028,-1.3655004,-1.2836728,-1.3568886,-1.4562354,-1.3568886,-1.3697844,8,3,3,3,1,8,6,8,4,1,8,5,2,5,3,6,2,8,6,2,-1.7585674,0.73562729,0.70848307,0.52117948,0.18730359
-20.472824,0.47049824,0.94140758,2,7,0,20.52002,0.017061361,2.5763057,0.043955282,2.5323504,-1.3673796,-1.7307961,-1.2673242,-1.4072765,-1.4155237,-1.3673796,-1.3944135,-1.4044926,-1.3944135,-0.9852672,6,6,5,8,4,8,4,8,7,4,3,7,1,8,5,5,6,5,8,5,-3.5967658,0.38666946,1.3573375,0.52484095,0.83249653
-17.533783,0.75716936,0.94140758,2,7,0,22.683818,0.12698304,4.222361,0.53616824,3.6861928,-1.2596994,-1.5981743,-1.3411084,-1.4458177,-1.3363395,-1.2596994,-1.3235487,-1.4077807,-1.3235487,-1.2882735,6,5,5,7,2,4,6,3,7,2,5,7,4,2,4,7,3,6,4,2,-3.1906854,0.33808153,1.1095022,0.37510219,0.73439997
-16.460354,1,0.94140758,2,3,0,17.320919,0.31959731,2.4072638,0.76935505,1.6379088,-1.306269,-1.4833018,-1.5650832,-1.7283251,-1.3772578,-1.306269,-1.383781,-1.5772392,-1.383781,-1.7947829,8,3,5,7,4,8,6,4,4,4,8,4,2,5,3,6,7,6,6,2,-0.90699109,0.66811621,2.0516196,1.3707203,0.68089929
-16.701291,0.9528122,0.94140758,2,3,0,16.941103,0.28395594,3.5398211,1.0051532,2.5346679,-1.2558577,-1.4740967,-1.518935,-1.6595222,-1.333684,-1.2558577,-1.3371562,-1.5245378,-1.3371562,-1.7326357,8,4,5,8,1,8,5,6,2,6,5,5,3,7,4,7,1,5,1,3,-1.9429777,0.84245302,1.6520407,1.3917667,0.26027401
-17.768118,0.78934762,0.94140758,2,3,0,18.037232,0.13764996,4.7836316,0.6584667,4.1251649,-1.2459663,-1.5834462,-1.3482365,-1.4496561,-1.324369,-1.2459663,-1.3124272,-1.4058182,-1.3124272,-1.3225497,6,4,4,7,1,8,3,7,3,4,7,6,1,7,5,7,4,6,4,5,-3.6513195,0.80212371,6.5334024,5.2405969,1.2928054
-17.711611,0.95043296,0.94140758,2,3,0,19.204797,0.2350863,1.1405562,0.26812914,0.87242709,-1.4145394,-1.6185558,-1.5127186,-1.6696373,-1.4990598,-1.4145394,-1.4979421,-1.6034186,-1.4979421,-1.4867774,7,7,4,7,4,7,4,7,3,3,7,5,2,4,4,5,5,8,8,3,-0.91220183,0.68186418,1.7257239,1.1767093,0.5490146
-17.903644,0.95122921,0.94140758,1,1,0,18.161867,0.20297077,1.1096326,0.22522297,0.88440959,-1.4219492,-1.6397793,-1.4887336,-1.6439687,-1.5067025,-1.4219492,-1.5032184,-1.5926455,-1.5032184,-1.4102123,5,3,7,8,2,7,7,8,5,1,3,4,7,8,5,6,4,4,6,5,-1.0537387,0.33709383,1.1067385,0.37307473,0.73366379
-17.34813,1,0.94140758,2,3,0,18.453951,0.14095569,4.1279584,0.58185922,3.5460992,-1.2560804,-1.5848683,-1.356266,-1.4613056,-1.3350942,-1.2560804,-1.3237605,-1.4170378,-1.3237605,-1.3271619,7,6,4,7,4,5,6,6,7,3,4,6,5,7,5,6,6,5,5,5,-3.0132533,0.37037426,5.8465846,2.1654244,3.6811602
-19.156107,0.8837401,0.94140758,2,3,0,19.351436,0.057613818,4.8111815,0.27719053,4.5339909,-1.2876101,-1.6726926,-1.2678462,-1.3784114,-1.346312,-1.2876101,-1.3263705,-1.3652133,-1.3263705,-1.0959231,8,8,4,7,2,8,5,6,3,1,6,5,4,6,4,7,4,2,4,2,-4.4593574,0.56989316,1.4179082,0.80805617,0.609852
-17.306451,1,0.94140758,2,3,0,19.191836,0.16108114,4.3123203,0.69463345,3.6176868,-1.2459113,-1.5637422,-1.3761241,-1.4807276,-1.3275862,-1.2459113,-1.3182395,-1.425975,-1.3182395,-1.386327,6,4,2,5,4,7,5,5,5,5,6,4,2,6,7,7,3,6,4,4,-3.077655,0.35245977,2.1870474,0.77084623,1.4162012
-17.794331,0.9734682,0.94140758,2,3,0,17.957494,0.1042622,4.188956,0.43674979,3.7522062,-1.2706357,-1.6222229,-1.3185044,-1.4250125,-1.3425992,-1.2706357,-1.3275618,-1.3964582,-1.3275618,-1.2240571,4,7,7,8,3,7,6,7,4,1,6,4,4,5,2,5,2,4,6,2,-3.3305792,0.26689461,1.9093392,0.50959233,1.3997468
-16.551223,0.90639998,0.94140758,1,3,0,18.613258,0.20300368,1.9168093,0.38911935,1.52769,-1.3277099,-1.5785349,-1.4507783,-1.5838485,-1.4120768,-1.3277099,-1.407919,-1.5195601,-1.407919,-1.4546516,7,7,5,8,4,8,2,6,3,3,4,7,1,8,7,8,6,7,3,1,-0.90974025,0.86970329,4.6743923,4.0653344,0.60905792
-16.484211,0.99461123,0.94140758,2,3,0,16.679166,0.30345373,2.0059835,0.60872318,1.3972604,-1.3259541,-1.5110041,-1.550608,-1.7088486,-1.401399,-1.3259541,-1.4061857,-1.5791313,-1.4061857,-1.7265962,7,6,2,8,5,4,5,6,4,5,3,6,3,7,2,5,6,8,8,2,-0.68433142,0.43287456,3.1719809,1.3730698,1.798911
-16.463686,0.96547512,0.94140758,1,3,0,16.814405,0.27249722,3.0254426,0.82442468,2.2010179,-1.2698737,-1.492886,-1.5079411,-1.6460378,-1.3498035,-1.2698737,-1.3520345,-1.5251118,-1.3520345,-1.6848857,7,6,1,7,3,7,6,6,5,4,8,5,2,6,5,6,6,6,5,2,-1.5019969,0.43599641,6.0374479,2.6323056,3.4051423
-16.636478,0.97214601,0.94140758,2,3,0,16.7592,0.22356959,1.7355749,0.38802176,1.3475531,-1.3409952,-1.5742863,-1.4755693,-1.615014,-1.4253529,-1.3409952,-1.423078,-1.54228,-1.423078,-1.499416,8,5,3,8,4,8,3,5,3,6,3,7,4,8,4,6,3,8,7,4,-0.77667069,0.70851378,7.3554797,5.2114588,2.144021
-16.878713,0.96742117,0.94140758,2,3,0,17.022867,0.14611757,1.8989191,0.27746544,1.6214537,-1.3407766,-1.6218175,-1.3989223,-1.529748,-1.4211257,-1.3407766,-1.4120327,-1.4915009,-1.4120327,-1.3079581,4,6,4,5,4,7,5,6,3,1,5,7,3,7,5,3,7,6,8,2,-1.1620016,0.32532694,1.8940485,0.61618501,1.2778635
-16.694917,1,0.94140758,2,3,0,16.942309,0.36716516,2.1296443,0.78193119,1.3477131,-1.3401496,-1.4717902,-1.6205106,-1.8127658,-1.3969451,-1.3401496,-1.4074981,-1.6246159,-1.4074981,-1.9120937,6,6,3,5,3,3,4,8,3,1,7,6,2,8,2,7,2,6,4,4,-0.65736579,0.2961203,1.0579157,0.31327031,0.74464536
-16.994564,0.91305406,0.94140758,2,3,0,17.905221,0.24096584,4.1712921,1.0051389,3.1661532,-1.2370981,-1.4958807,-1.4661162,-1.5868927,-1.3203884,-1.2370981,-1.3194363,-1.4820131,-1.3194363,-1.6178737,5,6,5,8,2,8,6,5,2,3,7,7,3,4,3,5,6,4,6,2,-2.6417476,0.61326877,2.1039577,1.2902915,0.81366613
-18.163218,0.78988395,0.94140758,2,7,0,18.807605,0.059542735,2.915339,0.17358726,2.7417518,-1.3271794,-1.6806306,-1.2944816,-1.4191523,-1.38843,-1.3271794,-1.3703561,-1.4067022,-1.3703561,-1.095803,8,3,6,8,4,6,5,7,4,2,7,8,4,5,4,6,7,5,4,1,-2.6704832,0.52590655,1.9707301,1.0364199,0.93431025
-16.434128,0.97828205,0.94140758,2,3,0,18.721409,0.23696427,2.0030951,0.47466196,1.5284332,-1.3191537,-1.5513785,-1.4818591,-1.6191038,-1.4029308,-1.3191537,-1.401761,-1.5347875,-1.401761,-1.5476095,4,6,3,3,6,6,6,7,8,1,5,4,2,6,5,4,3,8,7,2,-0.83902655,0.042599041,2.6737819,0.11390055,2.5598814
-16.458902,0.99652107,0.94140758,2,3,0,16.510316,0.28974857,2.9079133,0.84256373,2.0653496,-1.2769495,-1.4845725,-1.5283189,-1.6744314,-1.3540292,-1.2769495,-1.3579336,-1.540975,-1.3579336,-1.7308375,6,6,4,8,6,8,5,4,6,1,4,5,6,6,5,6,5,7,6,2,-1.3625295,0.5057729,3.5128979,1.7767285,1.7361693
-16.458902,0.8064555,0.94140758,1,1,0,16.852788,0.28974857,2.9079133,0.84256373,2.0653496,-1.2769495,-1.4845725,-1.5283189,-1.6744314,-1.3540292,-1.2769495,-1.3579336,-1.540975,-1.3579336,-1.7308375,8,6,5,8,4,7,5,7,4,4,6,5,6,7,5,7,4,7,3,2,-1.3625295,0.39990948,8.7480709,3.4984365,5.2496344
-16.877129,0.88681871,0.94140758,2,3,0,17.134866,0.39566617,2.06771,0.8181229,1.2495871,-1.3591794,-1.462552,-1.6535964,-1.8662677,-1.4044639,-1.3591794,-1.4173876,-1.651243,-1.4173876,-1.9879976,5,7,4,7,3,6,3,4,6,3,7,4,2,8,2,8,4,6,6,2,-0.59350363,0.52370013,1.2009493,0.62893733,0.57201201
-16.65472,0.87791308,0.94140758,2,3,0,17.922871,0.15501254,2.3060493,0.35746655,1.9485827,-1.3118644,-1.6007767,-1.3952665,-1.5185198,-1.3930883,-1.3118644,-1.3843155,-1.4739997,-1.3843155,-1.3407628,8,7,6,4,3,8,3,7,3,5,6,4,5,7,6,5,5,3,5,3,-1.3427995,0.56834182,2.7408219,1.5577237,1.1830982
-17.562309,0.87686052,0.94140758,1,3,0,17.813828,0.097528882,3.5453629,0.34577528,3.1995876,-1.287898,-1.634227,-1.3189049,-1.4308823,-1.3586136,-1.287898,-1.3433651,-1.4057284,-1.3433651,-1.2014469,6,6,2,8,3,7,2,7,3,5,7,7,1,4,6,8,5,7,5,1,-2.785395,0.7954739,1.3802021,1.0979147,0.28228735
-17.229693,0.98555871,0.94140758,2,3,0,18.241882,0.27539243,4.5040699,1.2403868,3.2636831,-1.2336427,-1.465797,-1.5061453,-1.6395596,-1.3127135,-1.2336427,-1.3154212,-1.505336,-1.3154212,-1.7264661,7,5,1,6,4,3,4,6,6,4,6,3,3,7,3,7,5,6,4,1,-2.8688461,0.33745589,3.9066057,1.3183071,2.5882986
-17.229693,0.80819694,0.94140758,1,1,0,17.995591,0.27539243,4.5040699,1.2403868,3.2636831,-1.2336427,-1.465797,-1.5061453,-1.6395596,-1.3127135,-1.2336427,-1.3154212,-1.505336,-1.3154212,-1.7264661,6,4,2,7,3,8,8,6,2,4,7,4,3,3,4,8,5,6,5,5,-2.8688461,0.52712116,2.7857302,1.4684173,1.3173129
-18.207278,0.81839376,0.94140758,1,1,0,18.233803,0.2948363,5.9132438,1.743439,4.1698049,-1.2184928,-1.4385906,-1.5288995,-1.6701259,-1.2933806,-1.2184928,-1.2983406,-1.5115273,-1.2983406,-1.8054174,4,6,6,5,6,6,3,5,6,3,5,2,3,6,3,5,4,7,5,3,-4.1322041,0.30162095,0.86323497,0.26036975,0.60286522
-16.494811,0.85899335,0.94140758,2,3,0,18.744051,0.23864214,1.8890069,0.45079665,1.4382103,-1.3276766,-1.5560012,-1.4860441,-1.6254636,-1.4114071,-1.3276766,-1.4104044,-1.5418297,-1.4104044,-1.5464678,8,5,3,8,2,6,4,4,4,5,5,6,2,8,5,6,5,4,4,3,-0.782045,0.68382074,2.7861779,1.9052462,0.88093165
-16.494811,0.71005152,0.94140758,1,3,0,18.266565,0.23864214,1.8890069,0.45079665,1.4382103,-1.3276766,-1.5560012,-1.4860441,-1.6254636,-1.4114071,-1.3276766,-1.4104044,-1.5418297,-1.4104044,-1.5464678,5,6,3,5,5,4,6,6,6,2,5,5,4,8,2,8,7,7,5,2,-0.782045,0.19834998,3.4423209,0.68278428,2.7595367
-16.559085,0.94888842,0.94140758,2,7,0,16.833235,0.25633549,3.3182661,0.85058938,2.4676767,-1.2587243,-1.4977142,-1.4878411,-1.6181292,-1.3406543,-1.2587243,-1.3412948,-1.5069876,-1.3412948,-1.6461521,4,4,6,8,3,8,3,7,4,3,4,5,5,7,5,6,6,4,5,1,-1.8035774,0.68327688,1.678672,1.1469978,0.53167424
-16.51565,0.91124112,0.94140758,2,7,0,16.97546,0.30194818,1.9308652,0.58302121,1.3478439,-1.331029,-1.5160163,-1.549951,-1.7082585,-1.4069199,-1.331029,-1.4115233,-1.5813785,-1.4115233,-1.717591,7,6,2,3,5,6,6,7,6,3,7,7,4,8,4,3,8,7,6,2,-0.65143699,0.27370551,1.5131326,0.41415274,1.0989799
-17.045441,0.81221575,0.94140758,1,1,0,17.074397,0.41852506,2.0277039,0.84864489,1.179059,-1.3763088,-1.4556875,-1.6804168,-1.9115518,-1.4106835,-1.3763088,-1.4254534,-1.6731294,-1.4254534,-2.0496256,7,7,4,7,1,8,4,8,7,6,8,6,3,7,3,5,3,5,3,1,-0.55452036,0.74341353,3.7105583,2.7584792,0.95207905
-16.398906,0.71476152,0.94140758,2,3,0,18.109626,0.20596656,2.3865702,0.49155366,1.8950165,-1.2974225,-1.5581667,-1.4434146,-1.5695079,-1.3817969,-1.2974225,-1.377667,-1.4989439,-1.377667,-1.4790696,8,6,5,8,4,5,6,5,2,6,5,5,2,4,4,7,6,5,6,1,-1.1770132,0.66769983,3.5690811,2.3830748,1.1860062
-16.650035,0.97538718,0.94140758,2,3,0,16.68627,0.33033538,3.0732107,1.0151902,2.0580205,-1.2824915,-1.455396,-1.5755724,-1.7429732,-1.3493656,-1.2824915,-1.3573114,-1.5711666,-1.3573114,-1.8556027,8,7,2,5,2,7,6,6,3,4,5,6,4,5,3,8,5,6,7,4,-1.4344504,0.32653037,1.9895709,0.64965534,1.3399156
-17.364582,0.60087585,0.94140758,2,3,0,18.59339,0.10248976,1.9103737,0.19579375,1.71458,-1.3554102,-1.6576897,-1.3606809,-1.4944038,-1.4287633,-1.3554102,-1.4159636,-1.4715737,-1.4159636,-1.1982403,6,5,5,6,1,6,8,5,7,3,5,7,1,6,4,4,4,5,7,3,-1.471658,0.17991682,2.4686269,0.44414751,2.0244794
-17.364582,0.7540194,0.94140758,1,3,0,18.990684,0.10248976,1.9103737,0.19579375,1.71458,-1.3554102,-1.6576897,-1.3606809,-1.4944038,-1.4287633,-1.3554102,-1.4159636,-1.4715737,-1.4159636,-1.1982403,8,6,3,8,2,8,6,7,4,2,5,6,1,7,4,4,3,7,2,1,-1.471658,0.97182133,2.1796732,2.1182529,0.061420295
-16.910666,0.96727036,0.94140758,2,3,0,17.890449,0.40428233,2.3745654,0.95999483,1.4145706,-1.3483222,-1.4429617,-1.6648568,-1.8865432,-1.387461,-1.3483222,-1.4016081,-1.651769,-1.4016081,-2.0369817,3,7,3,5,6,5,5,5,8,2,4,3,7,8,3,7,3,7,6,3,-0.78141585,0.32480489,2.3126907,0.75117325,1.5615174
-17.035146,0.879544,0.94140758,2,3,0,17.812831,0.18552903,1.5113474,0.28039881,1.2309485,-1.3675719,-1.6136092,-1.4495372,-1.5904187,-1.4514541,-1.3675719,-1.4461541,-1.5394854,-1.4461541,-1.3926731,7,6,4,7,4,7,7,5,6,6,8,5,4,3,3,6,5,3,7,1,-0.89375699,0.40312008,1.2619575,0.50872043,0.7532371
-18.375833,0.69929632,0.94140758,2,3,0,19.802614,0.39674296,5.2889703,2.0983617,3.1906086,-1.2756973,-1.3811204,-1.6648831,-1.8913792,-1.310242,-1.2756973,-1.3259153,-1.6178018,-1.3259153,-2.1219715,3,6,2,5,1,8,6,6,5,4,7,6,2,6,4,6,5,8,4,2,-3.4209547,0.37128246,1.784272,0.66246888,1.1218031
-17.17872,1,0.94140758,1,1,0,18.040541,0.2941668,4.3451255,1.2781917,3.0669338,-1.2401156,-1.4544658,-1.5294562,-1.6728348,-1.3155715,-1.2401156,-1.3202482,-1.5228301,-1.3202482,-1.7807677,8,5,6,4,4,7,3,6,4,2,7,3,2,8,3,5,5,4,3,2,-2.6791359,0.44149868,1.7863059,0.78865171,0.99765421
-17.036611,0.73335962,0.94140758,2,3,0,18.957738,0.22032564,4.2187671,0.92950257,3.2892646,-1.2367909,-1.5119572,-1.4421357,-1.5566367,-1.3211153,-1.2367909,-1.3179848,-1.4662949,-1.3179848,-1.5576197,7,4,2,7,4,6,5,5,4,2,5,6,3,5,3,8,4,6,5,1,-2.7493156,0.37348819,4.2791863,1.5982255,2.6809607
-17.211813,0.97692161,0.94140758,2,7,0,17.33599,0.22311618,1.3417572,0.29936773,1.0423894,-1.3843539,-1.603692,-1.490716,-1.6396965,-1.4689356,-1.3843539,-1.466804,-1.5743093,-1.466804,-1.4743929,5,5,4,8,2,5,3,6,7,4,5,6,2,5,2,3,8,7,4,1,-0.79920783,0.37868393,2.2677102,0.85874542,1.4089648
-16.528437,0.98330434,0.94140758,2,3,0,17.383779,0.33387186,2.192365,0.73196897,1.460396,-1.3226663,-1.4850851,-1.5823922,-1.7542231,-1.3902604,-1.3226663,-1.3979215,-1.5952327,-1.3979215,-1.8226263,7,5,4,8,1,4,6,8,6,5,6,5,5,5,3,8,4,4,7,5,-0.73915083,0.55492653,1.0810186,0.59988589,0.48113269
-16.749889,0.95012275,0.94140758,2,3,0,16.801414,0.1445049,2.7614324,0.39904052,2.3623919,-1.2935145,-1.599084,-1.3759675,-1.4928966,-1.3733114,-1.2935145,-1.3631624,-1.4508484,-1.3631624,-1.3212177,6,7,6,5,5,7,4,5,6,3,8,7,2,2,3,5,6,3,5,2,-1.7484427,0.3153392,1.2360749,0.38978288,0.84629206
-16.749889,0.83561394,0.94140758,1,3,0,18.691255,0.1445049,2.7614324,0.39904052,2.3623919,-1.2935145,-1.599084,-1.3759675,-1.4928966,-1.3733114,-1.2935145,-1.3631624,-1.4508484,-1.3631624,-1.3212177,5,7,3,4,5,7,7,5,6,1,5,5,2,5,2,5,4,8,3,3,-1.7484427,0.29621969,1.7598326,0.52129706,1.2385355
-16.392321,1,0.94140758,1,3,0,16.723648,0.20943261,2.3490563,0.49196901,1.8570873,-1.2990688,-1.5568129,-1.4475683,-1.5746943,-1.3834689,-1.2990688,-1.379678,-1.502511,-1.379678,-1.4872687,8,5,2,6,5,7,1,5,6,2,3,7,3,6,3,7,7,4,7,3,-1.1381593,0.27004599,1.146553,0.30962204,0.83693096
-16.683606,0.9386381,0.94140758,2,3,0,16.871503,0.15094328,2.3148136,0.34940555,1.9654081,-1.312543,-1.6039208,-1.3912219,-1.5143161,-1.3932949,-1.312543,-1.3841446,-1.4715254,-1.3841446,-1.3302203,3,6,5,6,3,7,7,5,8,1,6,4,5,3,3,5,7,6,6,3,-1.3705799,0.10397485,2.0079813,0.20877956,1.7992017
-17.234348,0.96588746,0.94140758,2,3,0,17.343942,0.12975075,1.6690499,0.21656047,1.4524894,-1.3651188,-1.6448477,-1.394232,-1.531269,-1.4434577,-1.3651188,-1.4333572,-1.5006807,-1.4333572,-1.2612011,7,6,2,7,7,4,3,7,6,2,7,4,1,5,3,2,3,5,6,3,-1.1928463,0.23564317,1.8826472,0.44363296,1.4390143
-17.007315,0.85892122,0.94140758,1,3,0,18.920515,0.236258,4.1916341,0.9903071,3.201327,-1.2366878,-1.4993508,-1.4605684,-1.5797408,-1.3203069,-1.2366878,-1.3188577,-1.4782362,-1.3188577,-1.6042436,7,5,2,7,4,6,5,6,5,3,5,5,2,6,6,5,6,6,3,1,-2.6745113,0.45585902,1.833266,0.83571083,0.99755514
-16.512702,0.98191896,0.94140758,2,3,0,17.212442,0.19223858,2.9370853,0.56462111,2.3724642,-1.2748829,-1.5547342,-1.4213523,-1.5392419,-1.3589152,-1.2748829,-1.3532391,-1.4725128,-1.3532391,-1.4553293,7,7,4,8,4,7,8,8,2,3,7,4,2,7,4,7,8,7,6,3,-1.6692838,0.67505327,1.2483011,0.84266973,0.40563136
-16.596721,0.97893491,0.94140758,2,7,0,16.709129,0.35164694,2.4443917,0.85956285,1.5848288,-1.3161908,-1.4646129,-1.6019395,-1.7838837,-1.3774204,-1.3161908,-1.3869325,-1.6026865,-1.3869325,-1.8884848,7,7,2,8,4,8,6,5,3,2,5,7,3,8,4,6,5,6,6,3,-0.88679582,0.46996367,1.1893065,0.55893087,0.63037567
-16.454209,1,0.94140758,2,3,0,16.603402,0.30259014,2.7653408,0.83676484,1.9285759,-1.2853408,-1.4806668,-1.5438025,-1.6967108,-1.3598991,-1.2853408,-1.3650019,-1.5543653,-1.3650019,-1.7625578,7,5,6,8,4,8,3,7,6,3,8,6,5,7,6,3,4,5,3,2,-1.2169275,0.7732625,2.5687718,1.9863349,0.58243689
-19.270661,0.58546447,0.94140758,2,3,0,19.321289,0.07642225,1.0998076,0.084049774,1.0157579,-1.4562469,-1.7219136,-1.3959416,-1.5595083,-1.5267093,-1.4562469,-1.5141891,-1.5472987,-1.5141891,-1.1271862,8,7,3,7,4,7,2,7,5,5,4,3,4,5,3,6,4,5,5,3,-1.8953853,0.70055698,0.82655166,0.57904654,0.24750512
-16.713995,1,0.94140758,1,3,0,19.184357,0.15146649,2.1575759,0.32680044,1.8307755,-1.3215337,-1.6082086,-1.3957232,-1.5214434,-1.4024014,-1.3215337,-1.3934616,-1.4793332,-1.3934616,-1.3280865,6,6,2,4,4,6,4,6,3,3,5,8,4,5,7,7,5,8,3,1,-1.2661566,0.37512532,7.8835104,2.9573043,4.926206
-16.39338,0.99205518,0.94140758,2,3,0,16.805909,0.20844244,2.5526355,0.53207756,2.0205579,-1.2888058,-1.5513109,-1.4432736,-1.5676964,-1.3731975,-1.2888058,-1.369235,-1.4943397,-1.369235,-1.4907066,7,7,5,7,2,3,2,6,5,3,8,7,3,6,4,6,4,7,6,5,-1.2920549,0.16077214,2.357058,0.37894926,1.9781087
-16.766554,0.90631429,0.94140758,1,3,0,17.080691,0.24327962,1.5902247,0.38686925,1.2033554,-1.3545907,-1.5715643,-1.4987976,-1.6447594,-1.4382342,-1.3545907,-1.4376707,-1.5636915,-1.4376707,-1.541211,6,6,2,8,2,7,5,7,4,5,6,3,4,6,5,3,4,2,5,2,-0.69534366,0.5354388,4.1018973,2.196315,1.9055823
-17.074197,0.95602888,0.94140758,2,3,0,17.333333,0.30089059,4.1365435,1.244647,2.8918965,-1.2457825,-1.452785,-1.5380577,-1.6856339,-1.3197799,-1.2457825,-1.3251218,-1.5308561,-1.3251218,-1.7971062,8,7,2,8,7,7,5,7,6,5,8,8,4,7,7,8,5,5,3,2,-2.4690736,0.48328919,3.5149811,1.6987523,1.8162287
-17.781963,0.61817115,0.94140758,1,3,0,20.490651,0.15731347,1.2321852,0.19383934,1.0383459,-1.4092609,-1.6543698,-1.4429515,-1.5926832,-1.4913387,-1.4092609,-1.4842499,-1.5565981,-1.4842499,-1.3124133,6,6,5,5,5,8,7,7,5,4,3,7,3,7,4,7,5,4,5,2,-1.1327014,0.66975178,1.7881403,1.1976101,0.59053015
-16.823808,0.89332911,0.94140758,2,3,0,20.062065,0.1396516,2.9110528,0.40653319,2.5045197,-1.2893762,-1.6007594,-1.3687484,-1.4839924,-1.3684421,-1.2893762,-1.3577137,-1.4435205,-1.3577137,-1.3102866,6,3,2,6,8,7,4,8,6,5,6,7,2,6,5,8,6,7,4,1,-1.9033708,0.27556174,1.1213983,0.30901447,0.81238383
-16.758341,0.91322574,0.94140758,2,7,0,17.731465,0.24465036,1.5957819,0.39040862,1.2053733,-1.354033,-1.5703495,-1.4999109,-1.646029,-1.4375902,-1.354033,-1.4371411,-1.5640741,-1.4371411,-1.5450519,6,3,4,8,2,6,5,7,5,3,6,5,3,4,5,7,5,4,8,3,-0.6918517,0.57416502,3.2043991,1.8398539,1.3645452
-18.194119,0.65459954,0.94140758,1,3,0,19.253683,0.06394698,1.847958,0.11817133,1.7297867,-1.3781093,-1.6943145,-1.3319123,-1.4732169,-1.4428388,-1.3781093,-1.4270419,-1.4612654,-1.4270419,-1.1021659,5,5,4,7,6,6,3,4,3,2,4,6,2,6,4,6,3,4,3,2,-1.8764001,0.14671448,1.081992,0.1587439,0.92324813
-18.011619,1,0.94140758,1,1,0,18.347926,0.067246167,1.9938071,0.13407588,1.8597312,-1.3662315,-1.687343,-1.3280953,-1.4655445,-1.4314137,-1.3662315,-1.4155475,-1.4524602,-1.4155475,-1.1111344,5,6,2,7,6,6,1,5,4,3,6,8,4,7,4,8,6,7,6,2,-1.8931063,0.098906389,1.7015142,0.16829063,1.5332236
-18.31359,0.92048117,0.94140758,2,7,0,19.34928,0.12246349,1.162168,0.14232314,1.0198449,-1.4294833,-1.6839765,-1.4222344,-1.5769144,-1.5076083,-1.4294833,-1.4981149,-1.5527542,-1.4981149,-1.2303222,7,8,3,3,8,6,5,3,4,2,3,8,1,4,6,4,3,3,5,4,-1.404292,0.10714416,2.3746189,0.25442656,2.1201924
-17.999106,0.9832144,0.94140758,2,3,0,19.01043,0.29352793,1.0493685,0.30801896,0.74134953,-1.4344896,-1.6031188,-1.5680648,-1.7385181,-1.5145629,-1.4344896,-1.5177233,-1.6455541,-1.5177233,-1.6123781,5,4,5,6,4,7,4,6,5,6,8,5,6,8,4,5,4,6,5,2,-0.88741781,0.54594383,5.0529239,2.7586126,2.2943113
-17.5786,1,0.94140758,1,1,0,18.086487,0.25193588,1.1766316,0.29643572,0.88019587,-1.4085433,-1.6053939,-1.5247437,-1.6829133,-1.4921957,-1.4085433,-1.4923424,-1.6073878,-1.4923424,-1.5296256,7,6,2,5,3,7,6,6,3,1,8,7,1,7,3,5,6,6,4,1,-0.82837717,0.50406542,0.64397185,0.32460394,0.31936791
-17.332359,0.95076778,0.94140758,2,3,0,18.19087,0.31697806,4.4611416,1.414084,3.0470576,-1.244535,-1.4376835,-1.5578818,-1.7146943,-1.3141185,-1.244535,-1.3212219,-1.5419571,-1.3212219,-1.8529423,8,7,3,7,3,8,4,6,6,1,7,7,4,4,5,4,6,6,1,2,-2.7468218,0.48620889,2.6306948,1.2790672,1.3516276
-17.642639,0.99184189,0.94140758,2,3,0,17.826397,0.23248937,5.2060261,1.2103457,3.9956803,-1.2201207,-1.4924811,-1.4528385,-1.5671301,-1.3039754,-1.2201207,-1.3020673,-1.4645507,-1.3020673,-1.6057939,7,2,3,6,5,8,5,6,4,3,8,6,5,4,4,8,7,7,5,3,-3.637796,0.41172666,2.1806464,0.89783027,1.2828162
-17.534134,1,0.94140758,1,1,0,17.828506,0.2070066,4.9874625,1.0324376,3.9550249,-1.2250974,-1.5160372,-1.4237238,-1.5317768,-1.3095704,-1.2250974,-1.304921,-1.447887,-1.304921,-1.5271923,6,4,5,7,4,7,4,7,5,4,7,6,4,6,5,5,2,8,5,3,-3.5178922,0.55234953,1.9200471,1.0605371,0.85951
-18.25888,0.91751388,0.94140758,2,3,0,18.651557,0.4269856,4.7237998,2.0169945,2.7068053,-1.3077609,-1.3732869,-1.705499,-1.9655046,-1.3241606,-1.3077609,-1.3425693,-1.6546172,-1.3425693,-2.2080553,2,8,5,5,5,3,2,1,5,1,6,6,4,8,3,6,5,8,7,4,-2.8718596,0.22116091,0.70280608,0.15543323,0.54737285
-19.220434,0.91451416,0.94140758,2,3,0,19.397228,0.081351726,1.0844304,0.088220285,0.99621011,-1.4569292,-1.7197351,-1.4010506,-1.5645189,-1.5284388,-1.4569292,-1.5163178,-1.5513334,-1.5163178,-1.1378665,6,7,2,5,6,4,3,7,7,3,1,7,1,7,3,6,8,4,8,3,-1.8582259,0.14548348,1.7132946,0.24925605,1.4640385
-20.976791,0.71506348,0.94140758,1,1,0,21.151504,0.070690259,0.78899697,0.0557744,0.73322257,-1.5254404,-1.7619383,-1.4383548,-1.6203153,-1.5968554,-1.5254404,-1.5854403,-1.6110836,-1.5854403,-1.1166079,7,4,3,7,6,8,5,5,5,2,2,5,1,7,6,5,7,6,7,2,-2.6501205,0.46510741,1.6510837,0.76793129,0.88315246
-18.42554,1,0.94140758,2,3,0,21.343203,0.15300169,5.9841589,0.9155864,5.0685725,-1.2255466,-1.561548,-1.3591997,-1.4562696,-1.3061668,-1.2255466,-1.2955035,-1.4030094,-1.2955035,-1.3741943,8,5,2,5,6,3,3,8,4,1,5,7,4,7,6,6,5,6,5,3,-4.668805,0.30466244,0.71006503,0.21633015,0.49373488
-16.550184,1,0.94140758,2,3,0,18.408586,0.17112867,2.3180827,0.39669041,1.9213923,-1.3071159,-1.5872765,-1.4103733,-1.533938,-1.3898868,-1.3071159,-1.3825732,-1.4819488,-1.3825732,-1.3837228,7,7,2,8,5,4,5,7,3,4,6,6,3,4,6,5,6,4,5,2,-1.2713697,0.75971926,1.565189,1.1891042,0.37608476
-17.412303,0.93589684,0.94140758,2,3,0,17.462034,0.37279184,4.0958389,1.5268953,2.5689435,-1.2771236,-1.4099771,-1.6297635,-1.8296588,-1.3260588,-1.2771236,-1.3387629,-1.5989197,-1.3387629,-2.0180221,6,7,2,5,3,5,5,5,6,2,7,5,1,5,1,5,6,5,7,2,-2.3248896,0.25837925,2.3435863,0.60553406,1.7380522
-16.98009,0.99939706,0.94140758,2,3,0,17.940469,0.13738801,1.8637589,0.25605813,1.6077008,-1.3461271,-1.6302003,-1.392506,-1.524396,-1.4253672,-1.3461271,-1.4155797,-1.4897571,-1.4155797,-1.2849899,8,7,5,6,5,4,4,6,7,4,6,5,5,5,6,6,6,6,4,1,-1.1993188,0.22722014,3.2351326,0.7350873,2.5000453
-18.227708,0.83669761,0.94140758,1,3,0,18.235908,0.088539456,1.3955711,0.12356311,1.272008,-1.4091804,-1.6917744,-1.377656,-1.5274699,-1.4808871,-1.4091804,-1.4682048,-1.5109033,-1.4682048,-1.1572126,8,6,2,8,4,6,5,7,6,6,6,5,6,8,6,5,3,5,7,3,-1.5433242,0.34407207,1.4146117,0.48672838,0.92788332
-16.468402,1,0.94140758,2,3,0,17.7487,0.30399118,2.8066074,0.85318389,1.9534235,-1.2840315,-1.4785655,-1.5452255,-1.6986368,-1.3582334,-1.2840315,-1.3634888,-1.5545241,-1.3634888,-1.768235,8,8,4,8,5,5,6,6,6,4,5,3,3,6,2,7,5,6,4,2,-1.2487684,0.54997551,2.2202714,1.2210949,0.99917651
-16.516147,0.99429819,0.94140758,2,7,0,16.583673,0.23355643,1.8653421,0.43566265,1.4296795,-1.3296145,-1.5605338,-1.48162,-1.6204035,-1.4136016,-1.3296145,-1.4121555,-1.5401051,-1.4121555,-1.5319428,7,7,2,7,2,7,5,7,3,4,6,4,6,6,6,5,2,5,7,2,-0.78751906,0.62351893,2.673118,1.6667397,1.0063783
-16.680802,0.98854886,0.94140758,2,3,0,16.691238,0.23039591,1.678559,0.38673314,1.2918259,-1.3459817,-1.5734501,-1.4837941,-1.6255325,-1.4301698,-1.3459817,-1.4284989,-1.5500041,-1.4284989,-1.5137905,7,6,3,7,4,6,6,6,2,1,6,8,5,8,7,7,5,6,5,3,-0.74320088,0.18070738,2.7510379,0.49713285,2.2539051
-17.366859,0.79206243,0.94140758,2,7,0,18.298578,0.11243032,3.5845615,0.40301341,3.1815481,-1.2798199,-1.6184364,-1.3328448,-1.4429694,-1.3538149,-1.2798199,-1.339967,-1.4121225,-1.339967,-1.2427668,6,6,2,4,5,2,6,5,5,6,4,6,6,6,3,5,2,6,7,1,-2.6962767,0.2642395,0.89428265,0.2363048,0.65797785
-19.278253,0.94412158,0.94140758,1,3,0,20.430072,0.034368282,1.9282343,0.0662701,1.8619642,-1.3891766,-1.7208729,-1.3050407,-1.4512816,-1.4453123,-1.3891766,-1.4270002,-1.4456359,-1.4270002,-1.0298657,8,6,5,8,1,8,8,8,5,5,5,7,4,5,5,5,5,3,6,2,-2.4989012,0.9403647,4.9921012,4.6943958,0.29770547
-16.598261,0.8068016,0.94140758,1,3,0,20.05175,0.18735917,1.9374807,0.36300477,1.5744759,-1.3283839,-1.588784,-1.4353942,-1.566539,-1.4122416,-1.3283839,-1.4066918,-1.5098439,-1.4066918,-1.4148705,8,6,5,8,2,8,4,5,4,3,6,3,1,6,4,7,4,7,5,3,-0.97963151,0.63057349,2.7161276,1.7127181,1.0034096
-16.82753,0.97388582,0.94140758,2,3,0,17.092962,0.17820614,3.5966126,0.64093846,2.9556741,-1.2571658,-1.5556995,-1.3998148,-1.5104478,-1.3404241,-1.2571658,-1.3330905,-1.4485214,-1.3330905,-1.4271428,8,7,3,7,6,6,6,7,6,6,4,7,3,5,5,5,3,8,4,2,-2.3238791,0.59198074,3.5334117,2.0917117,1.4417001
-17.204903,0.97617206,0.94140758,2,3,0,17.257344,0.13014452,3.6674219,0.47729488,3.190127,-1.2702852,-1.5998311,-1.3494773,-1.4579045,-1.3476208,-1.2702852,-1.3354484,-1.4195234,-1.3354484,-1.2926701,8,5,3,5,5,7,3,5,6,2,7,7,5,7,6,5,5,8,7,1,-2.6473594,0.55642989,3.3650871,1.872435,1.4926521
-16.933598,1,0.94140758,2,3,0,17.162772,0.37125454,1.6955032,0.62946327,1.06604,-1.3731712,-1.4981392,-1.626609,-1.8212797,-1.4309599,-1.3731712,-1.441191,-1.6443818,-1.441191,-1.8851192,7,7,3,8,4,8,4,6,3,3,6,6,2,6,3,8,3,4,7,3,-0.47146828,0.47817885,4.5895887,2.1946442,2.3949444
-17.790698,0.83002834,0.94140758,1,1,0,17.85278,0.42683428,1.3012046,0.55539874,0.74580589,-1.4431056,-1.517107,-1.6876789,-1.9162,-1.4828834,-1.4431056,-1.4963908,-1.7095851,-1.4963908,-1.9787854,8,6,2,7,3,8,8,4,4,2,5,5,4,6,4,4,3,8,7,3,-0.47481577,0.2711399,1.6346443,0.44321729,1.191427
-17.596197,0.74913075,0.94140758,2,3,0,19.227657,0.1735027,4.8991146,0.85000963,4.0491049,-1.2327716,-1.5473302,-1.3863248,-1.4891232,-1.3156687,-1.2327716,-1.3074515,-1.4262324,-1.3074515,-1.4274982,5,7,2,7,5,8,4,6,7,1,6,6,1,4,4,6,4,5,6,1,-3.5705069,0.32096393,4.0377768,1.2959807,2.7417961
-16.524293,0.82561812,0.94140758,2,3,0,19.720901,0.32613171,2.0837612,0.67958059,1.4041806,-1.3268008,-1.4946211,-1.5744817,-1.7427105,-1.3968147,-1.3268008,-1.403684,-1.5929644,-1.403684,-1.7939837,7,4,5,8,4,8,4,7,5,4,5,5,5,7,6,6,5,5,4,2,-0.68674744,0.92779654,2.4447748,2.2682536,0.17652121
-18.084245,0.51269518,0.94140758,1,1,0,18.110553,0.52620937,2.2727253,1.1959293,1.0767959,-1.4706122,-1.4070644,-1.8192766,-2.1819232,-1.4220182,-1.4706122,-1.4457575,-1.7829353,-1.4457575,-2.3934818,8,1,2,7,4,6,4,7,2,6,8,4,4,7,4,8,7,6,4,2,-0.67673971,0.77501999,0.57766922,0.4477052,0.12996403
-17.679177,1,0.94140758,2,3,0,18.373495,0.079535228,2.0909854,0.166307,1.9246784,-1.3538122,-1.6733535,-1.3344499,-1.4677223,-1.4218346,-1.3538122,-1.4067811,-1.4511353,-1.4067811,-1.1426415,7,4,5,5,4,6,6,7,5,3,8,6,2,5,6,4,4,3,8,2,-1.7900575,0.26291887,1.0334475,0.27171285,0.76173463
-16.364963,0.82545367,0.94140758,2,3,0,18.18161,0.27535225,2.5956865,0.71472811,1.8809584,-1.2875436,-1.503107,-1.5141723,-1.6562575,-1.367262,-1.2875436,-1.3696914,-1.5380098,-1.3696914,-1.6781717,5,6,2,8,3,5,3,7,6,4,5,7,3,7,1,6,4,5,8,2,-1.1355896,0.13828719,2.9088455,0.40225608,2.5065894
-16.424642,0.98818609,0.94140758,2,3,0,16.457804,0.30712127,2.2985098,0.70592125,1.5925886,-1.3086262,-1.4948828,-1.5517909,-1.7094582,-1.3827838,-1.3086262,-1.3880843,-1.570892,-1.3880843,-1.7538498,6,7,2,3,3,5,5,5,3,4,6,4,4,6,6,8,2,7,7,3,-0.85241111,0.10920093,1.1582106,0.12647768,1.031733
-18.48994,0.34354393,0.94140758,1,3,0,20.469937,0.050102431,2.0984323,0.10513656,1.9932957,-1.3691847,-1.7017361,-1.3100416,-1.4490095,-1.4294142,-1.3691847,-1.4119345,-1.4398623,-1.4119345,-1.0688164,6,7,3,3,6,4,6,5,5,2,6,7,2,4,5,2,6,3,5,3,-2.2249256,0.13875195,1.6227649,0.22516179,1.3976031
-18.74011,0.92864585,0.94140758,2,7,0,19.826202,0.52057753,3.8216401,1.98946,1.8321801,-1.430423,-1.3543271,-1.8342409,-2.2275713,-1.3676302,-1.430423,-1.3936099,-1.774459,-1.3936099,-2.4852084,7,6,2,6,5,7,5,5,4,7,6,6,4,7,2,8,6,6,6,7,-2.0012978,0.26033354,2.1161659,0.55090895,1.5652569
-17.891537,1,0.94140758,2,3,0,19.381739,0.09837299,4.2040539,0.41356535,3.7904885,-1.273316,-1.6284877,-1.3125444,-1.4196008,-1.3438907,-1.273316,-1.3282652,-1.3932768,-1.3282652,-1.2076489,8,5,7,8,4,5,5,6,3,2,6,6,2,5,4,7,5,6,4,3,-3.3964315,0.76966265,1.0129397,0.77962189,0.23331786
-18.577423,0.96001479,0.94140758,2,3,0,19.231592,0.492185,1.1664954,0.57413153,0.59236386,-1.5064296,-1.5183659,-1.7557804,-2.0317996,-1.5148917,-1.5064296,-1.5322821,-1.7711358,-1.5322821,-2.1195656,7,4,2,7,6,7,4,5,4,5,4,5,4,5,2,7,6,6,1,2,-0.55592548,0.56094812,0.96549451,0.54159233,0.42390218
-20.678438,0.69716246,0.94140758,1,1,0,20.81167,0.5965487,0.84818217,0.50598198,0.3422002,-1.6475716,-1.566339,-1.8546242,-2.204553,-1.6029046,-1.6475716,-1.6239799,-1.8776496,-1.6239799,-2.274979,6,6,4,6,1,6,5,3,7,1,7,6,4,4,2,8,4,8,5,4,-1.1653317,0.16214662,2.2525883,0.36524958,1.8873387
-18.559459,1,0.94140758,2,3,0,20.305592,0.42515368,1.0166682,0.43224022,0.58442797,-1.4834593,-1.5613753,-1.6885754,-1.9118742,-1.530185,-1.4834593,-1.5424598,-1.7307867,-1.5424598,-1.9172588,5,5,2,6,5,7,4,6,2,3,7,5,6,5,1,5,2,3,3,4,-0.77513925,0.59870067,2.505971,1.5003265,1.0056445
-18.667068,0.99392856,0.94140758,1,1,0,19.079236,0.39628554,0.95324326,0.37775652,0.57548674,-1.4817706,-1.5821181,-1.6634505,-1.8713365,-1.5402367,-1.4817706,-1.5503245,-1.7185705,-1.5503245,-1.834327,8,8,2,2,4,7,7,7,4,4,7,6,4,7,2,6,6,7,6,2,-0.91467877,0.39887308,1.788499,0.71338408,1.0751149
-18.667068,0.2706734,0.94140758,1,3,0,22.594908,0.39628554,0.95324326,0.37775652,0.57548674,-1.4817706,-1.5821181,-1.6634505,-1.8713365,-1.5402367,-1.4817706,-1.5503245,-1.7185705,-1.5503245,-1.834327,5,6,2,5,5,5,5,6,7,2,7,7,4,8,6,6,4,5,7,3,-0.91467877,0.32078954,0.62326056,0.19993547,0.4233251
-16.398631,0.95788451,0.94140758,1,3,0,18.945658,0.22819622,2.1233628,0.48454335,1.6388194,-1.3111848,-1.551896,-1.4706465,-1.6042781,-1.3953122,-1.3111848,-1.3933249,-1.5236123,-1.3933249,-1.5295211,8,4,4,7,3,6,7,6,4,2,7,3,4,7,3,8,4,8,6,1,-0.93077224,0.50165344,3.0923366,1.5512813,1.5410553
-16.410531,0.99467308,0.94140758,2,3,0,16.45865,0.25090819,2.9123397,0.73072991,2.1816098,-1.2721416,-1.5106157,-1.4845199,-1.6156625,-1.3546942,-1.2721416,-1.3547836,-1.5119041,-1.3547836,-1.6196627,6,6,4,8,4,8,6,3,3,1,5,5,5,5,6,3,6,7,2,1,-1.4570163,0.30570332,2.0761837,0.63469623,1.4414874
-17.075495,0.80961032,0.94140758,1,3,0,17.527975,0.12238104,1.9557239,0.23934352,1.7163803,-1.3443665,-1.6391114,-1.3759835,-1.5067744,-1.4212634,-1.3443665,-1.4100585,-1.4770986,-1.4100585,-1.2490626,5,3,3,4,6,8,3,5,3,2,7,6,3,6,7,1,4,8,5,3,-1.3369532,0.69684021,2.5556586,1.7808856,0.77477292
-17.544455,0.86446878,0.94140758,1,3,0,18.658655,0.45716326,3.0275713,1.3840943,1.6434769,-1.3683994,-1.3966034,-1.7371151,-2.0212612,-1.3702383,-1.3683994,-1.3899167,-1.6981433,-1.3899167,-2.2392982,8,6,3,5,1,8,2,7,5,4,8,2,2,5,3,4,4,6,4,5,-1.2792628,0.81572394,3.2759459,2.6722675,0.6036784
-17.113141,1,0.94140758,2,3,0,17.41268,0.1085026,2.5384088,0.27542395,2.2629848,-1.3167385,-1.636445,-1.3466205,-1.4684756,-1.3905692,-1.3167385,-1.3773348,-1.4414909,-1.3773348,-1.2220338,5,4,5,7,5,7,3,6,6,2,6,8,3,5,5,4,3,7,5,3,-1.815063,0.41076507,2.255226,0.92636806,1.3288579
-17.113141,0.64178973,0.94140758,1,3,0,22.696078,0.1085026,2.5384088,0.27542395,2.2629848,-1.3167385,-1.636445,-1.3466205,-1.4684756,-1.3905692,-1.3167385,-1.3773348,-1.4414909,-1.3773348,-1.2220338,6,7,2,7,4,6,6,4,7,1,3,5,2,5,4,6,7,5,5,2,-1.815063,0.035838577,2.4636128,0.088292378,2.3753205
-17.621732,0.97870604,0.94140758,2,3,0,17.719464,0.084557131,1.9948319,0.16867726,1.8261546,-1.3575251,-1.6711668,-1.342289,-1.4766823,-1.426912,-1.3575251,-1.4124619,-1.4589339,-1.4124619,-1.1543785,7,6,4,8,6,5,4,5,6,6,6,5,4,3,7,3,3,4,3,2,-1.6832802,0.71735056,1.3034187,0.9350081,0.36841056
-18.491909,0.89191413,0.94140758,2,7,0,18.678838,0.55581974,1.8095965,1.0058095,0.80378706,-1.5276474,-1.4316727,-1.8465144,-2.2325875,-1.461321,-1.5276474,-1.485643,-1.819508,-1.485643,-2.4220033,8,3,4,6,6,7,4,7,6,3,8,2,2,7,1,7,5,4,6,2,-0.44598916,0.53317771,1.5955971,0.85073682,0.74486029
-16.708337,1,0.94140758,2,3,0,17.889857,0.36991262,2.1368053,0.79043124,1.346374,-1.3410593,-1.4701262,-1.6236674,-1.8177878,-1.3967751,-1.3410593,-1.4075783,-1.6267379,-1.4075783,-1.9204091,8,4,3,6,3,8,4,7,2,2,5,7,2,6,4,7,3,6,6,3,-0.65848451,0.90501318,1.9265911,1.7435904,0.18300077
-16.913151,0.91159304,0.94140758,1,1,0,17.038358,0.40445302,2.2122723,0.89476022,1.3175121,-1.3565063,-1.4508814,-1.6644293,-1.8851336,-1.3966108,-1.3565063,-1.4105232,-1.6554895,-1.4105232,-2.0251757,7,5,2,4,3,6,5,6,4,1,8,4,3,6,5,7,2,8,6,3,-0.67189749,0.12735322,1.9096402,0.24319883,1.6664413
-16.756265,1,0.94140758,2,3,0,17.122048,0.18948508,1.7213008,0.32616081,1.3951399,-1.3458467,-1.5979624,-1.444365,-1.5802015,-1.4298419,-1.3458467,-1.4246602,-1.5248319,-1.4246602,-1.4119154,7,8,5,6,5,7,5,3,2,4,8,4,1,7,3,8,5,7,5,3,-0.89568282,0.5140383,1.9201899,0.98705112,0.93313873
-17.160483,0.88963594,0.94140758,2,3,0,17.870244,0.42627538,2.7691091,1.180403,1.5887061,-1.348594,-1.4175387,-1.6945471,-1.9404278,-1.373067,-1.348594,-1.3896983,-1.6672322,-1.3896983,-2.128761,8,2,4,7,2,8,7,6,3,4,6,4,7,8,3,6,5,8,6,3,-1.0725753,0.96062739,2.2001557,2.1135298,0.086625878
-16.509676,1,0.94140758,1,1,0,16.933857,0.33206861,2.4618929,0.81751736,1.6443755,-1.3076346,-1.4742383,-1.5791092,-1.7489976,-1.3750847,-1.3076346,-1.3828049,-1.5858027,-1.3828049,-1.8332175,8,6,4,7,2,7,2,6,5,3,5,8,2,5,5,7,5,5,8,5,-0.92729374,0.75056756,1.8128005,1.3606293,0.45217125
-17.037449,0.86083194,0.94140758,1,3,0,17.133766,0.41701535,2.0165215,0.84092044,1.1756011,-1.3759374,-1.4569647,-1.6785697,-1.9082874,-1.4112031,-1.3759374,-1.425826,-1.6720268,-1.425826,-2.0442496,5,6,2,6,1,8,3,6,4,2,7,4,3,7,3,6,3,4,3,4,-0.54976793,0.63811116,2.076099,1.3247819,0.75131704
-16.546631,1,0.94140758,2,3,0,16.876207,0.31298336,1.9252404,0.60256822,1.3226722,-1.3340358,-1.5103769,-1.5617409,-1.72479,-1.4076352,-1.3340358,-1.4132053,-1.5895789,-1.4132053,-1.747088,5,6,1,6,3,7,2,7,6,3,3,5,5,7,3,6,6,4,4,3,-0.62898743,0.39121316,4.8931661,1.914271,2.9788951
-16.355529,0.92872467,0.94140758,2,3,0,17.120718,0.22745963,2.5396874,0.57767635,1.9620111,-1.2880074,-1.5376141,-1.463194,-1.5914396,-1.3721089,-1.2880074,-1.3699597,-1.5067708,-1.3699597,-1.5425884,7,4,7,7,3,7,3,7,4,3,8,8,2,8,4,7,6,6,5,2,-1.2190669,0.66838976,1.4669031,0.98046299,0.48644008
-16.444326,0.97425239,0.94140758,2,3,0,16.532118,0.19194473,2.4085566,0.46230975,1.9462469,-1.2981999,-1.5681504,-1.42896,-1.5529214,-1.3822205,-1.2981999,-1.3767706,-1.4898204,-1.3767706,-1.4418321,8,8,2,7,4,6,4,6,8,2,6,6,1,7,3,7,6,5,7,4,-1.2458353,0.25535567,2.0491101,0.52325189,1.5258583
-17.099938,0.91461846,0.94140758,2,3,0,17.24762,0.29779394,1.3865777,0.41291444,0.97366327,-1.3828276,-1.5593342,-1.5570996,-1.7210894,-1.4608688,-1.3828276,-1.4646951,-1.6123357,-1.4646951,-1.6620054,7,5,5,6,3,4,5,6,5,4,3,7,3,4,4,7,3,5,4,2,-0.59411632,0.56291831,3.2958319,1.8552841,1.4405478
-18.54887,0.68968199,0.94140758,2,3,0,19.599446,0.078592119,4.7009403,0.36945686,4.3314834,-1.2760342,-1.648211,-1.2888994,-1.395914,-1.3411834,-1.2760342,-1.3233305,-1.3761885,-1.3233305,-1.1543054,5,7,5,6,3,5,7,8,4,1,8,7,2,7,6,5,3,7,5,2,-4.0678656,0.20941818,1.2358959,0.25881907,0.97707687
-19.264938,0.98965556,0.94140758,2,7,0,20.728681,0.60838153,2.2935836,1.3953739,0.8982097,-1.6001249,-1.3900217,-1.9327901,-2.4450788,-1.4523089,-1.6001249,-1.4814361,-1.8883663,-1.4814361,-2.6528572,6,6,7,6,4,5,8,5,8,2,6,4,6,7,5,6,4,7,1,5,-0.73608829,0.14076338,1.4935885,0.21024256,1.283346
-20.1778,0.9277866,0.94140758,2,3,0,20.343513,0.019829319,2.469694,0.048972352,2.4207217,-1.3698098,-1.7285857,-1.2727753,-1.413412,-1.4192652,-1.3698098,-1.3985817,-1.4101636,-1.3985817,-0.99254158,6,5,3,5,3,5,3,7,6,5,7,5,5,6,5,7,5,3,7,2,-3.3677457,0.63691506,1.4776297,0.94112462,0.53650511
-20.313804,0.89892725,0.94140758,2,3,0,21.568277,0.029842177,4.7048143,0.1404019,4.5644124,-1.3087282,-1.7075093,-1.243022,-1.3612911,-1.3577984,-1.3087282,-1.3353367,-1.3553611,-1.3353367,-1.0188503,6,7,3,6,4,8,3,5,6,2,6,6,5,4,3,7,4,4,5,2,-4.9882995,0.33500658,2.9132027,0.97594208,1.9372607
-17.432505,1,0.94140758,2,3,0,19.945741,0.44153931,3.1153184,1.3755356,1.7397829,-1.3511708,-1.3999177,-1.7169101,-1.9831,-1.3636724,-1.3511708,-1.3820932,-1.6800118,-1.3820932,-2.19539,8,6,3,7,3,6,2,6,3,2,8,5,3,7,1,5,4,6,4,4,-1.363247,0.56857079,1.8559301,1.0552276,0.80070244
-16.673843,1,0.94140758,2,3,0,17.562417,0.18374012,3.3065025,0.60753719,2.6989653,-1.2640912,-1.5551169,-1.4083771,-1.5218798,-1.3477092,-1.2640912,-1.3410439,-1.4580493,-1.3410439,-1.4383948,7,4,5,6,4,2,5,7,5,4,5,5,1,7,3,6,4,3,4,1,-2.0326809,0.61940995,1.5547878,0.96305101,0.59173675
-17.206313,0.90097496,0.94140758,1,1,0,17.210304,0.1526096,4.0372555,0.61612395,3.4211315,-1.2539249,-1.5743297,-1.3691443,-1.4749694,-1.3345964,-1.2539249,-1.3244866,-1.4252187,-1.3244866,-1.3594855,8,6,4,7,2,8,2,4,2,7,6,7,4,4,4,7,6,5,3,1,-2.8618449,0.72954095,2.8481383,2.0778335,0.77030477
-17.108398,0.95743666,0.94140758,2,3,0,18.0262,0.1117399,2.8369681,0.31700254,2.5199655,-1.3030028,-1.6282207,-1.3433587,-1.4609772,-1.377257,-1.3030028,-1.3639828,-1.4320003,-1.3639828,-1.2340122,7,7,3,6,4,7,5,7,4,4,5,6,4,7,4,6,7,5,7,1,-2.0312644,0.42450932,3.7404306,1.5878477,2.152583
-17.39519,0.93585519,0.94140758,2,7,0,18.034488,0.28119751,1.2425293,0.34939614,0.89313316,-1.4002479,-1.5829391,-1.5471443,-1.7095081,-1.4810774,-1.4002479,-1.4834861,-1.6158986,-1.4834861,-1.6062406,5,6,4,7,4,7,5,5,4,2,5,7,4,4,5,6,3,4,5,4,-0.703196,0.24644666,4.7579363,1.1725775,3.5853588
-16.826398,0.83571543,0.94140758,1,3,0,19.329833,0.29806826,3.7121945,1.1064874,2.6057071,-1.2544487,-1.4614888,-1.5353578,-1.6824409,-1.3293109,-1.2544487,-1.3342638,-1.5336491,-1.3342638,-1.7789645,7,6,6,8,5,7,4,7,3,5,8,5,1,8,2,7,4,6,4,2,-2.0750321,0.57976413,2.805388,1.6264633,1.1789247
-17.279132,0.67628071,0.94140758,1,3,0,18.813077,0.11925711,1.7379956,0.20726833,1.5307272,-1.3625549,-1.6500814,-1.382198,-1.5182584,-1.4391828,-1.3625549,-1.4280942,-1.4908207,-1.4280942,-1.236902,8,4,2,7,2,6,4,6,6,2,5,6,3,7,4,4,7,6,7,3,-1.27966,0.410999,1.0915428,0.44862301,0.64291981
-19.589423,0.80610611,0.94140758,2,3,0,21.572599,0.56865824,4.0116577,2.2812622,1.7303955,-1.5082042,-1.3379866,-1.9088154,-2.4041775,-1.3828716,-1.5082042,-1.412716,-1.8434025,-1.412716,-2.656645,6,3,3,8,3,8,6,7,2,2,7,5,4,7,1,7,4,6,5,4,-2.1975583,0.53196422,3.9815045,2.1180179,1.8634866
-17.054222,1,0.94140758,2,3,0,18.582223,0.29117605,4.1525725,1.2091297,2.9434428,-1.2431369,-1.4591532,-1.526096,-1.6683324,-1.3193066,-1.2431369,-1.3236355,-1.5223455,-1.3236355,-1.7679645,6,8,5,5,4,5,4,4,6,2,7,8,2,6,3,7,3,8,5,3,-2.5032319,0.11569776,1.1398799,0.13188155,1.0079983
-17.657906,0.9207287,0.94140758,2,3,0,17.918706,0.25128544,1.1504165,0.28908292,0.86133359,-1.4128939,-1.6089535,-1.5257576,-1.6846549,-1.4966407,-1.4128939,-1.4967374,-1.6102635,-1.4967374,-1.5255453,8,5,3,3,5,7,6,3,3,3,4,1,3,6,2,6,6,7,5,2,-0.85638832,0.38533746,0.89868729,0.34629788,0.55238941
-17.706903,0.98445768,0.94140758,1,1,0,17.974468,0.23360938,1.1429309,0.26699938,0.87593154,-1.4141637,-1.619042,-1.511326,-1.6679796,-1.4987268,-1.4141637,-1.4974975,-1.602389,-1.4974975,-1.4835534,4,5,4,7,3,8,5,7,6,2,5,4,8,6,4,5,7,7,3,7,-0.91399117,0.56798513,2.0658309,1.1733613,0.89246969
-17.202611,0.99036694,0.94140758,2,3,0,18.434738,0.1536566,4.0440115,0.62138907,3.4226225,-1.2534497,-1.5732623,-1.3701899,-1.4760104,-1.3342544,-1.2534497,-1.3242484,-1.425718,-1.3242484,-1.3625326,7,6,1,6,3,5,7,6,6,2,5,3,3,6,4,7,4,5,7,2,-2.8626195,0.48408416,0.58687337,0.2840961,0.30277726
-19.404076,0.66477051,0.94140758,2,3,0,20.87133,0.04659649,1.3713568,0.063900411,1.3074563,-1.4315216,-1.7275339,-1.3489577,-1.5074632,-1.4937001,-1.4315216,-1.478035,-1.5002964,-1.478035,-1.0603047,7,7,3,4,6,6,5,7,6,2,8,7,2,8,2,7,4,3,5,2,-2.1485605,0.18418804,1.3926676,0.2565127,1.1361549
-19.442326,0.98378488,0.94140758,2,3,0,19.92365,0.053584746,1.2469608,0.066818079,1.1801427,-1.44385,-1.7285645,-1.3649497,-1.5265417,-1.5084743,-1.44385,-1.4937822,-1.5183607,-1.4937822,-1.0766148,7,6,3,7,3,7,7,5,7,1,6,8,6,2,7,3,3,7,4,3,-2.082701,0.35847687,3.4131655,1.2235409,2.1896246
-17.394874,0.848241,0.94140758,1,3,0,19.397558,0.092076425,2.2317923,0.20549545,2.0262968,-1.3395479,-1.6582747,-1.3403484,-1.4690754,-1.4102391,-1.3395479,-1.3959972,-1.4484195,-1.3959972,-1.1758823,6,6,3,5,3,7,4,4,4,4,8,6,4,8,2,5,5,6,8,3,-1.7426179,0.66009054,2.6113625,1.7237357,0.88762683
-17.964957,0.91743126,0.94140758,2,3,0,18.097884,0.45064109,3.9159179,1.7646735,2.1512444,-1.3426999,-1.3766061,-1.7347085,-2.0199003,-1.3445175,-1.3426999,-1.3645787,-1.6856592,-1.3645787,-2.2598955,6,6,6,5,4,8,4,7,5,5,6,5,3,6,2,5,5,5,4,1,-2.0980751,0.50434307,1.724082,0.86952882,0.85455322
-16.912617,1,0.94140758,2,3,0,18.388575,0.15368733,1.7773851,0.27316158,1.5042235,-1.348438,-1.621199,-1.4101579,-1.543587,-1.4297234,-1.348438,-1.4214406,-1.503223,-1.4214406,-1.3236853,8,7,6,7,5,8,6,4,6,2,5,7,3,5,5,6,6,5,1,2,-1.0767264,0.89885248,0.94582107,0.85015362,0.095667452
-16.472901,0.97839191,0.94140758,2,3,0,17.118542,0.32309482,2.3520842,0.75994621,1.592138,-1.3102022,-1.4836362,-1.5693491,-1.734683,-1.3803866,-1.3102022,-1.3871952,-1.581643,-1.3871952,-1.8017211,4,5,3,8,5,6,5,8,4,3,5,7,4,6,4,6,2,6,5,2,-0.86195548,0.34332221,2.8122144,0.96549564,1.8467187
-16.44594,0.99373771,0.94140758,2,3,0,16.566665,0.24782096,1.9630746,0.48649103,1.4765836,-1.3221531,-1.5463194,-1.4935718,-1.6339203,-1.4052602,-1.3221531,-1.4050657,-1.5435648,-1.4050657,-1.5744804,7,3,4,5,5,3,5,6,6,5,5,6,5,7,2,7,6,3,6,2,-0.78906797,0.39131375,1.0743389,0.42040358,0.65393532
-16.833758,0.85355008,0.94140758,1,3,0,17.565811,0.24062145,3.8861319,0.93508669,2.9510452,-1.2432107,-1.4999289,-1.4669352,-1.588899,-1.3265341,-1.2432107,-1.3255576,-1.4857297,-1.3255576,-1.6120911,7,3,5,7,1,7,4,7,4,3,7,6,2,7,5,5,6,7,3,1,-2.373733,0.60300639,2.5641124,1.5461762,1.0179362
-17.381467,0.85219119,0.94140758,1,1,0,17.433543,0.34144657,4.3532693,1.4864089,2.8668604,-1.2560294,-1.4238583,-1.5891834,-1.7633016,-1.3176761,-1.2560294,-1.3272985,-1.5658137,-1.3272985,-1.9265153,4,5,3,5,4,7,3,4,6,1,8,7,3,5,7,7,3,7,4,2,-2.607116,0.25861799,0.54661964,0.14136567,0.40525397
-17.178374,0.97622944,0.94140758,2,3,0,17.955252,0.11436443,3.1922527,0.36508017,2.8271726,-1.2898032,-1.6207494,-1.3399314,-1.4534416,-1.3643751,-1.2898032,-1.3510166,-1.4226189,-1.3510166,-1.2446951,6,8,1,6,7,5,6,8,5,3,6,7,5,5,4,6,3,7,5,1,-2.3218351,0.54315112,3.5390703,1.92225,1.6168203
-16.838321,0.97004416,0.94140758,2,7,0,17.551963,0.21885817,1.5662069,0.34277717,1.2234297,-1.3578042,-1.5882057,-1.4769661,-1.6194506,-1.4423067,-1.3578042,-1.4397101,-1.5519285,-1.4397101,-1.4781921,7,4,3,2,5,8,7,8,5,5,5,6,1,5,3,6,4,6,3,4,-0.76856971,0.26036172,0.87579951,0.22802466,0.64777484
-16.75513,1,0.94140758,2,7,0,16.851448,0.25104843,3.7350807,0.93768617,2.7973946,-1.2470838,-1.494238,-1.4796548,-1.6058654,-1.3295135,-1.2470838,-1.3296219,-1.4958126,-1.3296219,-1.6399155,6,6,4,6,3,5,4,8,5,2,6,4,4,3,7,6,7,5,4,2,-2.2032976,0.11030378,3.5921582,0.39622864,3.1959296
-17.212342,0.91489482,0.94140758,1,1,0,17.234463,0.20695587,4.4729186,0.92569677,3.5472218,-1.2333509,-1.5205858,-1.4257626,-1.5359191,-1.3178012,-1.2333509,-1.3132219,-1.4536118,-1.3132219,-1.5215236,6,3,5,4,4,7,5,6,3,3,7,6,3,5,4,6,6,5,5,1,-3.0349076,0.31972767,2.7513161,0.87967189,1.8716442
-16.520433,1,0.94140758,2,3,0,17.266072,0.29866137,3.0283403,0.90444827,2.123892,-1.2745066,-1.4757211,-1.5380912,-1.6878693,-1.3496849,-1.2745066,-1.3545026,-1.54549,-1.3545026,-1.7608772,6,4,3,6,5,7,4,6,5,2,8,3,3,7,3,6,6,5,7,1,-1.4494861,0.68345621,2.0134903,1.3761325,0.63735784
-19.604079,0.47500706,0.94140758,2,3,0,19.901596,0.054735382,5.3702355,0.29394189,5.0762936,-1.2826481,-1.6748874,-1.2609628,-1.3696183,-1.3400444,-1.2826481,-1.3195175,-1.3570384,-1.3195175,-1.0888945,8,6,4,8,5,8,5,5,2,7,8,8,5,6,4,7,5,5,7,2,-5.0276387,0.94072811,2.9906696,2.8134069,0.17726263
-19.131002,0.87098005,0.94140758,2,3,0,22.970851,0.17126329,0.87055036,0.14909332,0.72145705,-1.4770005,-1.6913048,-1.4898423,-1.6562397,-1.5607472,-1.4770005,-1.5554373,-1.621691,-1.5554373,-1.323752,8,5,4,5,5,7,5,6,3,6,5,4,2,7,6,7,2,5,6,6,-1.6315136,0.6948045,2.16112,1.5015559,0.65956409
-18.961874,1,0.94140758,2,3,0,19.359935,0.33696482,6.7462359,2.2732442,4.4729917,-1.2256692,-1.4040106,-1.5845598,-1.755125,-1.2875279,-1.2256692,-1.2972423,-1.548319,-1.2972423,-1.9485467,8,2,5,8,5,8,5,5,6,5,7,7,3,4,4,6,7,4,4,3,-4.7982423,0.75488909,3.6761967,2.7751208,0.90107592
-18.547129,1,0.94140758,2,3,0,19.301569,0.3507271,6.0219561,2.1120632,3.9098929,-1.2387347,-1.4004011,-1.6027436,-1.7848326,-1.2954836,-1.2387347,-1.3065567,-1.5652292,-1.3065567,-1.9845503,6,5,3,6,4,7,4,8,7,1,8,6,4,6,5,5,5,8,4,2,-4.1390691,0.29641865,2.9075049,0.86183865,2.0456662
-16.851922,0.71349106,0.94140758,2,3,0,22.314325,0.13936706,2.0556851,0.28649479,1.7691903,-1.3317023,-1.6215179,-1.387652,-1.5154809,-1.4110852,-1.3317023,-1.4012001,-1.4789203,-1.4012001,-1.2944584,8,7,2,8,6,5,7,4,4,3,7,8,5,6,5,4,6,3,5,1,-1.2768806,0.54623444,0.96895721,0.5292778,0.43967941
-17.8419,0.9357757,0.94140758,3,7,0,17.88393,0.10795789,4.3609827,0.4708025,3.8901802,-1.2657284,-1.6171761,-1.3206971,-1.4257951,-1.3384637,-1.2657284,-1.3236957,-1.3955709,-1.3236957,-1.2354084,5,6,5,8,3,6,3,5,6,2,5,4,1,5,7,7,4,5,6,2,-3.4623824,0.4705287,4.1759008,1.9648812,2.2110196
-16.349485,1,0.94140758,2,3,0,17.560002,0.26052357,2.2762402,0.59301422,1.6832259,-1.302415,-1.5241607,-1.5015206,-1.6414005,-1.3842079,-1.302415,-1.3851849,-1.5381076,-1.3851849,-1.623629,6,3,2,5,3,8,6,6,6,1,4,6,4,3,5,7,6,5,4,1,-0.93690898,0.3577433,5.0078813,1.791536,3.2163453
-16.995399,0.8800899,0.94140758,1,3,0,17.178357,0.26035689,1.430339,0.37239862,1.0579404,-1.3730948,-1.5746164,-1.5203718,-1.6734182,-1.4556696,-1.3730948,-1.4565089,-1.5862445,-1.4565089,-1.5724944,4,5,4,7,2,6,5,7,6,4,5,6,3,4,6,6,2,4,7,2,-0.66399873,0.33198998,4.2584223,1.4137535,2.8446688
-16.450699,1,0.94140758,2,3,0,16.967688,0.29799115,2.8032477,0.83534299,1.9679047,-1.2827344,-1.4823541,-1.5383251,-1.6888173,-1.358248,-1.2827344,-1.3629209,-1.5498353,-1.3629209,-1.7507852,4,4,2,6,5,7,1,6,4,2,3,5,3,8,3,7,3,7,5,2,-1.2573013,0.19969472,2.6597806,0.53114416,2.1286365
-16.404323,0.99668029,0.94140758,2,3,0,16.482188,0.21759763,2.1694679,0.47207107,1.6973968,-1.3088435,-1.5573948,-1.4591163,-1.5901047,-1.3932167,-1.3088435,-1.3902483,-1.5150684,-1.3902483,-1.5029887,8,3,6,6,3,6,3,6,6,2,8,5,1,5,5,7,5,6,4,1,-0.99223827,0.83028528,1.7218025,1.4295873,0.29221522
-16.897789,0.94020812,0.94140758,2,3,0,17.005255,0.36111343,1.6811121,0.60707213,1.0740399,-1.3699987,-1.5036792,-1.6157641,-1.8045011,-1.431356,-1.3699987,-1.4407277,-1.637162,-1.4407277,-1.8563214,6,7,2,7,6,6,4,5,4,4,6,6,4,7,4,6,5,7,5,2,-0.4804165,0.29765626,2.699125,0.80341146,1.8957135
-17.289868,0.91767387,0.94140758,2,3,0,17.392788,0.11688298,3.5381835,0.41355344,3.1246301,-1.2790141,-1.6143754,-1.3377645,-1.4479311,-1.3539308,-1.2790141,-1.3405468,-1.4153927,-1.3405468,-1.2546976,8,5,5,8,3,8,3,8,3,5,8,7,3,5,6,6,3,5,5,3,-2.6193885,0.79719,2.0494648,1.6338128,0.41565195
-18.310856,0.94243284,0.94140758,2,3,0,19.035993,0.54025364,1.7772693,0.96017619,0.81709307,-1.5085665,-1.4375078,-1.8257874,-2.1872258,-1.4587422,-1.5085665,-1.4819345,-1.8020421,-1.4819345,-2.3710427,8,3,4,8,3,8,2,7,5,4,7,5,3,8,1,6,3,7,5,5,-0.42978746,0.91131194,3.267744,2.9779341,0.28980986
-16.699838,0.99432424,0.94140758,2,3,0,19.176797,0.16769974,3.1654196,0.53084004,2.6345796,-1.2721656,-1.5713265,-1.393264,-1.5065568,-1.3545668,-1.2721656,-1.3463795,-1.4518687,-1.3463795,-1.3912323,6,6,5,7,7,8,3,7,3,3,3,6,2,6,7,6,6,5,7,2,-1.9770759,0.65637927,2.4800819,1.6278744,0.85220755
-16.593845,1,0.94140758,1,1,0,16.721367,0.1709964,2.877244,0.49199837,2.3852456,-1.2814686,-1.5736762,-1.4003754,-1.5167718,-1.3641776,-1.2814686,-1.3564707,-1.46168,-1.3564707,-1.3954312,7,7,4,8,3,7,5,7,4,1,5,8,1,5,5,4,5,6,6,4,-1.7090429,0.72759328,3.4813108,2.5329783,0.94833246
-16.462162,1,0.94140758,2,3,0,16.588016,0.31107593,2.13555,0.6643182,1.4712318,-1.319227,-1.5001226,-1.5575091,-1.7181018,-1.3927909,-1.319227,-1.3983489,-1.5795829,-1.3983489,-1.7555853,8,8,2,5,2,6,6,6,8,2,4,6,6,4,2,5,6,6,6,6,-0.74169925,0.5536566,1.1619951,0.64334625,0.51864884
-19.463821,0.67792468,0.94140758,2,3,0,19.964772,0.16782742,0.81960534,0.13755225,0.68205309,-1.4909447,-1.7021095,-1.494703,-1.6642472,-1.5745861,-1.4909447,-1.5691741,-1.6318906,-1.5691741,-1.3133347,8,4,3,8,2,8,1,8,3,4,8,7,2,5,1,3,6,6,1,2,-1.7952458,0.79579712,1.5107016,1.202212,0.30848962
-18.936455,1,0.94140758,2,7,0,19.317664,0.29391724,6.9945286,2.0558126,4.9387161,-1.2085673,-1.4324987,-1.5272912,-1.6668885,-1.2834927,-1.2085673,-1.2884473,-1.5055281,-1.2884473,-1.8128219,6,7,3,8,4,7,7,6,4,1,7,8,2,5,6,6,5,8,7,2,-5.086553,0.35231625,3.4572205,1.2180349,2.2391855
-16.862484,0.99658078,0.94140758,2,3,0,19.149652,0.1384119,3.0116663,0.41685046,2.5948159,-1.2862198,-1.6002499,-1.3659734,-1.4801414,-1.3650717,-1.2862198,-1.3541471,-1.4398751,-1.3541471,-1.3082792,7,7,5,5,6,3,4,4,4,3,5,8,2,6,5,5,2,6,5,3,-1.9981535,0.27622468,0.69341612,0.19153865,0.50187747
-16.635191,1,0.94140758,2,3,0,16.834684,0.35903706,2.2493323,0.80759366,1.4417387,-1.3295056,-1.4696073,-1.6109092,-1.7977972,-1.3887854,-1.3295056,-1.3987646,-1.6141868,-1.3987646,-1.8975003,8,5,7,7,4,8,7,8,3,3,4,5,2,5,3,1,6,7,4,2,-0.74138465,0.49349633,2.7204013,1.3425081,1.3778932
-16.635191,0.6065665,0.94140758,1,3,0,18.125595,0.35903706,2.2493323,0.80759366,1.4417387,-1.3295056,-1.4696073,-1.6109092,-1.7977972,-1.3887854,-1.3295056,-1.3987646,-1.6141868,-1.3987646,-1.8975003,7,5,6,8,4,8,3,8,5,5,6,5,4,6,2,7,4,5,4,2,-0.74138465,0.86281794,3.7385098,3.2256533,0.51285647
-17.127849,0.79717645,0.94140758,1,1,0,17.254547,0.42788492,2.6020661,1.1133849,1.4886813,-1.3559223,-1.4232952,-1.6955033,-1.9414264,-1.3804912,-1.3559223,-1.3970309,-1.6711207,-1.3970309,-2.1229371,6,4,4,5,1,7,3,6,5,4,8,6,1,8,4,4,4,4,4,4,-0.93615871,0.70416078,2.3956646,1.6869331,0.70873155
-17.209443,0.96283993,0.94140758,1,1,0,17.545481,0.43737855,2.6030054,1.1384987,1.4645067,-1.363693,-1.4195013,-1.7076201,-1.963494,-1.3823489,-1.363693,-1.3997112,-1.6809084,-1.3997112,-2.151636,8,4,2,8,4,7,6,8,7,5,8,4,2,7,2,8,4,7,6,4,-0.93168809,0.75406058,2.2148798,1.6701535,0.54472624
-17.031339,0.87673548,0.94140758,2,3,0,18.180018,0.18212439,1.52485,0.27771238,1.2471376,-1.3666476,-1.6149765,-1.4459324,-1.5862815,-1.4503473,-1.3666476,-1.4447539,-1.5366491,-1.4447539,-1.3849416,4,6,1,7,7,4,4,7,6,6,6,4,2,6,7,6,5,7,4,4,-0.90719265,0.2726671,1.8659784,0.50879093,1.3571875
-16.681504,1,0.94140758,1,1,0,16.974631,0.22453714,1.6878775,0.37899119,1.3088863,-1.3453346,-1.5765659,-1.4779712,-1.618551,-1.4296881,-1.3453346,-1.4275147,-1.5460474,-1.4275147,-1.4993513,5,6,3,7,3,5,4,4,5,2,7,6,3,7,5,7,4,6,6,1,-0.76309249,0.3624621,1.7196638,0.62331294,1.0963508
-16.945992,0.97115962,0.94140758,2,3,0,17.051222,0.27473064,4.0324882,1.1078481,2.9246401,-1.2426106,-1.4724171,-1.5064581,-1.6409967,-1.3218888,-1.2426106,-1.3244788,-1.5101415,-1.3244788,-1.7160617,8,4,4,7,6,7,4,8,5,6,4,7,3,6,5,7,6,6,7,3,-2.4250568,0.87738551,2.7431796,2.406826,0.33635356
-17.140427,0.96801763,0.94140758,1,1,0,17.216625,0.26003924,4.3983329,1.1437391,3.2545937,-1.2336757,-1.4784387,-1.4878632,-1.6148232,-1.3150275,-1.2336757,-1.3160946,-1.4940011,-1.3160946,-1.6784042,7,8,5,6,6,8,6,5,5,1,6,7,3,6,4,7,5,6,6,3,-2.8054734,0.35891122,1.8464333,0.66270564,1.1837277
-18.39411,0.65510727,0.94140758,1,1,0,18.450752,0.40610551,5.2002616,2.1118549,3.0884067,-1.2840054,-1.37732,-1.6777327,-1.9145313,-1.3130858,-1.2840054,-1.3296703,-1.6287242,-1.3296703,-2.1507451,8,2,4,8,3,5,4,6,4,3,5,5,1,6,6,4,5,7,8,4,-3.3311332,0.79457121,1.4411853,1.1451243,0.29606094
-18.836326,0.8642007,0.94140758,1,1,0,19.390123,0.42360962,5.6071096,2.3752255,3.231884,-1.2947572,-1.3643948,-1.7037194,-1.963226,-1.3116353,-1.2947572,-1.3301498,-1.6479182,-1.3301498,-2.2162997,6,3,3,8,4,7,5,3,4,2,6,4,4,8,5,6,4,4,5,2,-3.6934412,0.34500393,2.1838416,0.75343392,1.4304076
-16.942817,0.87699539,0.94140758,2,3,0,19.492543,0.1563851,1.7239879,0.26960601,1.4543818,-1.3523913,-1.6217384,-1.4146711,-1.5493554,-1.4339873,-1.3523913,-1.4260052,-1.5083532,-1.4260052,-1.3287917,8,4,6,8,5,6,3,7,3,3,8,6,3,7,7,6,4,7,2,3,-1.0482736,0.88653881,2.5611185,2.270531,0.29058756
-16.440333,0.92654174,0.94140758,2,3,0,17.313616,0.23085192,2.988725,0.68995293,2.2987721,-1.2691551,-1.5234056,-1.4618696,-1.5866917,-1.3530923,-1.2691551,-1.3511981,-1.4960607,-1.3511981,-1.5648481,7,5,2,5,2,7,4,7,4,4,5,4,5,6,5,6,5,7,3,3,-1.5800547,0.15215629,2.0052646,0.30511362,1.7001509
-16.349511,0.92927485,0.94140758,2,3,0,17.030682,0.26751556,2.5369156,0.67866439,1.8582512,-1.2893657,-1.5101297,-1.5060878,-1.6457789,-1.3702006,-1.2893657,-1.3718705,-1.5340882,-1.3718705,-1.6538408,6,6,4,7,4,6,7,6,8,4,6,4,1,4,4,6,4,7,5,3,-1.107971,0.52403479,2.7553647,1.443907,1.3114577
-16.754558,0.900105,0.94140758,2,3,0,16.900238,0.30547605,1.6356473,0.49965107,1.1359962,-1.3568127,-1.533732,-1.5583961,-1.7213159,-1.4327288,-1.3568127,-1.4374085,-1.5994922,-1.4374085,-1.7047043,6,6,1,6,5,7,6,6,6,3,7,8,2,7,4,7,3,8,4,3,-0.55737234,0.34967524,1.5885064,0.55546137,1.0330451
-16.794346,0.94120072,0.94140758,2,3,0,17.182406,0.13706443,2.3672015,0.32445913,2.0427424,-1.3141022,-1.6143692,-1.376982,-1.4994863,-1.392994,-1.3141022,-1.3825332,-1.4622584,-1.3825332,-1.2946891,8,4,5,6,1,8,2,6,3,7,7,8,2,7,3,6,5,5,4,2,-1.4872856,0.87439044,2.3605491,2.0640416,0.29650754
-16.445533,1,0.94140758,2,3,0,16.699153,0.30273751,2.7247096,0.82487182,1.8998378,-1.2870495,-1.4818364,-1.5441731,-1.697351,-1.3616179,-1.2870495,-1.3667179,-1.5554542,-1.3667179,-1.7613414,7,4,4,4,4,7,5,6,5,5,7,3,3,7,3,5,6,6,5,4,-1.1831037,0.45319629,3.9788685,1.8032085,2.1756601
-17.042879,0.87890295,0.94140758,2,3,0,17.055701,0.12420683,1.9770566,0.24556392,1.7314926,-1.3421997,-1.6368404,-1.3768105,-1.5070202,-1.4193744,-1.3421997,-1.4082918,-1.4765858,-1.4082918,-1.2541019,6,3,3,5,4,8,7,6,4,3,4,6,3,4,4,8,7,8,6,2,-1.3343398,0.54009149,1.327364,0.71689803,0.61046602
-16.493212,0.96559122,0.94140758,2,3,0,17.409781,0.31763794,2.7238822,0.86520833,1.8586738,-1.2911606,-1.4729993,-1.5614007,-1.7222955,-1.3621399,-1.2911606,-1.3686689,-1.5674711,-1.3686689,-1.8042867,7,6,4,8,3,7,4,6,3,3,7,6,1,5,3,5,4,6,3,2,-1.1559799,0.65585635,3.9136182,2.5667714,1.3468469
-17.784899,0.57820672,0.94140758,1,1,0,17.82283,0.46825544,3.285644,1.5385207,1.7471233,-1.3735361,-1.3848036,-1.7544637,-2.0565258,-1.3649067,-1.3735361,-1.3858756,-1.7093641,-1.3858756,-2.2884565,5,7,5,7,6,7,5,8,4,1,7,5,1,4,3,7,4,7,4,6,-1.5067846,0.37661501,2.0748767,0.7814297,1.293447
-16.858929,1,0.94140758,2,3,0,17.775019,0.21387308,3.8843081,0.83074892,3.0535592,-1.2444255,-1.5213766,-1.4365999,-1.5512637,-1.3288449,-1.2444255,-1.3250885,-1.4666594,-1.3250885,-1.5338513,8,4,4,8,6,8,7,8,4,3,6,7,4,7,4,5,4,7,5,4,-2.4552411,0.7843462,1.7439196,1.3678367,0.3760829
-17.955998,0.6779595,0.94140758,2,7,0,18.927759,0.065803463,2.7707413,0.18232437,2.5884169,-1.3286413,-1.6754943,-1.3031192,-1.4282491,-1.391915,-1.3286413,-1.3745848,-1.4142654,-1.3745848,-1.1116582,7,4,5,8,2,8,4,4,7,2,6,7,2,6,3,6,6,6,5,4,-2.4548079,0.66434977,2.8120253,1.8681684,0.94385692
-16.766284,0.96201217,0.94140758,2,3,0,18.163225,0.17210822,3.3950057,0.58430837,2.8106973,-1.2640848,-1.5638982,-1.3952953,-1.506913,-1.3468677,-1.2640848,-1.3390049,-1.4490341,-1.3390049,-1.407038,8,2,4,8,4,7,6,8,2,3,5,6,5,4,4,7,6,6,6,1,-2.1648589,0.5263102,1.0610178,0.55842448,0.5025933
-17.843525,0.83985088,0.94140758,1,3,0,18.479333,0.070980945,2.1753187,0.15440617,2.0209125,-1.3531996,-1.6796281,-1.3242876,-1.4574806,-1.4189272,-1.3531996,-1.403001,-1.4430469,-1.403001,-1.1216602,6,5,5,5,4,7,4,7,4,4,6,8,5,6,4,4,5,8,1,3,-1.9442983,0.41410191,1.9443221,0.80514751,1.1391746
-19.339822,0.75366106,0.94140758,2,3,0,20.750206,0.40156729,0.82445736,0.33107511,0.49338225,-1.5125778,-1.6091839,-1.6736404,-1.8838111,-1.5724972,-1.5125778,-1.5823791,-1.7396987,-1.5823791,-1.8147825,6,6,3,6,1,6,3,5,4,3,6,8,4,6,5,6,3,5,7,3,-1.2374428,0.19717051,1.546366,0.30489778,1.2414682
-18.906474,1,0.94140758,1,1,0,19.70354,0.45985167,0.98173641,0.45145313,0.53028329,-1.5097267,-1.558918,-1.7222818,-1.9662665,-1.5425061,-1.5097267,-1.5568641,-1.75899,-1.5568641,-1.9920811,8,5,4,5,4,6,2,4,7,2,5,8,3,5,2,8,7,8,6,3,-0.82105332,0.39916174,2.3431217,0.93528456,1.4078372
-19.941174,0.83453323,0.94140758,1,1,0,20.301682,0.35961933,0.71507162,0.25715358,0.45791805,-1.5294661,-1.6505448,-1.6475851,-1.8444744,-1.6023425,-1.5294661,-1.6091628,-1.7369896,-1.6091628,-1.6954388,8,4,4,7,4,7,6,2,6,4,6,2,1,7,2,8,4,6,4,1,-1.6827668,0.36971992,2.3648682,0.8743389,1.4905293
-19.599234,1,0.94140758,2,7,0,19.991108,0.14292231,7.6372056,1.0915271,6.5456786,-1.2159219,-1.5668041,-1.3432489,-1.435629,-1.2949896,-1.2159219,-1.282921,-1.3861737,-1.282921,-1.3507282,6,3,2,8,2,3,4,7,2,5,7,4,3,5,4,4,6,5,5,2,-6.157326,0.64560782,1.1536308,0.74479306,0.40883773
-17.16392,1,0.94140758,2,3,0,19.786926,0.12013766,3.3359833,0.40077723,2.935206,-1.2830833,-1.6133209,-1.3435067,-1.455226,-1.3587124,-1.2830833,-1.3457902,-1.42179,-1.3457902,-1.2618613,6,3,3,6,1,7,8,6,2,3,6,6,4,6,4,6,7,6,5,1,-2.4094168,0.4413217,1.2107115,0.53431324,0.67639823
-16.776118,0.90546798,0.94140758,2,7,0,18.381092,0.36490052,1.874738,0.68409286,1.1906451,-1.3560001,-1.4879899,-1.6187005,-1.8094481,-1.4149211,-1.3560001,-1.4249193,-1.6316061,-1.4249193,-1.885007,5,3,3,6,3,7,7,3,6,2,8,3,3,6,4,8,6,4,4,3,-0.53297149,0.22843786,1.4405597,0.32907837,1.1114813
-17.77646,0.91441918,0.94140758,2,7,0,17.873498,0.158514,5.0485738,0.80026963,4.2483041,-1.2348604,-1.560836,-1.3691591,-1.4700048,-1.316213,-1.2348604,-1.306369,-1.4151481,-1.306369,-1.3848135,8,4,5,7,5,7,6,7,3,3,5,8,3,8,5,5,6,7,6,2,-3.7824346,0.56273631,1.6828998,0.94702881,0.73587097
-19.922044,0.80117058,0.94140758,2,3,0,20.53041,0.046990525,1.1641859,0.054705707,1.1094802,-1.4589674,-1.7391964,-1.3689537,-1.5353424,-1.5225148,-1.4589674,-1.5077187,-1.5286052,-1.5077187,-1.0625149,7,7,4,7,3,6,2,6,6,3,6,8,3,8,5,4,7,4,4,1,-2.2776265,0.38734754,1.9404404,0.75162481,1.1888156
-18.116641,1,0.94140758,1,1,0,19.674015,0.07626781,1.6207006,0.12360729,1.4970933,-1.3908765,-1.6910155,-1.3535448,-1.4983597,-1.4592676,-1.3908765,-1.4450149,-1.4839924,-1.4450149,-1.1305288,8,6,4,8,4,6,4,8,1,5,4,6,2,5,7,6,5,6,6,1,-1.6581705,0.5164165,2.2373757,1.1554177,1.081958
-17.217248,0.93303076,0.94140758,1,3,0,19.645941,0.15216038,4.0511903,0.61643068,3.4347596,-1.253781,-1.5746301,-1.3685632,-1.4742843,-1.3343932,-1.253781,-1.3242318,-1.4247256,-1.3242318,-1.3583399,5,5,5,8,2,7,7,7,4,4,7,6,2,7,6,3,6,4,6,2,-2.8774133,0.63933699,2.6483956,1.6932172,0.95517832
-16.591653,1,0.94140758,2,3,0,17.40738,0.171311,2.1299976,0.36489203,1.7651056,-1.318225,-1.5932722,-1.4150142,-1.5416408,-1.4010399,-1.318225,-1.3939008,-1.4908947,-1.3939008,-1.3792061,6,5,2,7,3,8,6,5,6,1,7,4,3,5,4,5,5,5,5,3,-1.1502691,0.17337608,4.518588,0.78341505,3.7351729
-16.978554,0.93857752,0.94140758,2,3,0,17.319012,0.12346968,2.8874715,0.35651517,2.5309563,-1.296252,-1.616215,-1.353534,-1.4696747,-1.3726929,-1.296252,-1.3604599,-1.4360343,-1.3604599,-1.266138,6,6,6,6,6,7,6,4,5,3,5,7,3,5,3,5,7,6,4,2,-1.9876784,0.30374354,3.4738174,1.0551496,2.4186678
-18.545859,0.89403792,0.94140758,1,3,0,18.66392,0.053380482,3.4493472,0.18412782,3.2652194,-1.3155027,-1.6833398,-1.2793533,-1.399978,-1.3741249,-1.3155027,-1.3548754,-1.3887129,-1.3548754,-1.0810931,7,3,4,8,3,8,1,6,5,1,5,7,6,7,4,7,5,6,5,1,-3.2515175,0.7453089,0.83309689,0.62091453,0.21218236
-17.630111,1,0.94140758,1,1,0,18.476849,0.080308355,2.8468725,0.22862765,2.6182449,-1.3178212,-1.6594529,-1.3143313,-1.4358678,-1.3848902,-1.3178212,-1.3687451,-1.4175447,-1.3687451,-1.1503408,7,5,2,8,3,8,5,7,4,4,7,3,3,6,3,5,5,8,6,2,-2.3351736,0.69948436,1.7850174,1.2485918,0.53642565
-17.709445,0.98329188,0.94140758,2,3,0,18.099718,0.45049482,3.4869974,1.5708743,1.9161231,-1.3507853,-1.3862313,-1.7316713,-2.0126436,-1.3547842,-1.3507853,-1.374421,-1.6875696,-1.374421,-2.2417735,8,6,3,8,4,8,4,7,6,6,7,5,5,8,5,5,4,7,5,3,-1.6972546,0.70493529,1.0018985,0.7062736,0.29562488
-17.329487,0.65133074,0.94140758,2,3,0,19.195498,0.10695266,3.3312571,0.35628682,2.9749703,-1.2890471,-1.6265782,-1.3308125,-1.4436497,-1.36201,-1.2890471,-1.347832,-1.4153805,-1.347832,-1.2256838,8,7,5,6,3,7,7,6,4,4,7,8,5,4,4,8,6,4,4,2,-2.5064796,0.36786621,2.3925526,0.88013927,1.5124133
-17.154008,0.85142168,0.94140758,2,3,0,19.598807,0.15804955,1.540422,0.24346301,1.296959,-1.3699238,-1.6307019,-1.4244611,-1.5639701,-1.4517952,-1.3699238,-1.4442196,-1.5240328,-1.4442196,-1.3266294,5,4,4,7,3,7,1,6,6,4,8,3,5,4,4,5,4,6,5,1,-1.0193059,0.20710592,0.99628706,0.20633694,0.78995011
-16.913277,0.95559065,0.94140758,2,3,0,17.894545,0.13098913,2.1025755,0.27541454,1.827161,-1.3314341,-1.627017,-1.3786625,-1.5059672,-1.409574,-1.3314341,-1.3988956,-1.4723944,-1.3988956,-1.2738866,8,8,1,8,1,8,4,8,6,3,5,7,5,7,3,5,2,7,6,3,-1.3552386,0.75088406,4.183837,3.1415765,1.0422605
-16.557385,0.91564296,0.94140758,2,3,0,17.970028,0.18393053,2.9777716,0.54770309,2.4300685,-1.2749056,-1.5607759,-1.4122461,-1.5287411,-1.3585321,-1.2749056,-1.352027,-1.4663696,-1.352027,-1.4330642,6,3,2,7,2,8,4,7,4,1,6,6,4,6,2,6,3,5,7,3,-1.7385127,0.69853235,0.95479401,0.66695451,0.28783951
-16.736663,0.96290408,0.94140758,1,1,0,16.76171,0.15019893,2.9082787,0.43682033,2.4714583,-1.286022,-1.5912577,-1.3791422,-1.4943827,-1.3665327,-1.286022,-1.3568103,-1.4491987,-1.3568103,-1.3389853,7,7,2,4,1,2,4,7,4,4,6,8,3,6,4,5,7,5,2,3,-1.8405129,0.50018259,1.1134786,0.55694261,0.55653599
-16.682087,0.96734774,0.94140758,2,3,0,17.252319,0.36675685,2.5022689,0.91772426,1.5845447,-1.320561,-1.4546689,-1.6197878,-1.812121,-1.3759914,-1.320561,-1.3869437,-1.6145191,-1.3869437,-1.9356461,6,7,4,5,3,5,6,6,3,2,4,5,5,7,4,6,5,4,4,1,-0.91158421,0.23043387,1.73866,0.40064614,1.3380138
-16.382108,0.99880644,0.94140758,1,3,0,16.677165,0.23239279,2.1611524,0.50223624,1.6589162,-1.3086421,-1.5474669,-1.4741745,-1.6081394,-1.3925969,-1.3086421,-1.3909843,-1.5245007,-1.3909843,-1.5423276,7,4,3,7,4,7,4,7,5,3,7,8,5,4,6,4,6,7,4,2,-0.94048767,0.66189195,3.7313401,2.469744,1.2615962
-16.731816,0.8635811,0.94140758,2,3,0,17.264224,0.14382993,2.5672381,0.36924567,2.1979924,-1.3020836,-1.603711,-1.3789498,-1.4983808,-1.3818474,-1.3020836,-1.3718043,-1.4574304,-1.3718043,-1.3161851,8,5,4,6,4,5,4,8,3,2,5,5,4,2,4,6,8,6,4,5,-1.5959562,0.58289772,3.7868185,2.2073279,1.5794906
-16.60269,1,0.94140758,1,1,0,16.737615,0.1611631,2.5560866,0.41194685,2.1441397,-1.2975016,-1.5890555,-1.395885,-1.5156387,-1.3793278,-1.2975016,-1.370905,-1.4669532,-1.370905,-1.3624558,7,4,4,7,4,7,3,8,2,3,6,6,3,7,3,5,5,4,6,1,-1.4939605,0.67673596,2.6131595,1.768419,0.84474052
-18.560233,0.69975995,0.94140758,1,3,0,19.006879,0.50668717,3.8289083,1.9400587,1.8888496,-1.4106377,-1.3583577,-1.8139825,-2.1829592,-1.3626817,-1.4106377,-1.3875398,-1.7559257,-1.3875398,-2.4394672,7,2,4,7,1,8,6,7,1,4,7,7,2,7,2,7,5,6,5,6,-2.0066101,0.71846773,2.5150457,1.8069792,0.70806653
-17.443035,1,0.94140758,2,3,0,18.438703,0.096295664,3.2093041,0.30904207,2.9002621,-1.2976962,-1.6387847,-1.3225012,-1.437713,-1.3683467,-1.2976962,-1.3532732,-1.4135343,-1.3532732,-1.1957329,8,3,1,8,2,8,5,7,6,6,7,7,3,7,5,6,6,3,7,2,-2.488953,0.81110343,2.9055504,2.3567019,0.54884849
-16.910458,0.85435865,0.94140758,1,3,0,18.829255,0.22809997,1.5023165,0.34267835,1.1596381,-1.3643182,-1.5872099,-1.4879056,-1.6332458,-1.4486748,-1.3643182,-1.4468721,-1.5621205,-1.4468721,-1.4973948,8,1,5,7,1,5,5,6,2,5,7,4,1,6,5,6,6,6,7,6,-0.74166262,0.90175968,1.8227905,1.643719,0.17907152
-18.733115,0.36990552,0.94140758,2,7,0,20.372006,0.045740575,1.9450279,0.088966696,1.8560612,-1.3813078,-1.7092467,-1.3130667,-1.4561533,-1.4407623,-1.3813078,-1.4232921,-1.4481742,-1.4232921,-1.0577483,5,4,5,8,1,7,6,8,6,4,6,4,2,3,5,6,4,3,6,3,-2.232451,0.48917822,2.9115982,1.4242905,1.4873078
-17.393747,0.95493215,0.94140758,2,3,0,18.617464,0.45428507,1.8521271,0.8413937,1.0107334,-1.4144682,-1.4547615,-1.7216481,-1.9832901,-1.4302963,-1.4144682,-1.4475322,-1.7114652,-1.4475322,-2.1330747,7,7,3,4,4,4,4,8,6,1,6,5,6,7,6,8,4,7,3,7,-0.45685587,0.35893743,2.182904,0.78352595,1.3993781
-19.062449,0.67792377,0.94140758,2,3,0,19.49838,0.59377656,2.4015491,1.4259836,0.97556553,-1.5716362,-1.3863529,-1.9153256,-2.4037451,-1.4408934,-1.5716362,-1.4694697,-1.8693513,-1.4694697,-2.6193747,8,5,7,7,2,8,7,7,3,4,8,6,2,8,4,5,5,5,4,3,-0.79920369,0.76345171,2.6121397,1.9942425,0.61789717
-17.034715,1,0.94140758,1,1,0,18.407352,0.41796545,2.542584,1.0627123,1.4798717,-1.3506168,-1.4298008,-1.6826119,-1.9181315,-1.3813769,-1.3506168,-1.3969645,-1.6620143,-1.3969645,-2.089189,5,7,2,8,1,8,7,6,4,4,6,5,3,8,6,7,5,7,5,2,-0.89602712,0.7748903,1.3541636,1.0493282,0.30483537
-18.022767,0.79512017,0.94140758,2,3,0,18.788277,0.39395421,4.8023545,1.8919077,2.9104467,-1.2797134,-1.3883439,-1.6598324,-1.8820396,-1.3166066,-1.2797134,-1.3317867,-1.6168342,-1.3317867,-2.1028292,6,4,5,7,1,8,5,7,4,2,8,6,3,6,7,7,5,7,5,6,-2.9700673,0.53769172,4.2781893,2.300347,1.9778423
-16.65991,0.60651157,0.94140758,2,3,0,19.546835,0.17931165,1.8991335,0.34053676,1.5585968,-1.3327417,-1.5963989,-1.4290452,-1.5604046,-1.4161647,-1.3327417,-1.4099434,-1.507892,-1.4099434,-1.3927626,7,2,4,7,3,6,6,6,3,4,5,5,2,4,4,4,6,5,5,7,-0.99702742,0.64038304,1.9198321,1.2294279,0.69040418
-16.677465,0.95357552,0.94140758,2,3,0,17.246659,0.36026941,2.6828753,0.96655791,1.7163174,-1.3095976,-1.4510854,-1.6120126,-1.7998316,-1.3669701,-1.3095976,-1.3774986,-1.6049033,-1.3774986,-1.9266462,8,7,5,6,2,7,5,5,1,5,6,5,5,8,2,8,4,6,3,3,-1.0611009,0.47842847,1.6708335,0.79937433,0.87145921
-16.369696,1,0.94140758,2,3,0,16.626584,0.23251695,2.7048547,0.62892457,2.0759301,-1.2803345,-1.529213,-1.4665285,-1.5942714,-1.3642096,-1.2803345,-1.3625177,-1.5048772,-1.3625177,-1.5617093,5,5,3,4,4,8,5,2,5,3,7,6,6,5,8,6,3,6,8,2,-1.3347995,0.21121728,1.239511,0.26180615,0.97770489
-18.92366,0.58788417,0.94140758,1,3,0,19.826753,0.25761994,7.103656,1.8300435,5.2736125,-1.2017049,-1.4601822,-1.4806319,-1.6007374,-1.2832283,-1.2017049,-1.2840911,-1.4728671,-1.2840911,-1.6991394,7,6,6,5,3,5,7,2,5,4,8,4,3,3,4,4,6,6,5,4,-5.2617272,0.46887403,1.2144743,0.56943544,0.64503881
-18.76891,1,0.94140758,1,1,0,19.329945,0.20842354,6.8545161,1.4286425,5.4258736,-1.2047142,-1.5039512,-1.4205848,-1.5237826,-1.2892626,-1.2047142,-1.2845814,-1.4349914,-1.2845814,-1.5454222,7,4,3,3,4,7,5,6,7,6,7,5,4,3,7,7,3,8,6,1,-5.1953195,0.26921492,2.4323005,0.65481159,1.7774889
-16.417409,0.95681656,0.94140758,1,3,0,18.920934,0.23928322,2.9316587,0.70149672,2.230162,-1.2711428,-1.518499,-1.4715772,-1.5991066,-1.3546132,-1.2711428,-1.3535571,-1.5032692,-1.3535571,-1.5872174,8,6,2,7,4,7,3,8,3,3,5,8,2,6,5,8,4,6,4,5,-1.5056938,0.72234031,2.1634847,1.5627722,0.60071247
-16.72462,0.8996487,0.94140758,1,3,0,16.90803,0.37594207,2.3448782,0.88153836,1.4633398,-1.3328284,-1.4570307,-1.6306732,-1.8294495,-1.385168,-1.3328284,-1.396771,-1.6263705,-1.396771,-1.9524166,7,7,3,8,5,6,5,6,4,4,7,6,3,7,4,8,7,5,5,2,-0.78671449,0.71079058,2.5290462,1.7976222,0.73142397
-18.202614,0.7410704,0.94140758,2,3,0,18.388549,0.53173707,1.7946545,0.9542843,0.84037015,-1.4970975,-1.4379244,-1.8155264,-2.1659996,-1.454719,-1.4970975,-1.477406,-1.7924415,-1.477406,-2.3488283,6,4,1,7,3,7,5,8,5,1,8,3,4,6,3,8,8,8,7,4,-0.43264865,0.44621163,2.4972765,1.1143138,1.3829627
-16.748895,0.76648434,0.94140758,2,3,0,19.432763,0.14465418,2.7627607,0.39964487,2.3631158,-1.2934123,-1.5989249,-1.3760893,-1.4930013,-1.3732292,-1.2934123,-1.3630932,-1.450882,-1.3630932,-1.3216423,8,4,5,8,1,8,4,6,2,3,5,8,3,7,5,6,6,4,7,3,-1.7486867,0.6945224,4.0456997,2.8098291,1.2358706
-16.71813,0.99577364,0.94140758,2,3,0,16.81358,0.37303113,2.5005765,0.93279289,1.5677836,-1.3238792,-1.451684,-1.6273069,-1.8242529,-1.3767769,-1.3238792,-1.3882987,-1.6201828,-1.3882987,-1.9538427,8,3,5,7,4,7,4,4,3,3,6,5,3,8,7,8,6,4,7,2,-0.90329698,0.63868115,3.2231829,2.0585862,1.1645967
-17.372881,0.56635697,0.94140758,2,3,0,18.560849,0.10889991,1.780025,0.19384456,1.5861804,-1.3629064,-1.6569057,-1.3716236,-1.5076483,-1.4376755,-1.3629064,-1.4256559,-1.4833664,-1.4256559,-1.2121016,8,7,1,4,2,6,7,8,6,2,7,6,1,8,6,6,8,5,6,3,-1.3704376,0.49878158,2.1946219,1.094637,1.0999849
-17.26607,0.99670607,0.94140758,2,3,0,17.49417,0.43621989,2.8267716,1.233094,1.5936776,-1.3549484,-1.4114415,-1.7078087,-1.9649218,-1.3727928,-1.3549484,-1.3903767,-1.6770022,-1.3903767,-2.162606,6,6,7,8,4,8,6,6,6,3,5,7,3,6,6,7,5,4,5,4,-1.1152825,0.67939431,1.7140334,1.1645046,0.54952888
-19.116919,0.85729078,0.94140758,2,3,0,19.431489,0.070985137,5.3258219,0.37805419,4.9477677,-1.2725114,-1.6551364,-1.2769863,-1.3824088,-1.3351173,-1.2725114,-1.3161944,-1.364842,-1.3161944,-1.1346277,7,4,4,7,3,7,3,8,3,2,2,7,3,5,5,8,6,6,4,2,-4.7440408,0.39237475,2.1316982,0.83642455,1.2952736
-16.9105,0.94462505,0.94140758,2,3,0,19.544187,0.23766286,4.0236527,0.95627281,3.0673799,-1.2401569,-1.500361,-1.462905,-1.5832758,-1.3236856,-1.2401569,-1.3223934,-1.4815532,-1.3223934,-1.6057273,7,4,7,8,3,7,4,5,4,5,7,8,1,6,6,6,7,5,2,2,-2.5118127,0.83266544,1.5466224,1.287819,0.25880337
-16.404818,0.96701534,0.94140758,2,3,0,17.108316,0.29049677,2.6758947,0.77733877,1.8985559,-1.2864483,-1.4909176,-1.5305121,-1.6782683,-1.3635646,-1.2864483,-1.367469,-1.5471529,-1.367469,-1.7243092,7,7,4,6,3,6,5,7,4,2,8,4,6,6,5,4,5,4,5,3,-1.1671897,0.15362677,1.8458497,0.28357192,1.5622777
-16.854725,0.8379861,0.94140758,1,1,0,16.859915,0.38094084,2.8730627,1.0944669,1.7785957,-1.3134816,-1.4343317,-1.6375927,-1.8417341,-1.3615797,-1.3134816,-1.374211,-1.6206335,-1.374211,-1.9976817,6,6,2,6,5,7,3,6,2,3,5,6,4,3,4,7,5,7,3,4,-1.1964993,0.3850299,2.6800679,1.0319063,1.6481617
-17.496963,0.97508738,0.94140758,2,3,0,17.736428,0.13355425,4.2718641,0.57052559,3.7013385,-1.2561234,-1.5911148,-1.3474701,-1.4516935,-1.3339155,-1.2561234,-1.3217651,-1.4106102,-1.3217651,-1.307275,8,5,2,5,5,7,2,7,4,3,4,8,5,3,6,7,5,6,5,1,-3.1945533,0.43828104,4.5694919,2.0027216,2.5667703
-17.911761,0.95247894,0.94140758,2,3,0,18.654405,0.49029396,1.5717509,0.77061997,0.80113093,-1.4660251,-1.4681446,-1.7603436,-2.0511186,-1.463252,-1.4660251,-1.4822746,-1.7536136,-1.4822746,-2.1951948,7,5,4,8,3,5,3,7,5,2,8,3,5,5,5,7,2,6,5,2,-0.38901388,0.41958436,2.1235158,0.89099403,1.2325218
-17.630002,0.85963289,0.94140758,2,3,0,18.734251,0.48301285,2.5050205,1.2099571,1.2950634,-1.4111751,-1.4076327,-1.7658868,-2.0743244,-1.3976728,-1.4111751,-1.4186526,-1.7314605,-1.4186526,-2.2830538,8,4,2,8,3,6,6,5,8,7,6,5,5,7,3,7,4,5,5,2,-0.84116289,0.57950341,1.0020534,0.58069335,0.42136003
-17.901175,0.96972275,0.94140758,2,3,0,19.356394,0.079090121,3.5455097,0.28041479,3.2650949,-1.2976816,-1.6539703,-1.3014648,-1.4161209,-1.3637342,-1.2976816,-1.3467474,-1.3972474,-1.3467474,-1.1510348,2,6,7,8,4,5,6,5,6,1,7,6,3,4,4,5,6,6,6,3,-2.9748663,0.39107683,1.5350643,0.60032806,0.9347362
-17.504194,0.93336464,0.94140758,2,3,0,18.809615,0.47424987,2.2572297,1.0704909,1.1867388,-1.4115661,-1.4227015,-1.7512479,-2.0433087,-1.4080394,-1.4115661,-1.4278108,-1.7244195,-1.4278108,-2.2345131,2,6,1,4,4,5,6,6,3,5,6,3,2,6,2,7,6,8,2,2,-0.66639799,0.4532163,0.95749047,0.43395029,0.52354018
# 
#  Elapsed Time: 0.011 seconds (Warm-up)
#                0.015 seconds (Sampling)
#                0.026 seconds (Total)
# 
