# stan_version_major = 2
# stan_version_minor = 38
# stan_version_patch = 0
# model = WeightedAgent_model
# start_datetime = 2026-05-20 08:34:23 UTC
# method = sample (Default)
#   sample
#     num_samples = 1100
#     num_warmup = 300
#     save_warmup = true
#     thin = 1 (Default)
#     adapt
#       engaged = true (Default)
#       gamma = 0.05 (Default)
#       delta = 0.8 (Default)
#       kappa = 0.75 (Default)
#       t0 = 10 (Default)
#       init_buffer = 75 (Default)
#       term_buffer = 50 (Default)
#       window = 25 (Default)
#       save_metric = false (Default)
#     algorithm = hmc (Default)
#       hmc
#         engine = nuts (Default)
#           nuts
#             max_depth = 10 (Default)
#         metric = diag_e (Default)
#         metric_file =  (Default)
#         stepsize = 1 (Default)
#         stepsize_jitter = 0 (Default)
#     num_chains = 1 (Default)
# id = 2
# data
#   file = /var/folders/7_/txf_yc3n3ws8m_z7jz1j51nr0000gn/T/RtmpEolbn8/standata-14bad287b43.json
# init = 2 (Default)
# random
#   seed = 593005552
# output
#   file = /Users/magnusseverin/Documents/GitHub/Advanced_Cognitive_Modeling/Assignment03/src/simmodels/temp/WeightedAgent-202605201034-2-60618b.csv
#   diagnostic_file =  (Default)
#   refresh = 0
#   sig_figs = 8 (Default)
#   profile_file = /Users/magnusseverin/Documents/GitHub/Advanced_Cognitive_Modeling/Assignment03/src/simmodels/temp/WeightedAgent-profile-202605201034-2-091af4.csv
#   save_cmdstan_config = false (Default)
# num_threads = 1 (Default)
# stanc_version = stanc3 v2.38.0
# stancflags = --name=WeightedAgent_model
lp__,accept_stat__,stepsize__,treedepth__,n_leapfrog__,divergent__,energy__,rho,kappa,weight_direct,weight_social,log_lik.1,log_lik.2,log_lik.3,log_lik.4,log_lik.5,log_lik.6,log_lik.7,log_lik.8,log_lik.9,log_lik.10,prior_pred.1,prior_pred.2,prior_pred.3,prior_pred.4,prior_pred.5,prior_pred.6,prior_pred.7,prior_pred.8,prior_pred.9,prior_pred.10,posterior_pred.1,posterior_pred.2,posterior_pred.3,posterior_pred.4,posterior_pred.5,posterior_pred.6,posterior_pred.7,posterior_pred.8,posterior_pred.9,posterior_pred.10,lprior,rho_prior,kappa_prior,wd_prior,ws_prior
-19.163609,0.77596851,1,2,3,0,23.774501,0.81218348,7.6574804,6.2192791,1.4382013,-1.4480037,-1.5111718,-1.2792438,-0.53701899,-1.0385749,-1.2823125,-1.5111718,-1.4788338,-1.1989128,-2.078891,4,7,3,6,7,4,3,3,4,8,5,1,3,8,7,5,2,7,3,7,-5.9548385,0.062585489,1.5750251,0.098573714,1.4764514
-19.163609,0,9.5724719,0,1,1,20.006098,0.81218348,7.6574804,6.2192791,1.4382013,-1.4480037,-1.5111718,-1.2792438,-0.53701899,-1.0385749,-1.2823125,-1.5111718,-1.4788338,-1.1989128,-2.078891,5,5,2,7,7,7,1,3,2,7,6,2,5,8,8,4,4,6,3,8,-5.9548385,0.49714633,2.1674601,1.0775448,1.0899153
-19.163609,2.2318662e-07,1.4337942,1,3,1,20.40432,0.81218348,7.6574804,6.2192791,1.4382013,-1.4480037,-1.5111718,-1.2792438,-0.53701899,-1.0385749,-1.2823125,-1.5111718,-1.4788338,-1.1989128,-2.078891,4,3,3,8,6,5,2,4,5,6,5,2,4,7,8,2,3,7,2,7,-5.9548385,0.60100949,1.2813861,0.77012519,0.51126087
-17.815768,0.99726319,0.13199905,3,7,0,20.537342,0.6795606,4.6450245,3.1565756,1.4884489,-1.586598,-1.782296,-1.3186361,-0.90231826,-1.2008087,-1.3627243,-1.782296,-1.3789997,-1.2555637,-2.3426369,7,2,5,7,5,3,5,7,5,8,6,5,2,7,6,3,3,6,3,8,-2.9143157,0.55433641,3.3556571,1.8601629,1.4954942
-16.535512,1,0.16967081,3,7,0,18.122539,0.87946476,1.8752827,1.6492451,0.22603765,-1.4793604,-1.4311752,-1.4164122,-0.45343371,-1.1224307,-1.4117679,-1.4311752,-1.630278,-1.3290423,-1.8996034,7,6,2,6,5,2,3,4,4,7,3,2,4,8,6,4,1,4,3,7,-1.3153378,0.50254144,3.0756658,1.5456495,1.5300163
-16.654692,0.99875085,0.25796518,3,7,0,16.83337,0.90457285,2.226126,2.0136932,0.21243286,-1.4470589,-1.3861816,-1.395807,-0.37827976,-1.0910599,-1.3899594,-1.3861816,-1.6475437,-1.3061834,-1.8700886,6,4,2,7,7,3,4,3,5,6,5,3,4,8,8,2,6,6,2,7,-1.7069269,0.53242993,2.12509,1.1314615,0.99362847
-17.184931,0.92155697,0.42953074,2,3,0,17.749676,0.93005863,3.1182922,2.9001946,0.21809761,-1.4024739,-1.3320611,-1.3611204,-0.28628629,-1.0466316,-1.3548288,-1.3320611,-1.6658288,-1.2689298,-1.8409479,4,4,3,7,7,5,6,5,2,7,8,2,4,8,7,6,2,3,5,7,-2.6984407,0.37560262,2.4956046,0.93735565,1.558249
-17.430773,0.89435302,0.59517063,3,7,0,17.915092,0.64847139,3.6072659,2.3392088,1.2680572,-1.624068,-1.8416892,-1.3453168,-0.98706132,-1.2538991,-1.4011445,-1.8416892,-1.3791786,-1.2856463,-2.3841102,7,6,6,7,5,6,2,4,6,7,6,3,2,7,6,5,5,4,2,7,-1.8913186,0.51284731,0.91966202,0.47164619,0.44801583
-16.297147,0.95608856,0.77909545,2,3,0,17.816532,0.79313766,1.8133329,1.4382226,0.37511029,-1.5385305,-1.5603547,-1.4162357,-0.65189764,-1.1733874,-1.4217932,-1.5603547,-1.549929,-1.3369575,-2.0195539,4,1,3,7,5,4,2,5,4,8,6,3,2,6,4,7,5,3,3,5,-0.85585902,0.6687131,1.7030359,1.1388424,0.56419349
-16.297147,8.955142e-06,1.2597927,1,1,0,17.744867,0.79313766,1.8133329,1.4382226,0.37511029,-1.5385305,-1.5603547,-1.4162357,-0.65189764,-1.1733874,-1.4217932,-1.5603547,-1.549929,-1.3369575,-2.0195539,4,2,7,6,2,2,4,3,6,8,8,4,4,7,5,3,4,7,3,6,-0.85585902,0.090487453,0.94260315,0.085293758,0.85730939
-16.974685,0.99467089,0.10008636,4,31,0,18.057993,0.71208321,1.3972469,0.99495608,0.40229084,-1.6191904,-1.6929879,-1.4624798,-0.8520539,-1.2726567,-1.4852573,-1.6929879,-1.5271546,-1.3907021,-2.1186436,5,3,5,4,4,6,6,2,6,7,2,3,5,8,6,6,6,4,6,6,-0.61043011,0.43544165,1.760653,0.76666166,0.99399138
-16.566385,0.99459866,0.18607721,3,15,0,18.311406,0.8965746,2.7464967,2.4624392,0.28405751,-1.4336033,-1.3866038,-1.3688517,-0.37663725,-1.0680952,-1.3628547,-1.3866038,-1.6258999,-1.2796836,-1.8861574,4,7,6,7,7,3,1,3,4,7,8,2,3,8,8,6,5,4,3,8,-2.0236416,0.5094313,4.6500843,2.3688985,2.2811858
-16.193461,0.96979891,0.34757486,3,7,0,16.993442,0.76583795,2.2337849,1.7107172,0.52306765,-1.5418318,-1.6019599,-1.3865546,-0.70228973,-1.1685134,-1.3982742,-1.6019599,-1.5052639,-1.3106018,-2.0806836,2,4,6,4,4,2,7,3,4,8,7,3,2,8,7,7,3,4,3,5,-0.98069855,0.054056531,1.940811,0.10491351,1.8358975
-16.285533,0.65372949,0.60075943,2,3,0,17.356098,0.77163947,1.8795969,1.4503712,0.42922575,-1.5506607,-1.5940693,-1.4109027,-0.69889697,-1.1844007,-1.4207853,-1.5940693,-1.528331,-1.3339256,-2.055614,3,6,2,5,7,6,3,2,3,8,6,3,4,6,8,4,3,6,2,8,-0.80886702,0.35859543,1.8997532,0.68124281,1.2185104
-17.26996,0.75111376,0.38666404,2,3,0,18.633288,0.71238119,4.2205121,3.0066134,1.2138987,-1.5569453,-1.7095661,-1.3218909,-0.8157459,-1.1671033,-1.3523397,-1.7095661,-1.4091516,-1.2540525,-2.2535959,5,2,3,8,8,4,1,7,4,5,7,6,5,4,7,5,5,5,2,8,-2.5746979,0.97150253,3.207563,3.1161555,0.091407436
-16.60679,0.99113064,0.33920291,2,3,0,17.55536,0.79102139,3.7304765,2.9508867,0.77958979,-1.4918363,-1.5541063,-1.3287698,-0.61560069,-1.0992582,-1.3358352,-1.5541063,-1.4872163,-1.2506854,-2.0782088,5,3,7,6,4,1,2,3,4,8,6,5,6,6,7,1,3,3,5,6,-2.3277487,0.21347645,1.1141373,0.23784209,0.87629526
-16.172794,0.93322583,0.62523846,2,3,0,17.232826,0.77499938,2.2118981,1.7142196,0.49767845,-1.5355608,-1.5863846,-1.387692,-0.68096634,-1.1622378,-1.3973025,-1.5863846,-1.513872,-1.3107048,-2.0642841,5,5,2,5,7,6,4,1,3,6,5,4,3,8,7,3,4,8,3,7,-0.99471058,0.60769225,1.6842695,1.0235175,0.66075195
-16.172794,0.42633555,0.95866414,1,1,0,16.757177,0.77499938,2.2118981,1.7142196,0.49767845,-1.5355608,-1.5863846,-1.387692,-0.68096634,-1.1622378,-1.3973025,-1.5863846,-1.513872,-1.3107048,-2.0642841,4,5,1,7,7,7,4,2,6,8,5,2,3,7,7,5,3,3,3,7,-0.99471058,0.3431175,2.7029924,0.927444,1.7755484
-16.627928,0.97780216,0.31461759,3,7,0,16.80526,0.8968024,2.9817048,2.674,0.30770477,-1.4270869,-1.3826181,-1.3598142,-0.36912308,-1.0591044,-1.3536875,-1.3826181,-1.6221734,-1.270538,-1.8881153,6,7,5,5,4,2,5,5,5,8,7,2,4,8,5,3,3,5,4,8,-2.2255142,0.072820403,7.9236409,0.57700272,7.3466382
-17.627036,0.7072002,0.55203701,2,3,0,17.985983,0.88742572,1.2049089,1.0692671,0.13564175,-1.5294755,-1.454156,-1.492136,-0.49322642,-1.1916696,-1.4879351,-1.454156,-1.680358,-1.4042244,-1.8849451,8,7,5,5,4,3,5,4,3,8,4,1,3,7,5,5,2,5,2,6,-1.4375857,0.29887428,1.7374861,0.5192899,1.2181962
-17.530295,0.84039177,0.42869825,2,3,0,20.247674,0.75534232,1.1007964,0.83147808,0.26931828,-1.6155267,-1.6315669,-1.5052978,-0.77569876,-1.2752834,-1.5164716,-1.6315669,-1.5906127,-1.4282554,-2.0359357,4,6,7,5,5,3,3,2,1,8,5,4,4,6,7,3,2,4,2,6,-0.93163385,0.32697968,1.3750516,0.44961392,0.92543764
-17.166343,1,0.49596278,1,1,0,17.640952,0.72997102,1.2601631,0.91988256,0.34028057,-1.6167169,-1.6654827,-1.4800997,-0.81894879,-1.2725753,-1.4975263,-1.6654827,-1.5535839,-1.4060349,-2.0811924,2,3,2,6,7,5,1,8,3,7,6,2,3,8,1,5,3,6,4,8,-0.7159638,0.78497961,0.80748196,0.63385687,0.17362509
-17.444327,0.28329485,0.91433186,2,3,0,18.725557,0.91772884,1.4767951,1.3552974,0.12149765,-1.486045,-1.3993594,-1.459374,-0.40037771,-1.1485713,-1.45423,-1.3993594,-1.6918208,-1.3691751,-1.8508572,2,4,5,5,7,1,5,3,3,8,6,2,6,5,7,2,3,4,3,7,-1.591443,0.1832024,2.3494846,0.43043122,1.9190534
-16.855576,0.99675968,0.20782832,3,7,0,17.762673,0.88092519,1.5603932,1.3745897,0.18580352,-1.4990681,-1.4412186,-1.4454122,-0.47162291,-1.1496184,-1.4410017,-1.4412186,-1.647652,-1.3579865,-1.8939576,5,5,1,6,3,3,4,4,6,7,5,3,6,6,8,2,3,6,5,7,-1.2569714,0.57519238,1.9139764,1.1009046,0.81307174
-16.546678,1,0.37871819,2,3,0,16.825915,0.86833628,1.751413,1.5208155,0.23059756,-1.4933087,-1.4506589,-1.4255909,-0.48570294,-1.1366823,-1.4217428,-1.4506589,-1.6241549,-1.3391976,-1.9123557,4,4,3,7,5,6,4,6,2,6,5,5,5,8,8,5,2,6,3,7,-1.1983666,0.58537118,3.6846053,2.1568618,1.5277435
-16.154355,0.98707134,0.68964475,2,3,0,16.645976,0.79909044,2.6428821,2.1119018,0.53098028,-1.5049355,-1.5430407,-1.3651374,-0.61263286,-1.1244597,-1.3701138,-1.5430407,-1.5196208,-1.2857683,-2.0378372,3,4,4,8,6,3,3,6,3,5,7,3,6,6,5,7,4,6,2,7,-1.3904563,0.5943199,2.7309702,1.6230699,1.1079003
-16.154355,0.42332532,1.1985942,1,3,0,16.223274,0.79909044,2.6428821,2.1119018,0.53098028,-1.5049355,-1.5430407,-1.3651374,-0.61263286,-1.1244597,-1.3701138,-1.5430407,-1.5196208,-1.2857683,-2.0378372,8,2,3,7,5,5,3,3,6,3,2,3,5,8,8,7,2,5,3,7,-1.3904563,0.61069268,1.2730119,0.77741902,0.49559283
-20.985477,0.64982066,0.42366507,2,3,0,21.402271,0.53262759,6.4461651,3.4334053,3.0127597,-1.7513879,-2.1577823,-1.3376617,-1.3202863,-1.4126775,-1.4711614,-2.1577823,-1.2936681,-1.297475,-2.8310567,5,3,6,7,6,4,2,4,2,6,7,7,6,7,7,3,6,4,6,8,-4.427462,0.4109749,2.3627649,0.97103704,1.3917278
-21.346952,0.96720741,0.28640381,1,1,0,21.645889,0.5368506,7.0276316,3.7727882,3.2548434,-1.7463335,-2.1516008,-1.3316223,-1.309836,-1.4040167,-1.4633155,-2.1516008,-1.2897171,-1.2911764,-2.8316167,3,4,5,8,8,5,3,3,5,8,3,4,1,7,6,1,3,5,4,8,-4.9342254,0.76061365,0.61614989,0.46865201,0.14749787
-19.850426,1,0.46824484,3,7,0,21.648005,0.87906799,0.72890971,0.6407612,0.088148516,-1.616047,-1.5184722,-1.5990256,-0.59428463,-1.2964808,-1.5961514,-1.5184722,-1.7411964,-1.5111956,-1.9046428,5,7,2,7,5,3,4,4,5,8,5,2,6,8,6,1,3,5,3,6,-2.3968316,0.45821282,1.7778228,0.81462119,0.9632016
-19.850426,0.76670849,0.83066071,1,3,0,20.178047,0.87906799,0.72890971,0.6407612,0.088148516,-1.616047,-1.5184722,-1.5990256,-0.59428463,-1.2964808,-1.5961514,-1.5184722,-1.7411964,-1.5111956,-1.9046428,3,5,3,5,7,2,2,7,4,8,6,1,5,3,4,3,2,4,5,8,-2.3968316,0.17157802,10.375304,1.7801741,8.5951296
-17.13187,0.79001985,0.77461219,2,3,0,18.933924,0.67281438,3.4820815,2.3427945,1.139287,-1.6009166,-1.7877388,-1.3443165,-0.92278435,-1.225321,-1.3889988,-1.7877388,-1.3963685,-1.2812034,-2.3205213,4,1,5,5,4,4,4,6,3,6,4,4,2,7,6,4,3,3,2,7,-1.8100785,0.34796315,1.967401,0.68458305,1.2828179
-16.289236,0.8605187,0.77002817,2,3,0,17.408978,0.79640236,1.8227394,1.4516339,0.37110542,-1.535809,-1.5550975,-1.4154768,-0.64403134,-1.1704591,-1.4204601,-1.5550975,-1.5521347,-1.3358772,-2.0150142,4,2,3,7,6,5,2,3,2,6,8,5,6,6,8,2,3,3,2,5,-0.8708589,0.64506664,2.8483582,1.8373808,1.0109773
-16.289236,1.8975546e-07,0.92419565,2,3,0,22.532071,0.79640236,1.8227394,1.4516339,0.37110542,-1.535809,-1.5550975,-1.4154768,-0.64403134,-1.1704591,-1.4204601,-1.5550975,-1.5521347,-1.3358772,-2.0150142,2,4,4,8,5,4,4,6,5,6,3,5,4,8,7,5,6,3,4,5,-0.8708589,0.42334365,1.4810177,0.62697945,0.85403829
-16.306867,0.99928406,0.11303555,3,7,0,16.389074,0.80793863,1.7986735,1.4532178,0.34545571,-1.5291621,-1.5376173,-1.4177321,-0.61878285,-1.1646565,-1.420769,-1.5376173,-1.563569,-1.3369596,-1.9970368,7,6,3,7,6,3,5,5,2,8,6,3,6,8,8,1,2,7,3,8,-0.90680428,0.71007753,2.2469421,1.5955031,0.65143902
-16.726511,0.9735671,0.19781232,2,7,0,17.995404,0.84988264,1.5058598,1.2798041,0.2260557,-1.5212359,-1.4851003,-1.4485932,-0.54301705,-1.1678996,-1.4464244,-1.4851003,-1.6206863,-1.3637631,-1.931603,1,8,4,7,7,5,4,5,2,8,5,3,3,8,5,6,5,7,4,8,-1.0634566,0.65009907,0.93651648,0.60882849,0.32768799
-16.421975,0.91770168,0.32084136,2,3,0,17.852149,0.80751974,1.6645635,1.3441679,0.32039562,-1.5369099,-1.5409347,-1.4299339,-0.62632505,-1.1757928,-1.4329698,-1.5409347,-1.5716755,-1.3490891,-1.9928728,3,5,7,8,4,5,4,6,6,8,2,5,4,7,7,7,4,4,2,3,-0.87255062,0.44573361,1.4801717,0.65976227,0.82040942
-16.585074,0.97149399,0.44690802,2,7,0,17.653202,0.89320587,2.0223731,1.8063956,0.21597757,-1.4633419,-1.407635,-1.4072207,-0.41434074,-1.1071624,-1.4018363,-1.407635,-1.640145,-1.3186385,-1.8832584,5,4,5,8,5,3,6,6,1,7,6,4,3,8,7,3,2,8,4,7,-1.4883416,0.62367934,2.6303677,1.640506,0.98986171
-16.64471,0.90230052,0.71104462,2,3,0,17.711367,0.88308192,1.7717796,1.5646265,0.20715306,-1.4832815,-1.4297333,-1.425391,-0.45173553,-1.1293729,-1.4206553,-1.4297333,-1.6388222,-1.3377423,-1.8936117,6,3,5,8,6,5,5,7,4,7,5,3,4,8,7,6,4,5,2,7,-1.3059962,0.60345438,2.8395699,1.7135509,1.126019
-16.878407,0.77301755,0.94161365,2,3,0,17.016909,0.67912891,3.0962939,2.1027827,0.9935112,-1.5987613,-1.7705813,-1.3550779,-0.90762946,-1.2255803,-1.3961174,-1.7705813,-1.4106923,-1.2906776,-2.2893158,4,3,4,8,5,8,4,3,8,4,2,2,4,8,7,6,3,4,5,7,-1.4699385,0.61482526,0.9837349,0.60482506,0.37890984
-16.878407,0.11781973,0.8952395,2,3,0,17.917025,0.67912891,3.0962939,2.1027827,0.9935112,-1.5987613,-1.7705813,-1.3550779,-0.90762946,-1.2255803,-1.3961174,-1.7705813,-1.4106923,-1.2906776,-2.2893158,5,1,5,8,7,4,3,7,1,8,5,3,4,8,3,5,4,2,6,8,-1.4699385,0.88984472,1.8768611,1.6701149,0.20674616
-16.975576,0.99733538,0.16435748,4,15,0,17.503047,0.76958037,1.3047328,1.0040968,0.30063604,-1.5870434,-1.605544,-1.4720565,-0.73081698,-1.2376551,-1.4811766,-1.605544,-1.5736447,-1.3942902,-2.0293345,2,6,4,6,4,4,6,4,5,8,7,1,2,8,7,5,6,3,4,7,-0.79470559,0.20991975,3.4066177,0.71511635,2.6915014
-16.871725,0.99867004,0.27701857,2,7,0,17.207951,0.80087541,1.3495916,1.0808547,0.26873688,-1.5635495,-1.5591457,-1.4657909,-0.66039192,-1.2118407,-1.4696232,-1.5591457,-1.5919058,-1.3851902,-1.9899202,4,4,5,8,7,3,6,5,1,8,6,5,2,8,8,7,5,7,4,6,-0.87914917,0.45468327,0.76174078,0.34635078,0.41538999
-17.229324,0.74738372,0.46485159,2,3,0,19.36486,0.86036918,4.672373,4.0199658,0.65240726,-1.425935,-1.4277342,-1.3139747,-0.42960675,-1.0349792,-1.3097848,-1.4277342,-1.5557413,-1.2279878,-1.9635483,5,5,6,2,3,3,5,2,5,7,5,2,4,8,7,2,2,5,5,6,-3.5348181,0.17039818,1.0329923,0.17602001,0.8569723
-16.841355,0.90154967,0.41757301,3,7,0,18.389813,0.6575904,1.9564906,1.2865694,0.66992115,-1.6383389,-1.7963691,-1.4149527,-0.96807684,-1.2880045,-1.4593279,-1.7963691,-1.4499206,-1.3510431,-2.2621116,6,5,5,7,6,5,3,7,4,8,6,1,5,8,7,5,2,4,3,8,-0.59707241,0.71809627,2.0561672,1.476526,0.57964121
-16.136152,0.86332234,0.54712826,2,3,0,18.276075,0.81395761,2.2321361,1.8168642,0.41527194,-1.5063216,-1.521819,-1.3868806,-0.58810866,-1.1330704,-1.3891034,-1.521819,-1.5481564,-1.3057489,-2.001719,3,5,4,7,7,3,5,4,3,7,5,4,3,6,3,3,3,7,4,6,-1.1487359,0.39499411,2.9271279,1.1561982,1.7709296
-17.717144,0.41171454,0.65094092,2,7,0,19.092484,0.95241143,2.8515079,2.7158087,0.13569919,-1.3963276,-1.3062666,-1.3754292,-0.24232252,-1.0543929,-1.3702859,-1.3062666,-1.7012503,-1.2816895,-1.8094139,6,5,3,5,4,3,4,1,1,7,6,4,5,8,8,7,4,4,4,5,-2.8274259,0.5742387,1.5885706,0.91221874,0.67635191
-17.882645,0.99506962,0.26068491,3,7,0,18.122738,0.95402512,3.2055278,3.0581541,0.14737376,-1.3858337,-1.297364,-1.3637078,-0.22715027,-1.0420522,-1.3585324,-1.297364,-1.7004334,-1.2696213,-1.8080462,3,1,5,7,4,4,3,7,3,6,5,3,5,8,7,2,2,4,2,7,-3.1706916,0.77262724,1.2161644,0.93964178,0.27652266
-16.566448,0.97686024,0.42593722,2,7,0,18.359511,0.85911033,1.6715368,1.4360345,0.23550227,-1.5039391,-1.4661956,-1.4320934,-0.51122428,-1.1475667,-1.429007,-1.4661956,-1.6190558,-1.3464999,-1.9229946,4,5,3,7,5,5,5,3,2,7,5,2,1,5,5,7,1,6,7,8,-1.1237828,0.41996545,1.1251761,0.47253508,0.65264099
-17.036318,0.81290443,0.66202344,2,3,0,17.2944,0.83812042,1.3084136,1.0966082,0.21180545,-1.5450743,-1.5097199,-1.4727614,-0.58445714,-1.1965915,-1.4718475,-1.5097199,-1.6262694,-1.388819,-1.9419192,4,6,5,7,4,4,6,3,2,6,4,1,4,8,8,5,5,4,3,7,-1.0604582,0.36110481,3.1983186,1.1549282,2.0433904
-16.134028,1,0.69496572,1,1,0,16.536442,0.82328451,2.3805202,1.9598454,0.42067478,-1.4946402,-1.5050852,-1.3788522,-0.56142286,-1.1195314,-1.3796568,-1.5050852,-1.5518656,-1.2968067,-1.9910426,6,2,4,7,4,4,8,4,5,8,7,4,4,6,3,5,5,5,1,4,-1.2896903,0.43739619,2.1655923,0.94722182,1.2183705
-16.134028,5.8027503e-13,1.1297683,1,1,0,19.920012,0.82328451,2.3805202,1.9598454,0.42067478,-1.4946402,-1.5050852,-1.3788522,-0.56142286,-1.1195314,-1.3796568,-1.5050852,-1.5518656,-1.2968067,-1.9910426,4,6,5,3,6,4,6,4,4,8,4,4,5,8,6,4,3,6,3,5,-1.2896903,0.31122192,2.5258337,0.7860948,1.7397389
-17.315177,0.94584923,0.17823046,2,7,0,18.677933,0.79338881,4.8858453,3.876375,1.0094703,-1.4784396,-1.5487123,-1.3064382,-0.59948394,-1.0780984,-1.3132838,-1.5487123,-1.4748462,-1.228286,-2.0925328,6,4,4,4,5,3,4,2,4,8,5,4,3,8,7,6,2,3,1,7,-3.4243277,0.34857432,1.2549785,0.43745327,0.81752523
-16.619622,0.96009501,0.25625001,2,7,0,18.884193,0.78090029,1.5031123,1.1737808,0.32933148,-1.5647323,-1.5843981,-1.4466762,-0.69427117,-1.2082216,-1.4540865,-1.5843981,-1.5624965,-1.3682164,-2.0238757,3,8,5,7,8,3,2,5,2,6,4,3,4,8,6,6,2,4,5,7,-0.77025126,0.56607907,1.4147953,0.80088601,0.61390929
-16.649124,0.97255594,0.37886482,3,7,0,17.139569,0.87259035,3.5470249,3.0950997,0.4519252,-1.4318191,-1.4140199,-1.3389066,-0.41487789,-1.0514243,-1.3338643,-1.4140199,-1.5829089,-1.2517915,-1.9316153,4,3,4,5,7,5,1,5,4,8,3,2,6,8,8,4,2,6,2,7,-2.5533489,0.54003045,2.2141843,1.1957269,1.0184574
-16.673321,0.98399437,0.57340286,2,3,0,17.001243,0.82720074,3.890965,3.2186091,0.67235587,-1.4605872,-1.4885001,-1.3261836,-0.52229122,-1.068997,-1.3264119,-1.4885001,-1.5236403,-1.2439021,-2.0138032,2,4,6,6,7,6,3,6,4,7,5,2,4,8,5,6,4,3,6,6,-2.6238288,0.3920588,2.3460453,0.91978772,1.4262576
-17.043986,0.3196416,0.88595141,2,3,0,17.524549,0.89330879,3.9808732,3.556149,0.42472416,-1.4102783,-1.3774038,-1.3314531,-0.35648864,-1.0329135,-1.3250693,-1.3774038,-1.6055985,-1.2422044,-1.9021992,4,4,3,4,6,2,4,4,5,6,6,2,2,8,8,4,4,7,2,6,-3.113835,0.15042345,2.4325044,0.36590569,2.0665987
-17.37778,0.96851173,0.30461195,2,3,0,17.665814,0.89134158,4.5764017,4.0791371,0.4972646,-1.4040313,-1.3765337,-1.319807,-0.35292501,-1.0224756,-1.3133489,-1.3765337,-1.5981778,-1.2306183,-1.9097566,4,5,3,6,7,4,4,3,3,7,3,6,4,8,8,4,2,4,3,8,-3.6599111,0.52786597,3.5049514,1.8501446,1.6548068
-18.500124,0.96615555,0.45386169,3,7,0,19.097037,0.60586273,1.0269512,0.62219143,0.40475973,-1.722691,-1.8577413,-1.5346881,-1.0935751,-1.4145597,-1.5865565,-1.8577413,-1.5373002,-1.4716262,-2.2367118,4,5,5,5,6,1,6,1,5,4,5,6,3,8,7,3,2,5,6,8,-0.78136942,0.24014067,1.2861684,0.30886136,0.97730709
-18.695923,0.4927395,0.66940059,2,3,0,20.363751,0.90583952,6.3446361,5.7472221,0.597414,-1.378753,-1.3450107,-1.3004551,-0.29976227,-0.9958262,-1.2932102,-1.3450107,-1.61114,-1.2095215,-1.894338,5,6,1,7,7,2,5,1,4,8,6,2,3,6,6,3,3,3,1,7,-5.4088571,0.18792083,1.0439125,0.1961729,0.84773957
-17.100957,1,0.34464316,2,3,0,18.915522,0.92648755,1.9763941,1.8311046,0.14528958,-1.4464992,-1.3647453,-1.4156457,-0.34243628,-1.102447,-1.4100213,-1.3647453,-1.6818177,-1.3244545,-1.8405209,7,6,4,8,7,5,1,4,3,7,6,5,2,8,8,2,4,8,4,6,-1.802243,0.83238948,0.9873214,0.82183595,0.16548545
-18.194517,0.69898426,0.54588167,1,1,0,18.224459,0.93212583,1.2544184,1.1692758,0.085142612,-1.5016957,-1.3987489,-1.4903696,-0.39592372,-1.174504,-1.4857504,-1.3987489,-1.7214038,-1.3993344,-1.8380328,5,3,6,3,6,5,6,4,6,6,5,2,2,7,8,4,6,3,4,4,-1.8562892,0.35099279,1.3833205,0.48553553,0.89778499
-17.785344,0.88742986,0.44516153,2,3,0,19.566752,0.82894562,5.6327473,4.6692412,0.96350608,-1.4431543,-1.4810872,-1.2978948,-0.50217378,-1.041974,-1.2978338,-1.4810872,-1.509308,-1.2154524,-2.0302834,7,5,2,8,8,4,4,3,2,7,5,4,3,8,6,4,3,5,1,8,-4.2603175,0.84460056,2.1586957,1.8232356,0.3354601
-17.785344,0.4246389,0.54814339,1,3,0,21.267766,0.82894562,5.6327473,4.6692412,0.96350608,-1.4431543,-1.4810872,-1.2978948,-0.50217378,-1.041974,-1.2978338,-1.4810872,-1.509308,-1.2154524,-2.0302834,6,5,3,8,6,3,2,7,4,7,3,4,4,7,5,2,4,6,2,7,-4.2603175,0.80016417,1.8517839,1.4817311,0.37005279
-16.878624,0.99440445,0.24753224,2,7,0,18.872854,0.64948672,2.1327024,1.3851619,0.74754051,-1.6411824,-1.8157787,-1.404295,-0.98694393,-1.2894641,-1.4530901,-1.8157787,-1.4348166,-1.3418617,-2.2932679,3,5,4,7,1,2,4,2,4,8,6,6,7,8,7,3,6,3,3,6,-0.6796056,0.42490903,2.0560764,0.87364543,1.182431
-16.270472,0.99972081,0.38391228,2,7,0,16.930514,0.76327383,2.7985632,2.1360701,0.66249315,-1.5296117,-1.605743,-1.3586941,-0.69750217,-1.1475874,-1.3717415,-1.605743,-1.4822485,-1.2835035,-2.1063489,4,6,4,6,5,2,2,3,2,7,6,6,5,5,6,5,2,3,3,8,-1.3998646,0.2267527,3.6263061,0.82227468,2.8040314
-16.295423,0.99790802,0.5992267,2,3,0,16.339373,0.85552205,2.0365371,1.7423024,0.2942347,-1.4861118,-1.4610567,-1.4020558,-0.49925424,-1.1211984,-1.3990609,-1.4610567,-1.5978615,-1.3168009,-1.9349352,4,4,3,5,4,3,1,2,1,7,6,1,3,8,7,3,3,7,2,7,-1.23661,0.70550266,1.5490679,1.0928715,0.45619637
-17.286821,0.38841696,0.92703615,1,1,0,17.434046,0.8574247,4.7819482,4.1001605,0.6817877,-1.4271162,-1.4323741,-1.3118968,-0.43593704,-1.0349098,-1.3080025,-1.4323741,-1.5510704,-1.2262212,-1.9697486,4,4,2,5,7,4,3,5,3,7,4,1,3,7,6,3,3,4,2,7,-3.6203116,0.85596672,1.7532704,1.5007411,0.25252928
-18.537234,0.80899879,0.39337809,1,1,0,18.550565,0.85358907,6.6733158,5.6962694,0.97704637,-1.4170704,-1.4343259,-1.2897168,-0.43212314,-1.016527,-1.2860852,-1.4343259,-1.5352478,-1.204358,-1.9902316,5,4,3,7,6,5,6,6,1,4,4,5,2,7,8,4,3,8,1,7,-5.315696,0.80859211,1.7528379,1.4173309,0.33550702
-17.045862,0.96999899,0.40799203,2,3,0,19.056367,0.76383846,1.276164,0.97478311,0.30138085,-1.5931595,-1.6146303,-1.4763046,-0.74503029,-1.2451711,-1.4864529,-1.6146303,-1.5729767,-1.3990117,-2.0354661,2,1,4,4,5,2,6,4,3,8,4,2,3,8,4,2,2,4,2,7,-0.79424905,0.053829211,1.8656662,0.10042734,1.7652389
-17.045862,0.68601094,0.5922951,1,3,0,18.278467,0.76383846,1.276164,0.97478311,0.30138085,-1.5931595,-1.6146303,-1.4763046,-0.74503029,-1.2451711,-1.4864529,-1.6146303,-1.5729767,-1.3990117,-2.0354661,2,2,6,4,4,2,5,5,2,7,3,1,3,8,6,5,4,4,3,6,-0.79424905,0.45760066,1.6872902,0.77210511,0.91518509
-16.768259,1,0.4743152,2,3,0,17.107456,0.73907919,3.6685198,2.7113266,0.95719315,-1.537267,-1.6531835,-1.3318777,-0.74911554,-1.1479231,-1.3526776,-1.6531835,-1.4404346,-1.2602132,-2.1805476,3,4,4,4,8,6,3,6,5,8,5,2,5,6,7,6,6,4,4,6,-2.1157354,0.65810966,1.8410007,1.2115804,0.62942038
-16.768259,0.56948428,0.7291158,1,1,0,17.837459,0.73907919,3.6685198,2.7113266,0.95719315,-1.537267,-1.6531835,-1.3318777,-0.74911554,-1.1479231,-1.3526776,-1.6531835,-1.4404346,-1.2602132,-2.1805476,1,6,5,4,5,2,8,3,6,7,6,1,4,7,8,5,4,4,3,5,-2.1157354,0.24023248,2.386493,0.57331313,1.8131799
-16.667345,0.90468445,0.45984659,2,7,0,17.678754,0.72052577,1.6042348,1.1558925,0.44834228,-1.6012014,-1.6795183,-1.4382113,-0.82589096,-1.2469806,-1.4597953,-1.6795183,-1.512083,-1.366169,-2.1214655,4,3,3,5,4,2,6,3,4,7,6,2,2,7,8,7,5,6,3,5,-0.60653881,0.49601887,3.1416872,1.5583362,1.5833511
-16.977423,0.78255764,0.57893762,2,7,0,18.239181,0.85300601,4.313888,3.6797724,0.63411558,-1.4354118,-1.4418925,-1.3194775,-0.4521828,-1.0449589,-1.3161405,-1.4418925,-1.5495702,-1.2343201,-1.9730639,3,6,3,6,4,4,6,2,2,7,8,4,6,7,6,7,5,6,4,6,-3.1539998,0.26634387,2.52146,0.67157541,1.8498846
-17.060467,0.86331735,0.56691592,1,3,0,19.031485,0.66647818,1.5219636,1.0143555,0.50760807,-1.6465264,-1.7710854,-1.4526305,-0.95205769,-1.3049108,-1.4903315,-1.7710854,-1.490152,-1.3862046,-2.2046443,5,3,5,7,7,4,5,3,2,7,6,5,3,8,7,7,6,4,1,6,-0.50704538,0.46217408,6.1086478,2.8232587,3.2853891
-16.842595,1,0.65399832,2,3,0,17.173971,0.90969327,1.9244613,1.7506695,0.17379182,-1.4588613,-1.388572,-1.4166736,-0.38301787,-1.1095306,-1.4110247,-1.388572,-1.6629479,-1.3268018,-1.8612142,4,7,6,8,7,5,2,4,6,7,4,1,7,8,6,6,2,7,3,7,-1.5908337,0.78185771,1.7603355,1.3763319,0.38400361
-18.432069,0.31977353,0.99249385,1,1,0,18.640988,0.9425824,4.8971526,4.6159698,0.28118273,-1.365365,-1.2948076,-1.3251512,-0.22177238,-1.0058389,-1.3188084,-1.2948076,-1.6736189,-1.2312085,-1.8297214,3,4,4,8,5,3,3,6,2,8,4,5,6,8,7,5,3,5,4,6,-4.5430869,0.6592211,2.2333935,1.4723001,0.76109337
-17.669356,0.87656099,0.38289864,3,7,0,19.873253,0.64818876,3.9820005,2.581088,1.4009126,-1.6220684,-1.8464976,-1.3366285,-0.98770181,-1.2490042,-1.3936321,-1.8464976,-1.3709075,-1.2774048,-2.4000716,7,5,2,6,5,4,3,5,6,8,6,4,2,6,7,2,3,2,2,7,-2.2424923,0.28047574,1.6647794,0.46693023,1.1978491
-18.703882,0.79054543,0.45338163,1,1,0,18.835771,0.63195432,5.2181346,3.2976227,1.9205119,-1.6346859,-1.8951024,-1.319547,-1.0327011,-1.259471,-1.3874024,-1.8951024,-1.3428038,-1.2636653,-2.483062,3,5,5,3,5,2,4,5,5,8,4,7,8,8,4,7,4,7,4,8,-3.3839926,0.40012707,0.59327518,0.23738546,0.35588973
-18.040317,1,0.45169818,2,3,0,19.328216,0.91621469,1.1954836,1.0953196,0.10016396,-1.5164181,-1.4216258,-1.4970608,-0.43607059,-1.1858958,-1.4923645,-1.4216258,-1.7093428,-1.4071117,-1.855146,5,3,4,8,7,7,2,6,4,8,5,3,1,7,8,6,4,6,3,4,-1.7092037,0.73842476,1.5691247,1.1586805,0.41044416
-18.182733,0.67235236,0.6810046,2,3,0,19.434616,0.85426685,6.1465152,5.2507642,0.89575101,-1.4193758,-1.4341057,-1.2946034,-0.43335064,-1.0206697,-1.2909283,-1.4341057,-1.5385185,-1.2091925,-1.9857896,5,4,4,8,6,5,2,5,2,7,6,2,2,8,6,4,1,5,4,5,-4.8544886,0.69097429,2.7923948,1.929473,0.86292177
-16.239156,0.99647926,0.53653746,2,3,0,17.710426,0.85768545,2.5141725,2.1563692,0.35780333,-1.4664251,-1.4490198,-1.3744876,-0.47586126,-1.0939651,-1.3710795,-1.4490198,-1.584439,-1.2890025,-1.9406616,5,7,2,5,7,4,5,6,4,8,6,1,4,6,6,6,4,8,4,6,-1.5639047,0.46115475,1.9034224,0.87777227,1.0256501
-16.751087,0.91397258,0.7994688,1,3,0,16.774036,0.91060164,2.7842928,2.5353816,0.24891121,-1.4235669,-1.3655198,-1.3695824,-0.34238638,-1.0626047,-1.363286,-1.3655198,-1.6435144,-1.2791764,-1.8663741,4,5,4,6,8,7,6,2,5,7,6,1,2,8,7,3,2,5,4,7,-2.1852476,0.64931132,2.6521225,1.7220531,0.93006934
-18.627607,0.086855647,1.01036,1,1,0,19.595545,0.90228095,0.97574252,0.88039389,0.09534863,-1.5548295,-1.4592008,-1.5359415,-0.49799861,-1.2281784,-1.5318063,-1.4592008,-1.718678,-1.446929,-1.8736384,5,3,5,7,6,7,5,3,5,8,7,4,5,8,6,2,5,4,3,8,-1.8681607,0.52486899,4.3376315,2.2766883,2.0609432
-17.273918,0.89157132,0.2558389,3,7,0,22.550677,0.62053189,1.6868281,1.0467306,0.6400975,-1.6780675,-1.8596064,-1.443523,-1.0586089,-1.3443025,-1.5004393,-1.8596064,-1.4548655,-1.3830141,-2.3075242,4,5,5,7,5,5,1,6,4,8,7,3,5,7,2,2,4,5,2,8,-0.46104711,0.30226808,1.7609651,0.53228354,1.2286816
-17.464726,0.98267025,0.31055871,3,15,0,18.374051,0.92954661,3.7764746,3.5104092,0.26606543,-1.38922,-1.3240373,-1.3428013,-0.27176011,-1.0283034,-1.3362362,-1.3240373,-1.6591568,-1.2503485,-1.8449825,4,4,5,6,5,4,2,4,4,8,5,4,3,8,8,7,4,3,3,7,-3.296771,0.57155142,1.4885352,0.8507744,0.63776078
-16.417363,0.99060524,0.4483403,2,3,0,17.558871,0.81238026,1.6732422,1.3593089,0.31393326,-1.5332033,-1.5334648,-1.4292292,-0.61497725,-1.1720406,-1.4315308,-1.5334648,-1.5752969,-1.3479238,-1.9863083,5,2,5,6,6,3,6,4,5,7,5,4,6,7,7,3,3,5,4,8,-0.89356154,0.13700301,2.4306555,0.33300712,2.0976483
-16.417363,0.39753278,0.65492991,1,3,0,18.730363,0.81238026,1.6732422,1.3593089,0.31393326,-1.5332033,-1.5334648,-1.4292292,-0.61497725,-1.1720406,-1.4315308,-1.5334648,-1.5752969,-1.3479238,-1.9863083,8,4,4,7,8,3,2,5,2,7,6,4,5,8,8,6,2,3,5,7,-0.89356154,0.92289141,2.3662917,2.1838303,0.18246141
-17.679405,0.90000315,0.30788606,2,3,0,18.153674,0.79725194,1.0520563,0.83875389,0.21330237,-1.5967202,-1.577049,-1.5140628,-0.69439864,-1.2567229,-1.5180785,-1.577049,-1.6251181,-1.4331706,-1.9828947,3,8,3,6,6,3,5,2,4,8,6,3,6,7,7,4,4,5,3,6,-1.1325112,0.25765895,2.9590944,0.76243715,2.1966573
-16.547592,0.99294935,0.37803022,2,3,0,17.958936,0.73009747,1.6886785,1.2328999,0.4557786,-1.5899248,-1.6636196,-1.4292287,-0.80127789,-1.232066,-1.4485888,-1.6636196,-1.5112815,-1.3563635,-2.1117882,6,1,6,7,8,6,3,7,4,6,6,3,5,8,7,7,2,5,4,8,-0.63950766,0.91346369,3.723561,3.4013378,0.32222324
-16.516379,0.99864742,0.55220319,2,3,0,16.807245,0.72827598,3.0427853,2.2159874,0.82679785,-1.5548733,-1.6719616,-1.3513594,-0.78212998,-1.1732156,-1.3746943,-1.6719616,-1.4464993,-1.2806135,-2.1827791,3,2,1,5,7,3,1,6,6,8,7,5,6,7,6,3,4,4,3,5,-1.5190209,0.50800082,1.2871998,0.65389854,0.63330124
-16.974482,0.70518175,0.81256578,1,1,0,17.306074,0.72792841,3.9119525,2.8476214,1.0643311,-1.544932,-1.6763014,-1.3268965,-0.77642809,-1.1549649,-1.3515509,-1.6763014,-1.4266819,-1.2568157,-2.2109073,6,6,6,6,6,3,5,5,2,8,5,4,2,8,7,2,3,3,2,7,-2.3174964,0.033868924,1.7227722,0.058348441,1.6644238
-16.634683,1,0.68783007,2,3,0,16.987128,0.8151918,1.4972413,1.2205388,0.27670246,-1.5430223,-1.5340034,-1.4477811,-0.61915228,-1.1869422,-1.4496169,-1.5340034,-1.5904618,-1.3660501,-1.9764336,3,7,3,5,6,4,3,1,1,7,6,4,3,6,8,5,1,4,3,8,-0.89807181,0.37049179,0.86185757,0.31931115,0.54254642
-16.634683,0.18302462,1.0102608,2,3,0,18.861669,0.8151918,1.4972413,1.2205388,0.27670246,-1.5430223,-1.5340034,-1.4477811,-0.61915228,-1.1869422,-1.4496169,-1.5340034,-1.5904618,-1.3660501,-1.9764336,6,1,5,4,5,8,3,3,5,7,6,4,4,5,6,5,1,6,4,5,-0.89807181,0.60967511,1.4117515,0.86070974,0.55104174
-16.621042,0.99860648,0.32450984,3,7,0,17.014107,0.89191876,3.1146142,2.7779829,0.33663137,-1.4271274,-1.3882,-1.3544688,-0.37730503,-1.0562214,-1.3484575,-1.3882,-1.6137779,-1.2655946,-1.896729,7,4,3,7,7,2,7,3,4,8,5,4,4,8,7,6,5,7,2,5,-2.3018133,0.53186487,2.8648888,1.5237337,1.3411551
-17.257967,0.90353376,0.47532017,2,7,0,18.854676,0.76455045,4.6574993,3.5608932,1.0966061,-1.5054984,-1.6047239,-1.3103537,-0.67619209,-1.1068968,-1.3243881,-1.6047239,-1.4481501,-1.2358139,-2.1485723,4,5,8,8,5,1,5,2,3,8,4,3,5,7,7,5,5,3,3,8,-3.1164071,0.094788907,4.5500572,0.43129495,4.1187622
-16.871531,1,0.58252838,2,3,0,17.366965,0.75329234,1.3739505,1.0349864,0.33896411,-1.5922544,-1.6285252,-1.463064,-0.76208149,-1.2415379,-1.4757001,-1.6285252,-1.5551252,-1.3870465,-2.0559973,6,2,3,8,7,5,2,2,3,8,5,6,6,8,7,6,2,4,5,6,-0.71651109,0.45209378,1.5761451,0.71256538,0.86357968
-16.871531,0.016070023,0.85053713,1,1,0,19.578565,0.75329234,1.3739505,1.0349864,0.33896411,-1.5922544,-1.6285252,-1.463064,-0.76208149,-1.2415379,-1.4757001,-1.6285252,-1.5551252,-1.3870465,-2.0559973,4,4,6,8,7,2,4,3,4,8,4,6,6,8,4,5,2,3,3,6,-0.71651109,0.43811666,5.3072939,2.3252139,2.98208
-17.045775,0.99108366,0.20537909,3,15,0,18.106075,0.84681391,1.3207996,1.1184715,0.20232812,-1.5389263,-1.4976189,-1.4715475,-0.56499244,-1.1908992,-1.4697853,-1.4976189,-1.6326857,-1.3868821,-1.9317341,2,5,3,8,7,5,5,4,3,7,5,2,2,6,8,4,4,4,3,6,-1.0989457,0.8504682,2.3861316,2.029329,0.35680256
-17.045775,1.7106938e-15,2.362912,1,3,1,21.094715,0.84681391,1.3207996,1.1184715,0.20232812,-1.5389263,-1.4976189,-1.4715475,-0.56499244,-1.1908992,-1.4697853,-1.4976189,-1.6326857,-1.3868821,-1.9317341,4,4,5,5,7,2,2,3,3,7,6,2,4,7,7,5,6,3,4,5,-1.0989457,0.46667758,1.8074554,0.84349892,0.96395649
-17.045775,0,5.5175527,0,1,1,17.126675,0.84681391,1.3207996,1.1184715,0.20232812,-1.5389263,-1.4976189,-1.4715475,-0.56499244,-1.1908992,-1.4697853,-1.4976189,-1.6326857,-1.3868821,-1.9317341,6,3,5,7,6,2,3,3,7,8,1,4,3,8,6,3,5,6,2,7,-1.0989457,0.34550614,5.4605296,1.8866465,3.5738831
-17.218711,0.98040997,0.54402705,2,3,0,17.591786,0.86607958,1.2931376,1.1199601,0.17317752,-1.5309663,-1.4743315,-1.4768707,-0.52729024,-1.1864236,-1.4736266,-1.4743315,-1.6525052,-1.3906181,-1.908815,4,5,3,8,8,5,5,4,5,7,8,5,5,8,8,7,3,6,3,6,-1.2257154,0.43855597,3.1849134,1.3967628,1.7881506
-16.52039,0.99492531,0.5377871,2,7,0,17.597503,0.82366643,1.59463,1.3134432,0.28118679,-1.530905,-1.5189021,-1.4374855,-0.59435789,-1.1724956,-1.4381969,-1.5189021,-1.5905521,-1.3550539,-1.9681628,4,3,3,7,6,3,3,6,4,8,4,1,7,8,8,6,5,5,4,6,-0.9326505,0.36051811,2.0220991,0.72900335,1.2930958
-16.248205,0.98073086,0.71422146,2,3,0,16.880393,0.74872943,2.3739853,1.7774727,0.59651265,-1.5511986,-1.6318404,-1.3792152,-0.7405346,-1.1766539,-1.3954354,-1.6318404,-1.4854391,-1.3053517,-2.1166871,4,5,2,6,4,4,4,3,1,7,5,2,3,8,6,4,6,4,2,7,-1.0279762,0.52760818,4.1021149,2.1643094,1.9378055
-17.442984,0.81173804,1.0513451,3,7,0,17.542789,0.94533858,2.4996712,2.3630356,0.13663557,-1.4121668,-1.3238981,-1.3888014,-0.27256049,-1.0697986,-1.383427,-1.3238981,-1.6955616,-1.2958267,-1.8179262,6,1,6,8,4,5,6,5,5,8,7,3,3,8,6,4,3,5,4,8,-2.4124691,0.89284353,1.4895477,1.3299331,0.15961467
-16.380136,0.99256221,1.0020406,2,3,0,17.813238,0.88022814,2.4481476,2.1549284,0.2932192,-1.4536682,-1.4160471,-1.3802581,-0.42521118,-1.0871926,-1.3751648,-1.4160471,-1.612264,-1.2926635,-1.9063491,7,5,6,8,6,6,1,5,3,6,6,3,2,7,7,6,2,4,2,7,-1.6608613,0.7321401,1.8018643,1.3192171,0.48264719
-17.3135,0.76992101,1.7315128,2,3,0,17.315842,0.940434,2.6269875,2.4705083,0.15647915,-1.4104504,-1.3272614,-1.3819256,-0.27852798,-1.0642606,-1.3762472,-1.3272614,-1.686765,-1.2892211,-1.8246588,6,5,3,5,4,5,5,4,5,8,7,8,4,8,8,3,2,7,2,5,-2.430674,0.32388866,2.5248155,0.81775909,1.7070564
-18.741692,0.93776051,1.5360848,1,3,0,18.743267,0.97214843,1.9747207,1.9197216,0.054999064,-1.4223758,-1.3086337,-1.4251845,-0.24173999,-1.1008222,-1.4220232,-1.3086337,-1.7422586,-1.3309081,-1.7865307,8,3,6,8,6,5,1,3,5,3,3,4,4,7,6,3,3,4,3,7,-2.7238953,0.60500576,1.7724369,1.0723345,0.70010235
-16.479108,0.33398921,2.3421099,1,3,0,18.237422,0.83773778,1.6649942,1.3948285,0.27016565,-1.5174896,-1.496569,-1.4311676,-0.55891823,-1.1584245,-1.4301608,-1.496569,-1.5987676,-1.3474811,-1.9511287,7,5,7,7,6,6,5,6,2,5,4,6,3,8,7,6,1,5,2,7,-1.0066618,0.65206631,2.2830437,1.4886959,0.79434783
-16.674888,0.98939615,0.53482729,2,7,0,16.948443,0.8042765,1.4629039,1.1765792,0.28632467,-1.5524266,-1.5507692,-1.4515083,-0.64524978,-1.1970482,-1.4549172,-1.5507692,-1.5842578,-1.3707532,-1.9898358,6,4,3,8,6,6,3,5,6,8,5,4,2,8,6,5,3,4,4,8,-0.8589121,0.52863746,4.3450429,2.2969525,2.0480904
-16.712363,0.95580308,0.97699858,2,3,0,17.524995,0.89861551,1.8986143,1.7061242,0.19249004,-1.4667086,-1.4042544,-1.4170177,-0.4092757,-1.1143656,-1.411584,-1.4042544,-1.6508824,-1.3280439,-1.8750613,4,2,1,8,6,5,2,8,3,6,4,4,5,8,8,4,2,6,4,4,-1.4763041,0.93792809,2.5706982,2.4111301,0.15956815
-16.712363,1.9474154e-06,1.6111864,1,1,0,22.994507,0.89861551,1.8986143,1.7061242,0.19249004,-1.4667086,-1.4042544,-1.4170177,-0.4092757,-1.1143656,-1.411584,-1.4042544,-1.6508824,-1.3280439,-1.8750613,3,6,6,7,2,2,6,3,4,8,7,1,1,7,6,6,3,5,3,6,-1.4763041,0.20677941,2.3263015,0.48103124,1.8452703
-16.885113,0.99924655,0.13274025,4,31,0,17.743673,0.92010098,2.2540303,2.0739355,0.18009482,-1.4366315,-1.3641889,-1.3967387,-0.34154727,-1.085877,-1.3907967,-1.3641889,-1.6663737,-1.305846,-1.8497707,5,6,4,8,8,5,3,4,4,6,3,3,5,8,5,5,2,7,3,4,-1.8856105,0.40990354,1.0663781,0.43711217,0.62926597
-17.493099,0.9978953,0.25419594,3,15,0,17.694985,0.94693615,2.4063312,2.278642,0.12768919,-1.4148797,-1.3243523,-1.3937438,-0.2731565,-1.0743561,-1.3885081,-1.3243523,-1.6992847,-1.3007258,-1.8157241,4,5,5,5,5,3,5,3,2,7,7,1,6,8,5,4,2,7,3,6,-2.3713356,0.43687621,1.4273335,0.62356806,0.80376546
-18.196229,0.98149524,0.48291436,2,3,0,18.29481,0.9588809,1.7648471,1.6922782,0.072568927,-1.4424367,-1.3342644,-1.4383703,-0.28659188,-1.1164118,-1.4343063,-1.3342644,-1.7294667,-1.3451402,-1.803111,7,4,4,6,6,4,4,6,4,8,4,1,3,8,6,5,4,6,2,5,-2.2666585,0.3809074,3.410677,1.2991521,2.1115249
-16.574373,1,0.86717113,3,7,0,18.153586,0.69953787,2.7061264,1.8930379,0.81308849,-1.5855972,-1.7257015,-1.3672431,-0.85791317,-1.2129471,-1.3994608,-1.7257015,-1.4367245,-1.2997196,-2.2269387,3,6,4,7,6,1,3,4,2,6,3,4,3,8,7,4,2,3,5,6,-1.1721755,0.67166341,1.0140857,0.68112427,0.33296144
-16.574373,0.040201546,1.6368443,1,1,0,18.519136,0.69953787,2.7061264,1.8930379,0.81308849,-1.5855972,-1.7257015,-1.3672431,-0.85791317,-1.2129471,-1.3994608,-1.7257015,-1.4367245,-1.2997196,-2.2269387,4,2,3,6,6,6,4,6,2,6,7,3,3,7,7,6,4,4,3,8,-1.1721755,0.53711092,2.2617338,1.2148019,1.0469319
-16.159062,0.99762175,0.16711806,3,15,0,17.445978,0.83526769,2.4975292,2.0861054,0.41142375,-1.4824656,-1.4844835,-1.3735017,-0.52948215,-1.1067776,-1.3726284,-1.4844835,-1.5604651,-1.2902485,-1.974916,4,3,3,8,6,4,6,4,3,7,6,1,2,8,5,4,3,4,3,7,-1.4314757,0.71951348,0.77026862,0.55421866,0.21604996
-16.650384,0.99328674,0.31498226,3,15,0,16.97256,0.69078918,1.842919,1.2730685,0.56985051,-1.6141205,-1.7329557,-1.4192281,-0.88965485,-1.2587911,-1.4510054,-1.7329557,-1.4755415,-1.3511172,-2.1902958,4,7,6,4,5,4,1,2,5,8,7,4,6,6,4,7,5,2,4,8,-0.60241649,0.17780122,0.96720544,0.17197031,0.79523513
-17.692725,0.94240788,0.58072754,2,3,0,17.729776,0.64355728,1.2254194,0.78862754,0.43679181,-1.6805004,-1.8031644,-1.4942972,-1.0090619,-1.3542572,-1.5365007,-1.8031644,-1.5162764,-1.4288573,-2.2080281,4,3,5,8,6,5,2,4,4,5,3,6,2,5,4,2,2,4,5,7,-0.58957457,0.51490506,2.8228015,1.4534748,1.3693267
-17.020806,1,0.91259386,1,1,0,17.612092,0.65991877,1.6057252,1.0596482,0.54607702,-1.648082,-1.7844803,-1.4447221,-0.96601485,-1.30564,-1.4854694,-1.7844803,-1.4789177,-1.3793588,-2.224767,2,5,5,6,5,4,5,2,6,6,5,4,2,6,8,2,5,3,6,8,-0.49824013,0.54400381,2.8269402,1.5378663,1.289074
-16.384603,0.69219095,1.6859723,2,3,0,16.922973,0.85380271,1.8524743,1.5816476,0.27082673,-1.496412,-1.4681309,-1.4157168,-0.51231621,-1.1349962,-1.412978,-1.4681309,-1.6042101,-1.3306123,-1.933618,3,4,5,5,6,4,3,2,3,7,5,4,5,8,5,5,4,6,2,5,-1.1431502,0.26147791,3.4312415,0.89719386,2.5340476
-17.866554,0.76146074,1.2604319,2,3,0,18.595213,0.95715045,2.2819545,2.1841737,0.097780716,-1.4145038,-1.315091,-1.4026008,-0.25624358,-1.0808173,-1.3980652,-1.315091,-1.7156656,-1.3089783,-1.8029687,3,6,3,6,7,7,2,3,3,8,7,2,4,7,6,7,2,6,2,7,-2.4877064,0.58312723,1.6959148,0.98893409,0.70698069
-16.892517,0.97475548,1.1565189,2,3,0,18.160607,0.91468576,3.0767883,2.8142945,0.26249386,-1.4131546,-1.3548047,-1.3595212,-0.32393009,-1.0508924,-1.3530535,-1.3548047,-1.6447591,-1.2686315,-1.8626838,3,5,6,7,6,5,4,4,2,8,6,4,2,8,6,5,3,6,2,5,-2.4795791,0.69690323,1.2884947,0.89795611,0.39053858
-16.205316,1,1.955178,1,1,0,16.626985,0.82804346,2.8353706,2.3478101,0.48756051,-1.4785663,-1.4929179,-1.3580616,-0.53809005,-1.0974224,-1.3581687,-1.4929179,-1.5436789,-1.2756025,-1.9938141,5,6,3,4,6,3,4,6,6,8,7,4,4,8,8,5,4,5,2,7,-1.6690453,0.22608584,1.4406962,0.32572101,1.1149752
-16.205316,6.9325346e-07,3.5193654,1,1,0,17.066261,0.82804346,2.8353706,2.3478101,0.48756051,-1.4785663,-1.4929179,-1.3580616,-0.53809005,-1.0974224,-1.3581687,-1.4929179,-1.5436789,-1.2756025,-1.9938141,5,4,3,8,8,4,4,5,1,4,5,3,4,7,5,6,2,6,6,8,-1.6690453,0.80457503,3.077978,2.4764642,0.60151375
-16.251859,0.99979645,0.37812491,3,7,0,16.305178,0.85730979,2.643947,2.2666817,0.37726537,-1.4627535,-1.4477769,-1.3683961,-0.47276715,-1.0884292,-1.3649761,-1.4477769,-1.5806669,-1.2829358,-1.9434559,7,5,8,6,6,2,6,3,5,8,4,2,2,8,7,6,5,3,2,6,-1.6631624,0.10347103,1.3895538,0.14377857,1.2457752
-18.749207,0.87576584,0.68306686,2,3,0,19.209528,0.5335286,3.4550801,1.8433841,1.6116961,-1.7490584,-2.1071892,-1.3806979,-1.298938,-1.4240398,-1.5009755,-2.1071892,-1.3412857,-1.3367447,-2.6896963,5,3,4,4,4,3,3,2,4,4,5,4,5,7,7,5,4,3,4,7,-1.6624371,0.38793748,4.6271073,1.7950283,2.8320789
-19.367808,0.85173523,0.86746588,2,7,0,21.447184,0.94182385,0.98552385,0.92818987,0.057333979,-1.5359439,-1.4171988,-1.5389067,-0.42037709,-1.2193802,-1.5350423,-1.4171988,-1.7545466,-1.447408,-1.8375793,5,3,2,7,7,4,5,4,6,4,7,2,4,8,8,2,2,6,3,8,-2.3254279,0.58627647,0.93497193,0.54815204,0.38681989
-17.303337,0.87705058,1.0274074,2,3,0,19.804433,0.92439184,3.6574878,3.3809519,0.27653594,-1.394656,-1.3329569,-1.3445899,-0.28666423,-1.0320452,-1.3379546,-1.3329569,-1.6524788,-1.2526216,-1.8520241,6,4,6,7,6,5,3,4,4,8,5,3,4,8,5,7,6,6,1,6,-3.1203555,0.35062643,0.79564807,0.27897524,0.51667283
-16.498943,0.9745635,1.2998071,1,3,0,17.444758,0.83230296,3.552584,2.9568262,0.59575784,-1.4614903,-1.4811062,-1.3348827,-0.51424868,-1.0733051,-1.3343389,-1.4811062,-1.5343568,-1.2520159,-1.9995852,3,6,4,6,6,2,4,5,3,8,6,6,3,8,6,3,4,7,5,6,-2.3310271,0.26369144,2.6974631,0.71129792,1.9861652
-16.1578,1,2.1301581,1,1,0,16.230533,0.83549791,2.3446828,1.9589776,0.38570522,-1.4872524,-1.4860806,-1.3814917,-0.53370373,-1.113985,-1.3806093,-1.4860806,-1.5655577,-1.2981951,-1.9711292,3,4,7,7,8,2,4,5,3,7,5,1,4,6,6,7,2,5,3,7,-1.3213053,0.53386308,3.4897763,1.8630627,1.6267136
-16.235576,0.24304516,3.7065181,2,3,0,16.539406,0.82991364,2.9295849,2.4313025,0.49828244,-1.4750095,-1.4890611,-1.3545243,-0.53146385,-1.0929206,-1.3543557,-1.4890611,-1.5434711,-1.2718765,-1.9926242,8,3,7,7,7,6,5,3,2,8,4,3,5,7,7,6,3,4,2,7,-1.7581857,0.8570195,3.5317503,3.0267789,0.50497143
-18.076036,0.82272676,0.85967353,2,3,0,18.417288,0.56336424,3.0299726,1.7069782,1.3229944,-1.7164964,-2.0240059,-1.3833446,-1.2132154,-1.3820957,-1.4816682,-2.0240059,-1.3612904,-1.3343521,-2.5714351,4,3,6,8,7,6,4,7,6,8,6,5,5,8,8,4,1,7,3,8,-1.2901952,0.59961611,1.1717957,0.70262759,0.46916813
-16.323451,1,0.93696384,2,3,0,18.16186,0.86385515,2.8326558,2.4470043,0.3856515,-1.4530839,-1.435117,-1.3611187,-0.45187059,-1.0777138,-1.3570283,-1.435117,-1.5839759,-1.2749922,-1.9363272,4,4,2,6,7,6,6,7,7,6,3,1,2,8,8,4,4,5,3,8,-1.8579347,0.72887248,2.6989589,1.9671969,0.73176204
-16.212393,0.88375073,1.6193181,2,3,0,16.401302,0.80887459,2.8968663,2.3432016,0.55366475,-1.491543,-1.5248692,-1.3548016,-0.58348514,-1.108089,-1.3580454,-1.5248692,-1.522241,-1.274437,-2.0275923,4,2,3,8,7,5,3,4,2,5,7,4,4,7,8,7,1,1,5,8,-1.6391128,0.72570243,2.4670268,1.7903274,0.67669946
-16.203717,1,2.0536744,1,1,0,16.230248,0.76104922,2.3002949,1.7506377,0.54965725,-1.5435206,-1.6101074,-1.3828069,-0.71224174,-1.1692872,-1.3957695,-1.6101074,-1.4984206,-1.3074579,-2.0917178,4,2,4,8,3,7,3,5,3,5,5,7,3,5,8,7,2,4,2,7,-1.0107627,0.90657117,1.7260489,1.5647862,0.16126272
-16.203717,1.4785387e-13,3.497737,1,1,0,16.818836,0.76104922,2.3002949,1.7506377,0.54965725,-1.5435206,-1.6101074,-1.3828069,-0.71224174,-1.1692872,-1.3957695,-1.6101074,-1.4984206,-1.3074579,-2.0917178,3,3,5,8,8,4,5,4,6,7,5,3,4,6,8,6,4,5,7,5,-1.0107627,0.67938985,1.801618,1.224001,0.57761703
-17.635514,0.93974259,0.46183699,4,15,0,18.782234,0.57366659,2.1169488,1.2144228,0.90252601,-1.7124365,-1.9706109,-1.4217333,-1.1769829,-1.3859077,-1.5058413,-1.9706109,-1.4070579,-1.36868,-2.4586811,6,5,6,8,6,5,1,2,3,7,4,4,2,8,5,7,4,5,3,8,-0.59870717,0.70742032,1.9428825,1.3744345,0.56844793
-17.539708,0.94609612,0.67743204,2,3,0,18.686946,0.61957719,3.2785759,2.0313308,1.247245,-1.6557563,-1.9009811,-1.360527,-1.0638398,-1.2976603,-1.4292269,-1.9009811,-1.3734582,-1.3043514,-2.4399244,5,3,8,7,4,5,7,3,5,8,4,4,2,7,5,5,3,3,2,7,-1.5552208,0.62848113,3.9751159,2.4982854,1.4768306
-16.60305,1,1.0037986,2,3,0,17.545081,0.71042793,1.7352083,1.2327404,0.50246785,-1.6027563,-1.6972546,-1.4264593,-0.84561273,-1.2465317,-1.4515367,-1.6972546,-1.4951809,-1.3558562,-2.1477577,4,6,6,8,4,2,5,3,3,7,5,5,4,8,7,1,3,3,2,7,-0.60673738,0.19134563,3.8823134,0.74286372,3.1394497
-16.60305,0.49211998,1.6913071,1,3,0,16.924655,0.71042793,1.7352083,1.2327404,0.50246785,-1.6027563,-1.6972546,-1.4264593,-0.84561273,-1.2465317,-1.4515367,-1.6972546,-1.4951809,-1.3558562,-2.1477577,3,2,3,7,4,3,4,4,2,8,5,2,7,8,5,2,4,5,5,6,-0.60673738,0.24782039,2.8687071,0.7109241,2.157783
-16.675299,0.98667578,0.80475791,1,1,0,16.727532,0.71538466,1.6200499,1.1589588,0.46109104,-1.6042471,-1.6881854,-1.4370095,-0.83720258,-1.2503419,-1.4600979,-1.6881854,-1.5075561,-1.365563,-2.1309938,7,6,2,5,3,3,5,1,6,7,5,6,5,8,5,4,7,4,3,7,-0.59682117,0.22342006,0.87260462,0.19495737,0.67764724
-16.563246,0.99908272,1.304267,2,3,0,16.820798,0.86568061,3.4525829,2.9888341,0.46374882,-1.4384284,-1.4259758,-1.3406581,-0.43356847,-1.057134,-1.3362102,-1.4259758,-1.5755082,-1.2542564,-1.9417725,3,6,6,4,6,3,4,1,4,7,3,3,5,8,8,4,3,6,3,8,-2.421107,0.27804685,2.114099,0.58781856,1.5262804
-16.563246,0.023639844,2.1636667,1,1,0,16.765842,0.86568061,3.4525829,2.9888341,0.46374882,-1.4384284,-1.4259758,-1.3406581,-0.43356847,-1.057134,-1.3362102,-1.4259758,-1.5755082,-1.2542564,-1.9417725,3,2,6,6,8,6,4,4,7,8,6,5,4,7,7,7,6,5,4,7,-2.421107,0.65867819,0.96080342,0.63286026,0.32794316
-17.999613,0.97291677,0.3355457,3,11,0,19.062642,0.6843195,4.9716297,3.4021831,1.5694466,-1.5802505,-1.7736968,-1.312874,-0.88888096,-1.1915394,-1.3553729,-1.7736968,-1.3778903,-1.249326,-2.3389568,7,1,4,8,7,5,3,6,1,7,3,3,3,7,7,7,6,2,4,7,-3.2285211,0.73000731,2.0353032,1.4857862,0.54951699
-16.759506,0.95931213,0.52382592,3,7,0,20.009275,0.88502741,3.5845272,3.1724048,0.41212239,-1.4224039,-1.3938459,-1.3395961,-0.38374115,-1.0452168,-1.3337302,-1.3938459,-1.5985414,-1.2512456,-1.912014,7,3,1,8,6,4,1,1,5,5,5,2,2,8,7,4,4,6,6,5,-2.676753,0.84629729,1.7896662,1.5145896,0.27507654
-16.355706,0.99197346,0.78668009,2,3,0,16.995539,0.76398617,1.7932212,1.3699962,0.423225,-1.560117,-1.6072285,-1.4182269,-0.71964033,-1.1963394,-1.4296236,-1.6072285,-1.5278101,-1.3419399,-2.0635588,3,7,7,6,5,3,3,4,6,6,4,3,3,7,4,5,3,4,4,8,-0.75493623,0.3232831,1.5763697,0.5096137,1.066756
-16.689008,0.87930544,1.2694747,2,3,0,16.844444,0.88441098,1.7356173,1.534999,0.20061831,-1.4847822,-1.4292828,-1.4287293,-0.45119054,-1.1319814,-1.4239667,-1.4292828,-1.6419705,-1.3409801,-1.8915094,6,4,2,8,5,7,1,3,5,5,6,1,1,8,5,5,1,7,2,8,-1.3061482,0.85507731,0.55791607,0.47706137,0.0808547
-18.151541,0.98373805,0.39014951,3,7,0,18.671627,0.80435168,0.9405866,0.75656241,0.18402419,-1.608606,-1.5754015,-1.5378119,-0.69372613,-1.2738406,-1.5407355,-1.5754015,-1.6478319,-1.4560121,-1.9715966,4,5,3,8,5,7,2,6,5,7,8,4,1,8,6,7,4,6,2,6,-1.3601704,0.6603535,1.5731681,1.0388471,0.53432104
-18.151541,1.1150363e-214,5.4489832,1,1,0,20.527172,0.80435168,0.9405866,0.75656241,0.18402419,-1.608606,-1.5754015,-1.5378119,-0.69372613,-1.2738406,-1.5407355,-1.5754015,-1.6478319,-1.4560121,-1.9715966,4,5,6,7,6,2,5,2,3,8,6,2,5,7,7,4,4,5,5,8,-1.3601704,0.28583194,1.7725214,0.50664323,1.2658781
-16.623708,1,0.91285019,2,3,0,18.211604,0.69368669,1.8610319,1.290973,0.57005883,-1.6111409,-1.7279535,-1.4174374,-0.88246041,-1.2548179,-1.4483594,-1.7279535,-1.4759295,-1.3490413,-2.1864463,4,5,7,5,6,3,7,6,4,8,4,6,3,8,6,4,2,5,6,7,-0.6144173,0.20398921,2.1649359,0.44162356,1.7233123
-16.265724,0.99312744,1.2867882,2,7,0,16.875306,0.85198348,2.8241176,2.4061015,0.41801606,-1.4615892,-1.4540138,-1.3602842,-0.48057169,-1.0839841,-1.3573506,-1.4540138,-1.5703747,-1.275341,-1.9548126,4,5,2,8,8,5,5,5,3,7,5,3,4,8,8,4,4,2,3,8,-1.7809647,0.84197107,1.8874827,1.5892058,0.29827688
-18.569694,0.2998944,2.0623223,1,1,0,18.631071,0.97047282,2.921008,2.8347589,0.086249124,-1.3839956,-1.2811441,-1.3773277,-0.19789933,-1.0525626,-1.3736321,-1.2811441,-1.7279591,-1.2822928,-1.7859217,6,3,5,7,6,4,2,4,4,5,4,3,6,7,7,6,5,6,5,6,-3.3453277,0.80555907,2.1136278,1.702652,0.41097576
-19.663105,0.9745183,0.45161486,3,11,0,21.228189,0.98031082,1.6489111,1.6164454,0.032465715,-1.4407119,-1.3166714,-1.4534255,-0.25113689,-1.1280488,-1.4512016,-1.3166714,-1.7610192,-1.3590576,-1.7814637,3,3,2,7,8,4,3,5,3,6,7,2,3,8,7,6,4,6,2,4,-2.9562412,0.7951124,2.1946675,1.7450073,0.44966015
-19.77806,0.96828257,0.72705678,2,7,0,20.408217,0.97494256,1.3154404,1.2824788,0.032961565,-1.4751162,-1.3475453,-1.4895265,-0.30081105,-1.1645462,-1.4870351,-1.3475453,-1.7665372,-1.3958667,-1.794495,8,4,5,8,8,5,2,5,2,4,6,3,5,7,8,6,4,5,3,8,-2.7712459,0.83165516,2.1155887,1.7594403,0.35614844
-18.779706,0.96314767,1.1938534,2,3,0,19.872432,0.62061798,5.1405007,3.1902872,1.9502135,-1.6473767,-1.9214085,-1.3232836,-1.0642125,-1.2763616,-1.3970835,-1.9214085,-1.3380406,-1.2690004,-2.5127112,4,3,5,5,5,3,5,3,4,8,5,2,5,7,6,6,4,1,4,8,-3.299718,0.19612687,2.1813266,0.42781677,1.7535099
-18.614011,0.81161345,1.9708764,1,1,0,19.358623,0.96217364,4.0412007,3.8883368,0.15286389,-1.3644101,-1.2744909,-1.3448512,-0.18776818,-1.0208262,-1.3400877,-1.2744909,-1.7085688,-1.2497211,-1.7986167,4,5,4,5,5,3,6,2,5,8,6,1,6,7,8,5,3,4,4,7,-4.1334114,0.10536887,2.5755843,0.27138639,2.3041979
-17.546656,0.6681292,2.0377577,2,3,0,18.63205,0.8515552,5.2125739,4.4387944,0.7737795,-1.4279211,-1.4412085,-1.3050479,-0.44697642,-1.0323525,-1.3017782,-1.4412085,-1.5403739,-1.2199946,-1.9840501,4,2,3,4,5,5,3,5,3,6,7,3,4,8,6,4,3,3,4,8,-3.9885854,0.64900621,3.6700108,2.3818598,1.288151
-16.241168,1,1.3416986,2,3,0,17.302534,0.78625042,1.918824,1.5086762,0.41014783,-1.5384447,-1.5699928,-1.407695,-0.66362687,-1.1708723,-1.414647,-1.5699928,-1.538,-1.3292287,-2.034342,4,4,6,7,5,6,1,3,2,7,6,3,4,8,8,5,4,3,2,6,-0.87260811,0.56298832,2.4203082,1.3626053,1.057703
-16.913649,0.42981963,2.5266275,1,1,0,17.174141,0.92269644,2.5070087,2.313208,0.19380069,-1.4251266,-1.3541659,-1.3839226,-0.32432703,-1.0721545,-1.3778257,-1.3541659,-1.664456,-1.2926678,-1.8477633,5,4,4,4,5,3,6,3,2,8,8,2,4,7,5,5,2,6,4,6,-2.095693,0.1923894,1.4288516,0.2748959,1.1539557
-18.613893,0.91944796,0.78853953,2,3,0,18.913575,0.95536432,4.5287301,4.3265872,0.20214293,-1.3615685,-1.2791411,-1.3340967,-0.19571418,-1.0113538,-1.3286641,-1.2791411,-1.6956536,-1.2392662,-1.809553,6,3,6,5,5,5,4,4,2,6,7,1,4,8,8,4,4,3,2,7,-4.435298,0.31516846,4.4466031,1.4014291,3.045174
-16.636067,0.90873489,1.1548797,2,7,0,18.671364,0.78581294,3.7622636,2.9564354,0.80582817,-1.4957679,-1.5637156,-1.3279722,-0.62848971,-1.1028918,-1.3362228,-1.5637156,-1.4814747,-1.2505235,-2.0888485,3,4,4,5,4,4,7,2,7,8,5,4,3,8,6,3,3,3,3,8,-2.3395232,0.047561342,4.2558142,0.20241223,4.0534019
-16.520453,0.79388493,1.6318604,2,3,0,17.785317,0.8806104,3.1129534,2.7412992,0.37165428,-1.4348109,-1.4056105,-1.352921,-0.40453047,-1.060529,-1.347482,-1.4056105,-1.5993077,-1.2651123,-1.914021,5,4,7,8,7,4,4,3,5,7,7,5,1,8,7,2,2,6,3,3,-2.2135863,0.35720702,2.8899634,1.0323152,1.8576482
-16.824802,0.92605022,1.6100578,2,3,0,16.859382,0.67292917,1.7418536,1.1721441,0.56970952,-1.6322585,-1.7637172,-1.4300348,-0.93356257,-1.2831859,-1.4672556,-1.7637172,-1.4735083,-1.3636747,-2.2142711,3,7,3,4,5,4,2,4,7,8,7,2,5,5,6,8,4,4,5,8,-0.54087246,0.14422937,0.77747261,0.11213439,0.66533823
-16.992476,0.26256241,2.3875034,2,3,0,17.154633,0.92514951,2.1893499,2.0254759,0.16387391,-1.4365795,-1.3593305,-1.4014437,-0.33334495,-1.0887644,-1.3956133,-1.3593305,-1.6744181,-1.3102018,-1.8429267,5,4,4,8,6,3,4,4,5,8,7,3,5,8,7,3,3,3,6,8,-1.9040642,0.35458651,3.9823192,1.4120767,2.5702426
-19.667309,0.96530596,0.46415647,3,7,0,20.780993,0.78266618,8.3062026,6.5009839,1.8052187,-1.4728465,-1.5702239,-1.2747307,-0.614485,-1.0607211,-1.2847248,-1.5702239,-1.4424676,-1.1983025,-2.1470833,4,2,3,8,6,4,6,5,3,8,4,3,3,8,7,6,4,6,4,7,-6.3771324,0.64884915,1.5503769,1.0059608,0.54441619
-16.821753,0.98889156,0.77875056,3,7,0,20.263665,0.84698486,4.0850587,3.4599828,0.62507584,-1.442764,-1.4532694,-1.3234423,-0.47012309,-1.0526711,-1.3208559,-1.4532694,-1.5445466,-1.2389562,-1.9811101,4,3,4,8,8,6,2,2,4,4,5,3,4,8,5,6,6,5,3,4,-2.9047904,0.93826595,7.1093436,6.670455,0.43888858
-16.821753,0.53154568,1.3919445,1,3,0,17.5945,0.84698486,4.0850587,3.4599828,0.62507584,-1.442764,-1.4532694,-1.3234423,-0.47012309,-1.0526711,-1.3208559,-1.4532694,-1.5445466,-1.2389562,-1.9811101,5,5,4,6,3,4,2,3,3,6,4,5,2,8,7,2,5,4,4,6,-2.9047904,0.42809708,2.9084921,1.245117,1.6633751
-17.408281,0.97949338,0.6305256,2,3,0,17.460325,0.79967095,5.045099,4.0344191,1.0106799,-1.4718547,-1.536641,-1.3041947,-0.58207542,-1.0708788,-1.3096781,-1.536641,-1.4801085,-1.225282,-2.0819481,6,4,5,7,7,7,4,3,2,8,6,2,4,8,7,3,4,6,4,8,-3.5960476,0.71579049,1.7281364,1.2369836,0.49115279
-17.408281,0.2348947,1.0883977,1,1,0,19.058823,0.79967095,5.045099,4.0344191,1.0106799,-1.4718547,-1.536641,-1.3041947,-0.58207542,-1.0708788,-1.3096781,-1.536641,-1.4801085,-1.225282,-2.0819481,6,2,3,8,8,3,4,5,3,8,4,4,4,8,8,6,2,5,2,7,-3.5960476,0.7296328,1.5043987,1.0976587,0.40674008
-17.59382,0.99071221,0.20990214,4,15,0,18.756993,0.91482711,4.4653252,4.0850006,0.38032464,-1.388904,-1.3400333,-1.3259012,-0.29610345,-1.0171618,-1.3189364,-1.3400333,-1.6327362,-1.2345026,-1.8710473,2,6,4,5,7,2,3,5,4,8,7,4,3,8,7,6,2,5,2,5,-3.7727102,0.19309402,5.2793443,1.0194098,4.2599345
-17.102915,0.99468657,0.37458816,3,15,0,19.05923,0.69515553,1.3692634,0.95185101,0.41741238,-1.6331864,-1.7203623,-1.4676077,-0.89077475,-1.2904771,-1.4949542,-1.7203623,-1.521028,-1.3974877,-2.1424043,4,3,5,7,5,3,3,4,7,8,2,4,6,8,7,2,3,6,4,6,-0.58696945,0.15154857,3.5165081,0.53292179,2.9835863
-17.954542,0.95564388,0.66972637,3,7,0,18.481419,0.89621815,1.1295041,1.0122821,0.11722203,-1.5345888,-1.4501351,-1.5055729,-0.48541929,-1.201154,-1.5012392,-1.4501351,-1.6958739,-1.4170173,-1.87638,6,3,2,8,5,4,4,3,3,6,7,2,4,8,5,3,3,5,2,4,-1.58377,0.39391506,1.9123354,0.7532977,1.1590377
-16.679721,0.99483957,1.0606268,3,7,0,17.792679,0.82782218,1.4840593,1.2285372,0.25552211,-1.5361819,-1.5164824,-1.4497936,-0.59249353,-1.1812479,-1.449984,-1.5164824,-1.6023499,-1.3668983,-1.9593613,4,4,7,8,7,4,4,3,2,6,4,2,4,8,6,3,3,4,4,8,-0.95504201,0.61412494,2.3125866,1.4202171,0.8923695
-16.878432,0.93575221,1.8624668,1,1,0,17.062814,0.74044123,1.3902196,1.0293759,0.36084369,-1.5997934,-1.6480994,-1.4615112,-0.789496,-1.2497506,-1.4770954,-1.6480994,-1.5450373,-1.3868168,-2.0756044,4,6,3,8,7,4,5,1,2,6,4,4,4,7,8,6,3,4,4,5,-0.67730898,0.60155642,0.72399301,0.43552264,0.28847037
-16.878432,0.01059875,2.744155,2,3,0,18.682897,0.74044123,1.3902196,1.0293759,0.36084369,-1.5997934,-1.6480994,-1.4615112,-0.789496,-1.2497506,-1.4770954,-1.6480994,-1.5450373,-1.3868168,-2.0756044,2,7,4,8,7,5,4,3,5,8,3,6,3,8,4,4,2,6,4,7,-0.67730898,0.32932804,1.3375843,0.440504,0.89708026
-17.137989,0.99044342,0.30542914,3,11,0,18.315319,0.91838432,3.5333151,3.2449412,0.2883739,-1.4008714,-1.3432818,-1.3465749,-0.30382399,-1.0364215,-1.339918,-1.3432818,-1.6448919,-1.2551729,-1.8602475,2,3,6,6,7,5,2,7,2,8,5,3,5,8,6,5,2,5,1,5,-2.9348671,0.56299745,1.1777357,0.66306219,0.51467349
-16.600118,0.98918901,0.52796743,3,7,0,18.268898,0.74841012,1.5699132,1.1749389,0.39497428,-1.5828429,-1.6340385,-1.4401325,-0.76373766,-1.2263095,-1.4545112,-1.6340385,-1.5332849,-1.3650699,-2.0753513,4,3,2,5,6,2,3,6,4,6,6,1,2,7,3,4,5,4,3,6,-0.67206217,0.46536741,1.8052148,0.84008812,0.96512665
-17.083321,0.98796982,0.90127908,3,7,0,17.112978,0.87265383,4.3319202,3.7802667,0.55165345,-1.4204578,-1.4086101,-1.3214107,-0.4026803,-1.0345306,-1.3161666,-1.4086101,-1.5746542,-1.2341611,-1.9392462,5,4,2,6,7,4,3,5,7,7,5,5,4,8,6,6,4,7,3,4,-3.2917419,0.68201392,1.1133169,0.75929765,0.35401929
-18.991748,0.32216698,1.5199702,2,3,0,19.834505,0.50538149,3.1751402,1.6046571,1.5704831,-1.7817187,-2.1688228,-1.3987383,-1.373558,-1.4725402,-1.5361394,-2.1688228,-1.3459065,-1.3580282,-2.7533549,3,3,6,7,6,4,4,4,3,6,3,6,4,7,4,3,5,5,5,7,-1.4030601,0.72974904,1.232916,0.89971925,0.33319672
-17.303912,1,0.42284599,3,7,0,19.674937,0.89963562,4.3148674,3.8818084,0.43305899,-1.4012875,-1.364907,-1.3258094,-0.33579674,-1.0241542,-1.319111,-1.364907,-1.6117174,-1.2358708,-1.8944176,4,4,1,4,6,5,4,2,2,8,6,4,4,7,8,6,5,7,4,8,-3.483286,0.41173542,2.2598817,0.93047334,1.3294084
-16.925522,0.99372649,0.73466218,3,7,0,17.954573,0.7651535,1.3325088,1.0195738,0.31293502,-1.5876184,-1.6114398,-1.46827,-0.7386229,-1.2374868,-1.4783251,-1.6114398,-1.567558,-1.3909938,-2.0369241,6,1,3,6,8,8,3,1,3,7,6,3,2,6,7,6,2,5,2,7,-0.7674053,0.8161243,1.3365704,1.0908076,0.24576282
-17.306749,0.97538196,1.244238,2,3,0,17.371694,0.73886182,1.1907012,0.87976368,0.31093755,-1.6168707,-1.6531054,-1.4904415,-0.80390426,-1.2744132,-1.5054587,-1.6531054,-1.5679006,-1.415265,-2.0636509,6,3,5,7,8,4,2,4,3,7,5,5,2,8,7,8,5,4,3,4,-0.79182606,0.77175851,2.3488013,1.8127074,0.53609389
-17.306749,0.39538359,1.9912242,2,3,0,18.317296,0.73886182,1.1907012,0.87976368,0.31093755,-1.6168707,-1.6531054,-1.4904415,-0.80390426,-1.2744132,-1.5054587,-1.6531054,-1.5679006,-1.415265,-2.0636509,5,2,6,5,7,4,7,1,5,8,5,4,4,7,7,6,2,6,2,8,-0.79182606,0.16765127,2.5186384,0.42225293,2.0963854
-22.338008,0.33710014,0.69664237,1,3,0,25.516685,0.29746385,1.0850105,0.32275141,0.76225911,-1.9910788,-2.4571388,-1.6234795,-1.7966371,-1.8197141,-1.8523399,-2.4571388,-1.5433328,-1.5924802,-2.8915893,5,6,7,7,6,3,5,4,3,8,3,5,4,6,2,5,4,2,5,6,-0.8291477,0.22709755,2.193479,0.49813371,1.6953453
-18.507175,0.99933781,0.21304323,4,15,0,22.906879,0.5208872,1.4472632,0.75386086,0.69340232,-1.7733285,-2.0413735,-1.491827,-1.2936512,-1.4817311,-1.5922684,-2.0413735,-1.4557796,-1.4414269,-2.4750316,6,4,5,8,7,3,3,1,4,6,6,4,7,7,6,1,5,6,2,7,-0.40101658,0.7897963,2.9196204,2.3059054,0.61371502
-19.149822,0.97586608,0.36352708,4,15,0,20.569067,0.97908112,2.3945638,2.3444722,0.050091585,-1.3979326,-1.2844233,-1.4019827,-0.2009363,-1.0764445,-1.3993396,-1.2844233,-1.7459786,-1.3068552,-1.7761469,7,5,2,7,7,2,5,4,4,8,5,2,5,8,8,7,1,5,3,6,-3.2603159,0.34860529,2.4414115,0.85108898,1.5903226
-17.820203,0.98121872,0.57950566,3,7,0,20.262835,0.91385725,1.2623436,1.1536019,0.10874175,-1.509576,-1.4187526,-1.4865638,-0.43212644,-1.1764578,-1.4817507,-1.4187526,-1.7016233,-1.3967506,-1.8566303,2,3,7,5,5,5,4,5,3,7,4,2,2,7,8,6,3,4,1,6,-1.6323583,0.3598124,4.5490796,1.6368152,2.9122643
-21.172003,0.80143142,0.92978931,2,3,0,22.700078,0.88009248,0.59211533,0.52111625,0.070999081,-1.6561005,-1.5460192,-1.649926,-0.63381869,-1.3440366,-1.6474344,-1.5460192,-1.7768199,-1.5615439,-1.9155704,7,4,3,8,5,4,2,3,4,6,7,4,3,4,7,6,1,7,2,8,-3.1218975,0.44964851,2.4510876,1.1021279,1.3489597
-18.100878,0.97004089,0.94313188,2,3,0,21.898054,0.87191094,1.0225951,0.89161184,0.13098324,-1.5616148,-1.4878519,-1.523299,-0.54930154,-1.227754,-1.5201017,-1.4878519,-1.68639,-1.4364399,-1.9020914,6,3,3,8,8,7,5,6,3,7,6,4,5,7,8,6,2,5,5,7,-1.5484279,0.72571703,2.8644632,2.0787897,0.78567348
-17.469929,0.82462733,1.4560376,1,3,0,18.462209,0.92341107,1.5263646,1.409462,0.11690263,-1.4788134,-1.3895599,-1.4547198,-0.38357285,-1.1421128,-1.44955,-1.3895599,-1.6955727,-1.3640847,-1.8443048,3,2,7,6,7,2,5,3,5,6,4,2,3,8,6,4,2,4,3,7,-1.6519834,0.47071772,2.07319,0.97588729,1.0973028
-17.219903,1,1.5586367,2,3,0,17.422988,0.66183242,3.4645734,2.292967,1.1716064,-1.6118082,-1.8110093,-1.3466309,-0.95176645,-1.2391909,-1.3959886,-1.8110093,-1.3901993,-1.284976,-2.3456055,5,4,4,7,4,5,3,2,8,6,7,2,5,7,8,5,4,4,3,7,-1.7773517,0.71241619,0.92163458,0.6565874,0.26504718
-16.214698,1,2.5644489,1,1,0,16.286704,0.82252922,1.9842472,1.6321013,0.35214589,-1.5103158,-1.5118701,-1.4035998,-0.57726845,-1.1424556,-1.4044901,-1.5118701,-1.5670946,-1.3214962,-1.9814396,4,5,6,8,6,4,3,2,6,6,5,3,4,8,7,7,4,5,3,6,-1.0437171,0.58186786,4.3464817,2.529078,1.8174037
-16.214698,4.0567722e-08,4.1895234,1,1,0,17.528204,0.82252922,1.9842472,1.6321013,0.35214589,-1.5103158,-1.5118701,-1.4035998,-0.57726845,-1.1424556,-1.4044901,-1.5118701,-1.5670946,-1.3214962,-1.9814396,3,5,6,4,3,5,8,4,4,8,5,5,5,8,7,5,3,3,2,5,-1.0437171,0.44514297,0.80620978,0.35887861,0.44733116
-16.624894,0.98220423,0.60307098,2,7,0,16.855572,0.76867471,3.6488231,2.804758,0.84406505,-1.5116444,-1.595915,-1.3310201,-0.67332467,-1.1201303,-1.3433968,-1.595915,-1.4669702,-1.2556266,-2.1198626,6,3,4,8,7,5,3,6,6,7,5,3,4,8,7,7,5,6,3,7,-2.1784755,0.80315954,2.1128105,1.6969239,0.4158866
-16.201497,0.97701963,0.94695403,2,3,0,16.74932,0.79679636,2.8306691,2.2554669,0.57520226,-1.5022831,-1.5460616,-1.357122,-0.61435808,-1.1192013,-1.3626275,-1.5460616,-1.512009,-1.2780844,-2.0469245,6,3,5,5,7,2,2,5,5,7,7,2,3,8,8,3,2,4,3,8,-1.536574,0.63998061,1.8384552,1.1765757,0.66187952
-17.932827,0.2811155,1.4594916,1,1,0,18.201603,0.60821313,3.7151302,2.259591,1.4555393,-1.6653364,-1.9339224,-1.3516611,-1.0955473,-1.3073748,-1.4281369,-1.9339224,-1.357141,-1.2977033,-2.4925331,4,8,5,7,7,5,3,3,4,8,3,3,6,7,7,5,4,3,2,7,-1.947695,0.50816575,3.1763113,1.6140926,1.5622187
-16.243118,0.99971362,0.42890728,4,15,0,19.227524,0.75343757,2.5141444,1.8942509,0.61989356,-1.5438735,-1.6234883,-1.3717858,-0.72647042,-1.1666406,-1.3869977,-1.6234883,-1.4836257,-1.2975178,-2.1140138,7,6,7,7,6,4,4,1,5,6,5,3,3,7,5,4,5,4,4,8,-1.1438991,0.25438629,1.1672547,0.2969336,0.87032111
-18.98144,0.86693427,0.69695876,3,7,0,19.699514,0.81872538,0.79779125,0.65317195,0.1446193,-1.6269888,-1.5719378,-1.5749536,-0.68881575,-1.2998519,-1.5761447,-1.5719378,-1.6850324,-1.491553,-1.9553687,5,5,6,6,5,7,4,6,2,6,5,6,2,8,5,5,3,4,2,4,-1.8051983,0.72365426,1.1387633,0.82407093,0.3146924
-17.274246,0.8714297,0.82454181,2,3,0,21.162731,0.90607208,1.4699179,1.3318515,0.13806633,-1.4927417,-1.4139587,-1.4585114,-0.42570299,-1.1518889,-1.4534349,-1.4139587,-1.6795006,-1.3691639,-1.8639698,5,2,4,7,6,3,3,4,6,7,3,1,3,5,6,5,4,5,1,6,-1.4727573,0.50685368,3.8274138,1.9399388,1.887475
-16.748115,0.98652175,0.98351658,3,7,0,18.021484,0.69341483,3.0533897,2.1172657,0.93612401,-1.5859983,-1.7409935,-1.3545892,-0.87101667,-1.2101779,-1.3899812,-1.7409935,-1.4211693,-1.2882818,-2.2560731,4,4,2,7,7,6,4,5,1,7,6,3,6,8,6,5,4,5,1,8,-1.4567068,0.62626646,1.9724586,1.2352847,0.73717395
-16.695935,0.9813911,1.5270741,2,3,0,17.160527,0.67189598,2.2463445,1.5093098,0.73703465,-1.618853,-1.7741047,-1.3938536,-0.9307883,-1.2593591,-1.4344646,-1.7741047,-1.4401097,-1.3289534,-2.2561747,7,3,4,7,6,3,3,3,2,6,3,4,5,5,8,4,4,7,4,8,-0.78239735,0.70979281,1.2494384,0.88684241,0.36259601
-16.206569,1,2.3300405,1,1,0,16.224904,0.84486916,2.1831881,1.8445083,0.3386798,-1.486831,-1.474086,-1.3915762,-0.51758769,-1.1175489,-1.389608,-1.474086,-1.5810138,-1.3073372,-1.9533814,6,3,4,8,8,8,1,5,2,7,3,4,3,7,6,3,4,7,4,7,-1.2622392,0.92394563,3.6597055,3.3813689,0.2783366
-16.206569,3.0845718e-06,3.6896055,2,5,1,16.268754,0.84486916,2.1831881,1.8445083,0.3386798,-1.486831,-1.474086,-1.3915762,-0.51758769,-1.1175489,-1.389608,-1.474086,-1.5810138,-1.3073372,-1.9533814,5,8,3,3,4,5,5,5,1,8,3,3,6,8,7,4,2,6,3,6,-1.2622392,0.22198519,1.2891261,0.2861669,1.0029592
-17.009949,0.9578494,0.60154014,2,7,0,18.035938,0.84473359,4.4083077,3.7238456,0.68446213,-1.4407333,-1.4558205,-1.3169457,-0.47197791,-1.0481363,-1.3146111,-1.4558205,-1.5384048,-1.2326948,-1.9887917,5,3,1,7,7,5,6,6,4,8,5,3,3,8,8,3,6,6,1,5,-3.1981559,0.66836347,1.4284578,0.95472898,0.47372878
-16.230248,0.99754921,0.86850145,2,7,0,17.007641,0.77595165,1.9787362,1.5354037,0.44333259,-1.5433462,-1.5862229,-1.4032589,-0.68553311,-1.1746855,-1.4123698,-1.5862229,-1.5261572,-1.3259393,-2.0531353,5,1,7,7,6,7,5,4,6,8,5,4,3,8,7,7,4,6,5,7,-0.86627723,0.60815545,2.0165942,1.2264027,0.79019144
-16.536351,0.68289501,1.3643473,2,3,0,17.730694,0.89629413,2.3584481,2.1138632,0.24458492,-1.4467514,-1.3945726,-1.3871143,-0.39142064,-1.0861357,-1.3813677,-1.3945726,-1.6339341,-1.298128,-1.8825999,4,4,7,4,8,1,3,5,4,8,5,6,2,8,6,5,4,8,3,7,-1.7220743,0.26948385,0.94368952,0.25430909,0.68938043
-17.274475,0.93661539,1.0579049,2,3,0,17.359253,0.62497432,2.8644685,1.7902193,1.0742493,-1.6536001,-1.8815513,-1.3732294,-1.0488057,-1.2981889,-1.4372673,-1.8815513,-1.389353,-1.3155983,-2.4015859,2,6,5,8,6,3,4,3,5,6,6,4,6,7,7,4,2,5,7,7,-1.1953207,0.5893097,3.1740431,1.8704944,1.3035487
-16.240221,1,1.44257,1,1,0,16.668631,0.85742652,2.3075198,1.9785287,0.32899114,-1.4736765,-1.4527741,-1.3852869,-0.4836245,-1.1043143,-1.381988,-1.4527741,-1.5902057,-1.2998431,-1.9373544,5,5,1,8,8,5,3,3,3,7,4,1,2,8,6,6,5,6,3,5,-1.4128356,0.82524786,2.0395939,1.6831705,0.3564234
-17.251329,0.4962256,2.2531132,1,1,0,17.501633,0.9201226,3.705679,3.409679,0.29600001,-1.3965692,-1.3387483,-1.3425499,-0.29599609,-1.0316735,-1.3358416,-1.3387483,-1.6458624,-1.2509297,-1.8586709,4,3,6,8,3,4,4,1,4,7,3,4,3,7,7,6,3,5,1,6,-3.1150945,0.42066211,2.9139548,1.2257904,1.6881645
-16.944553,0.99645927,1.1631082,2,5,0,18.098597,0.8833737,1.5135124,1.3369971,0.17651535,-1.5013827,-1.440253,-1.4507767,-0.47018888,-1.1536752,-1.446305,-1.440253,-1.6530169,-1.3631616,-1.8905704,7,4,3,8,5,7,3,7,2,4,3,2,5,8,7,4,4,3,2,7,-1.2766155,0.70111006,1.2808039,0.89798452,0.38281941
-16.148405,0.79850382,1.7955391,2,3,0,17.733153,0.78691305,2.2330471,1.7572139,0.47583319,-1.5259419,-1.566187,-1.3863332,-0.65204673,-1.1519786,-1.3934529,-1.566187,-1.5232253,-1.3080645,-2.0452739,5,3,3,5,4,2,4,3,2,8,6,3,4,8,6,7,4,4,5,8,-1.0473883,0.27107183,3.009848,0.81588501,2.193963
-16.148405,0.44890233,1.7976954,1,3,0,17.411185,0.78691305,2.2330471,1.7572139,0.47583319,-1.5259419,-1.566187,-1.3863332,-0.65204673,-1.1519786,-1.3934529,-1.566187,-1.5232253,-1.3080645,-2.0452739,7,3,7,6,8,1,4,3,2,8,6,4,3,8,8,5,6,4,2,6,-1.0473883,0.7734714,1.0724655,0.8295214,0.24294411
-17.48236,0.73601232,0.8487844,1,3,0,19.17447,0.89067227,1.2733467,1.1341346,0.13921211,-1.5200276,-1.4452585,-1.4821155,-0.47842622,-1.1807356,-1.4776912,-1.4452585,-1.6775089,-1.3939656,-1.8812705,2,6,5,7,6,4,5,6,5,7,4,2,6,6,6,7,3,6,1,7,-1.4125663,0.47780156,1.3896095,0.66395756,0.7256519
-17.416206,0.99120267,0.74660848,3,7,0,18.146475,0.59533334,1.9223238,1.1444235,0.77790035,-1.6948391,-1.9178429,-1.4294943,-1.1208199,-1.3640208,-1.5004559,-1.9178429,-1.4268923,-1.372988,-2.3871892,4,3,4,5,7,5,5,6,1,8,4,4,6,7,5,3,5,5,5,7,-0.51403035,0.65645077,1.7891936,1.1745175,0.61467608
-17.206272,1,1.1313959,2,3,0,17.540383,0.93559133,2.2389169,2.0947113,0.14420567,-1.4283774,-1.344065,-1.400485,-0.30716052,-1.0843941,-1.3948733,-1.344065,-1.6869692,-1.3084212,-1.8297942,5,2,4,7,6,7,8,6,3,7,7,2,4,8,8,4,4,6,1,7,-2.0745756,0.53211527,4.4276041,2.3559958,2.0716083
-17.000887,0.68360617,1.7386684,1,3,0,17.083391,0.65153417,1.7109459,1.1147397,0.59620621,-1.6509902,-1.8021953,-1.4359144,-0.9846116,-1.3078902,-1.4806813,-1.8021953,-1.4656628,-1.3719051,-2.2507925,4,4,3,6,6,6,4,4,4,7,3,5,5,7,7,3,5,1,4,8,-0.50245373,0.37642349,3.0411785,1.144771,1.8964075
-17.576821,0.72389869,1.3671585,1,1,0,18.066731,0.59579346,1.585362,0.94454833,0.6408137,-1.7026135,-1.9028225,-1.458302,-1.1173693,-1.3792949,-1.5246287,-1.9028225,-1.4561,-1.4001774,-2.3433183,4,7,5,6,5,5,2,2,4,8,6,2,2,5,8,3,2,2,3,8,-0.42649372,0.46652082,3.5065434,1.6358755,1.8706679
-17.26861,0.97515562,1.1725587,2,3,0,17.887845,0.62189906,1.6766064,1.0426799,0.63392646,-1.677206,-1.8566551,-1.444206,-1.0553468,-1.3432806,-1.5004311,-1.8566551,-1.4563002,-1.3834929,-2.3036447,3,3,4,5,6,6,3,3,3,7,3,6,6,6,4,5,4,4,3,7,-0.46059178,0.54688117,1.3318277,0.72835147,0.60347619
-18.145197,0.1192605,1.698925,2,3,0,19.742811,0.5321211,1.8986109,1.0102909,0.88832,-1.7559781,-2.0491468,-1.4481044,-1.2786332,-1.4501581,-1.5519721,-2.0491468,-1.4136017,-1.3992427,-2.5289085,5,6,7,6,4,6,6,3,3,5,2,3,5,6,6,2,3,3,3,8,-0.47099751,0.32002883,3.9665156,1.2693993,2.6971163
-17.261007,1,0.41708128,3,15,0,18.860082,0.83141994,1.2068655,1.0034121,0.20345346,-1.5592392,-1.5238314,-1.4876357,-0.60816753,-1.213853,-1.4874621,-1.5238314,-1.63097,-1.4041512,-1.9476105,7,5,4,4,6,4,4,2,6,4,7,2,7,7,8,4,3,6,3,2,-1.097317,0.50117385,1.7686163,0.88638426,0.88223208
-16.319844,1,0.63695017,3,7,0,17.488069,0.73242055,2.3699581,1.735806,0.63415208,-1.5645127,-1.6612895,-1.3803962,-0.78036119,-1.1918079,-1.4011409,-1.6612895,-1.4732072,-1.3084305,-2.1462855,2,1,4,8,7,5,3,3,4,6,4,3,5,8,6,3,5,4,5,5,-0.98425655,0.42117101,1.3802298,0.58131279,0.79891703
-16.337464,1,0.96843181,2,3,0,16.372825,0.86649646,2.0873332,1.8086668,0.27866638,-1.4767665,-1.4437985,-1.3996419,-0.47180529,-1.1129314,-1.3956898,-1.4437985,-1.6076878,-1.3133758,-1.9204342,3,8,3,7,7,2,5,3,3,8,6,3,2,7,7,4,2,6,3,7,-1.3304971,0.078289446,2.4568427,0.19234486,2.2644979
-16.378964,0.97764821,1.4660686,2,3,0,16.4111,0.72357299,2.4970806,1.80682,0.69026052,-1.5688699,-1.6782052,-1.3744947,-0.80019468,-1.1952772,-1.3981928,-1.6782052,-1.4614239,-1.3037448,-2.1690532,5,4,3,7,4,4,4,5,3,7,4,6,5,7,8,6,2,2,1,8,-1.0570624,0.6460926,1.339555,0.8654766,0.47407845
-16.597391,1,2.1121379,1,1,0,16.657854,0.81611155,3.7625484,3.0706592,0.6918892,-1.4710585,-1.5085755,-1.3286276,-0.55181844,-1.0793905,-1.3307114,-1.5085755,-1.5130872,-1.2476015,-2.0319328,5,3,4,7,8,2,3,4,2,8,6,5,6,4,5,4,5,4,2,6,-2.4544784,0.49434857,0.50648322,0.25037926,0.25610397
-16.597391,0.10338188,3.1715584,1,1,0,16.6367,0.81611155,3.7625484,3.0706592,0.6918892,-1.4710585,-1.5085755,-1.3286276,-0.55181844,-1.0793905,-1.3307114,-1.5085755,-1.5130872,-1.2476015,-2.0319328,5,3,3,5,7,4,5,3,7,8,4,4,4,8,8,5,5,6,3,4,-2.4544784,0.37428253,3.0961725,1.1588433,1.9373293
-17.576238,0.67399126,0.7842611,2,7,0,25.512966,0.8963153,1.2614791,1.130683,0.13079608,-1.5184451,-1.4393534,-1.4844888,-0.46818831,-1.1807982,-1.4799194,-1.4393534,-1.6840182,-1.395924,-1.875202,6,6,2,6,5,2,5,2,5,6,4,2,4,8,8,2,4,5,4,5,-1.4669686,0.40348649,1.1738295,0.47362435,0.70020516
-16.283523,0.99630555,0.61458607,2,7,0,17.851163,0.86040738,2.1493389,1.849307,0.30003184,-1.4779738,-1.4513678,-1.3950184,-0.4830345,-1.1118407,-1.3915274,-1.4513678,-1.5987979,-1.3093055,-1.9301332,6,5,6,6,8,7,3,2,4,7,4,4,5,7,6,3,3,7,1,6,-1.3289402,0.68747125,0.80525789,0.55359165,0.25166624
-16.536876,0.93243274,0.91610712,2,3,0,17.362939,0.76275373,1.5925472,1.2147213,0.3778259,-1.5714688,-1.6110479,-1.4372428,-0.7304193,-1.2131435,-1.4484693,-1.6110479,-1.5415579,-1.3607523,-2.0549445,5,4,7,7,7,6,3,5,4,7,5,2,5,8,5,4,6,3,2,7,-0.71264026,0.54169467,2.6756492,1.4493849,1.2262643
-16.600613,0.63789043,1.1988071,2,3,0,17.653015,0.86758622,3.5092159,3.0445474,0.46466855,-1.4360552,-1.4224212,-1.3393157,-0.42784362,-1.0547243,-1.3346873,-1.4224212,-1.5770976,-1.2527118,-1.9393356,7,2,3,8,8,5,6,6,2,6,5,3,4,5,6,3,3,4,3,4,-2.4855284,0.61437458,3.1456532,1.9326094,1.2130439
-16.399734,0.94894542,0.87620763,2,3,0,17.299817,0.84586758,3.2728364,2.7683862,0.5044502,-1.4561509,-1.4599138,-1.3439725,-0.48553536,-1.0725707,-1.3416398,-1.4599138,-1.5545371,-1.2596406,-1.9720244,4,3,5,7,6,3,4,2,4,7,2,2,5,8,7,5,3,4,4,7,-2.1421564,0.49015272,1.2455693,0.61051916,0.63505009
-17.18172,0.65456545,1.1814521,2,3,0,17.643757,0.93509216,2.3131334,2.1629929,0.15014049,-1.4254331,-1.3425098,-1.3962159,-0.30457184,-1.080268,-1.3905339,-1.3425098,-1.6847705,-1.3041339,-1.8306321,4,5,6,6,7,6,3,7,2,8,7,1,5,8,7,3,2,2,2,8,-2.1168469,0.55360388,0.69132963,0.38272277,0.30860687
-16.935549,1,0.89471711,1,1,0,17.207102,0.92391047,2.4674398,2.2796935,0.18774633,-1.4258462,-1.3534416,-1.38607,-0.32316747,-1.0738603,-1.3800161,-1.3534416,-1.6668179,-1.294743,-1.8459152,3,5,6,6,5,1,2,5,5,8,4,3,4,7,7,5,2,6,3,5,-2.0804262,0.42937179,3.3400103,1.4341062,1.9059041
-17.006805,0.97438418,1.3281636,2,3,0,17.066464,0.64944622,2.794323,1.8147625,0.97956046,-1.6305029,-1.8282513,-1.3710665,-0.98525811,-1.2685658,-1.4234744,-1.8282513,-1.4038028,-1.3100879,-2.340056,8,3,5,6,7,7,2,4,3,6,4,5,3,7,4,3,5,3,4,6,-1.1652019,0.81486716,1.552918,1.2654219,0.28749613
-17.006805,0.051866078,1.869514,1,3,0,17.429015,0.64944622,2.794323,1.8147625,0.97956046,-1.6305029,-1.8282513,-1.3710665,-0.98525811,-1.2685658,-1.4234744,-1.8282513,-1.4038028,-1.3100879,-2.340056,6,6,2,8,5,7,6,5,3,8,5,5,5,5,6,4,4,7,2,7,-1.1652019,0.73417614,2.5274983,1.8556289,0.67186937
-16.145575,0.99262802,0.44497042,2,7,0,17.544582,0.82159027,2.2160221,1.8206622,0.3953599,-1.5015214,-1.5098213,-1.388161,-0.57070951,-1.1290882,-1.3892056,-1.5098213,-1.5561948,-1.3062401,-1.9893678,3,3,4,8,3,5,5,2,4,7,4,3,4,7,7,6,2,4,2,8,-1.1709714,0.2914115,1.6317519,0.47551127,1.1562406
-16.212663,0.99028169,0.64977405,1,3,0,16.387448,0.79128329,1.9689785,1.5580198,0.4109587,-1.5326952,-1.5613397,-1.4039249,-0.65013393,-1.1639839,-1.4099638,-1.5613397,-1.5395591,-1.3249815,-2.0284676,4,2,3,6,5,4,4,5,1,5,5,1,5,7,6,6,1,7,3,5,-0.91291214,0.73010356,2.8123037,2.053273,0.75903076
-16.178017,0.99876831,0.94136098,2,3,0,16.235918,0.79686285,2.0498024,1.6334114,0.41639102,-1.5253873,-1.5514512,-1.3982022,-0.63429408,-1.1550117,-1.4032713,-1.5514512,-1.5403545,-1.3187425,-2.0227155,2,3,6,8,7,8,5,6,4,7,7,4,6,7,6,5,3,2,4,6,-0.97393186,0.70062903,2.9454069,2.0636376,0.88176932
-16.462803,0.55024255,1.3813206,2,3,0,19.157182,0.79842272,3.4807425,2.7791039,0.70163861,-1.4892332,-1.5410693,-1.3354171,-0.59994931,-1.0990398,-1.3408277,-1.5410693,-1.4990897,-1.2563936,-2.0592325,7,5,7,7,6,4,1,6,2,5,6,2,6,7,6,7,2,7,3,6,-2.1220273,0.70352954,4.8784071,3.4321035,1.4463036
-16.634193,0.9841208,0.86574567,2,3,0,16.753971,0.8659806,3.5962304,3.1142658,0.48196464,-1.435722,-1.4243524,-1.3368092,-0.43022689,-1.0532779,-1.3322964,-1.4243524,-1.5739289,-1.2503559,-1.9429864,4,2,4,7,7,4,4,3,6,7,4,4,5,8,7,3,5,5,2,6,-2.5561069,0.40106173,2.0921157,0.83906753,1.2530481
-20.349295,0.25041846,1.2320835,2,3,0,21.690798,0.98582174,3.9006535,3.845349,0.055304496,-1.3528952,-1.2444247,-1.3545027,-0.13411688,-1.0271698,-1.3524014,-1.2444247,-1.7485198,-1.2578447,-1.765874,1,5,5,6,7,5,3,3,4,7,2,2,4,8,8,6,4,8,5,5,-4.9579407,0.33369379,2.6212286,0.87468771,1.7465409
-18.499893,0.99779663,0.44245778,3,7,0,20.885398,0.52757433,2.9085389,1.5344705,1.3740685,-1.7562729,-2.1051383,-1.3990976,-1.3087308,-1.4388717,-1.5188106,-2.1051383,-1.3580777,-1.3546528,-2.6618838,4,3,4,6,6,3,6,1,2,8,7,3,5,6,5,3,3,5,2,8,-1.1715291,0.380904,3.0093336,1.1462672,1.8630664
-17.097821,0.97552044,0.6458106,3,7,0,19.433036,0.62651096,2.3419875,1.4672808,0.87470666,-1.6584452,-1.866887,-1.3964208,-1.04417,-1.3097924,-1.4565826,-1.866887,-1.4127252,-1.3374101,-2.3597227,4,7,2,5,8,5,4,4,7,6,6,7,2,5,5,6,3,5,4,7,-0.78732241,0.4384787,2.1685726,0.95087291,1.2176997
-16.52263,1,0.90148586,1,1,0,16.966979,0.69735506,2.3838892,1.6624172,0.72147201,-1.5936827,-1.7268544,-1.38288,-0.86645553,-1.226344,-1.4148294,-1.7268544,-1.4485055,-1.3151367,-2.2140831,7,3,3,6,6,3,3,2,5,8,7,2,4,6,4,4,3,6,4,5,-0.92008166,0.47386348,2.9593941,1.4023488,1.5570453
-17.313255,0.5207826,1.3128845,2,3,0,18.215564,0.91570271,1.5394129,1.4096445,0.12976833,-1.4817419,-1.3981789,-1.4521312,-0.39876313,-1.1421633,-1.4468979,-1.3981789,-1.686209,-1.3620394,-1.8529589,4,6,5,6,5,3,5,3,2,8,8,3,7,8,4,4,3,6,1,6,-1.5639241,0.22055534,5.3486383,1.1796707,4.1689676
-20.458748,0.83818239,0.78882318,2,3,0,20.648994,0.94268628,0.79481708,0.74926315,0.045553924,-1.574612,-1.4463692,-1.5854518,-0.4630139,-1.2642603,-1.5820492,-1.4463692,-1.7797649,-1.4938723,-1.8493948,8,2,3,7,4,1,4,2,6,6,6,2,7,8,8,4,1,4,2,5,-2.82571,0.29084701,0.86097717,0.25041263,0.61056454
-18.229644,0.95819308,0.8516694,2,5,0,21.023803,0.74948526,5.9753911,4.4784675,1.4969235,-1.5118302,-1.6370434,-1.2936831,-0.71029831,-1.1079817,-1.3127534,-1.6370434,-1.4212199,-1.2214581,-2.2012178,5,3,4,6,5,7,3,6,3,6,4,3,4,7,5,5,4,5,4,7,-4.2901584,0.57988094,1.1076751,0.64231967,0.46535541
-19.463706,0.87927248,1.1440094,1,1,0,19.597221,0.78231381,7.9982935,6.2571754,1.741118,-1.4739993,-1.5708568,-1.2765366,-0.6161611,-1.0625593,-1.2865869,-1.5708568,-1.4432714,-1.2001345,-2.1458705,3,3,3,5,5,2,5,4,4,6,6,4,5,8,8,5,3,4,1,8,-6.1259014,0.56983298,2.9226458,1.66542,1.2572258
-19.463706,5.8109021e-17,2.6560677,1,3,1,20.12598,0.78231381,7.9982935,6.2571754,1.741118,-1.4739993,-1.5708568,-1.2765366,-0.6161611,-1.0625593,-1.2865869,-1.5708568,-1.4432714,-1.2001345,-2.1458705,3,2,4,8,7,4,3,5,5,7,5,4,6,8,8,7,3,6,4,7,-6.1259014,0.79981511,2.3380367,1.869997,0.46803961
-19.463706,0,6.2020902,0,1,1,20.10785,0.78231381,7.9982935,6.2571754,1.741118,-1.4739993,-1.5708568,-1.2765366,-0.6161611,-1.0625593,-1.2865869,-1.5708568,-1.4432714,-1.2001345,-2.1458705,5,5,8,3,5,2,8,2,4,7,6,3,1,7,8,3,2,5,3,7,-6.1259014,0.01710265,1.2964904,0.022173422,1.274317
-17.340486,0.99846042,0.611522,2,5,0,19.352497,0.82890127,1.1754804,0.97435717,0.2011232,-1.5641244,-1.5288722,-1.4926259,-0.61658761,-1.2197698,-1.4927324,-1.5288722,-1.6324658,-1.4093106,-1.9498345,5,5,5,8,7,4,1,7,3,7,3,2,6,7,7,2,3,7,7,6,-1.1137988,0.64270645,3.5942834,2.3100691,1.2842143
-18.340702,0.95108064,0.63429466,3,7,0,18.879443,0.80961041,6.4395491,5.213526,1.2260231,-1.4551052,-1.5167281,-1.2885709,-0.54845711,-1.0489493,-1.2921039,-1.5167281,-1.4814336,-1.2085213,-2.0757246,4,7,6,4,6,2,7,1,6,8,6,4,6,8,8,5,3,3,3,6,-4.9009534,0.065725895,1.654581,0.10874881,1.5458321
-16.977656,0.99557496,0.74579238,2,3,0,18.808642,0.92095014,3.0207814,2.7819891,0.23879236,-1.4105985,-1.3466235,-1.3626099,-0.31066521,-1.0514861,-1.3561988,-1.3466235,-1.6541397,-1.2712171,-1.8533152,3,4,5,6,4,3,5,4,4,8,2,5,2,8,6,7,7,2,4,5,-2.4996686,0.25899263,2.7064875,0.70096032,2.0055272
-17.163251,0.99489111,1.1438222,2,3,0,17.350423,0.93470261,2.5238642,2.3590625,0.16480175,-1.4174158,-1.3374268,-1.3854361,-0.29594892,-1.0695647,-1.3796012,-1.3374268,-1.6803984,-1.2932348,-1.8318594,3,4,6,7,6,4,4,6,4,8,6,4,6,8,6,6,2,7,2,5,-2.2643995,0.79504075,2.0308065,1.6145739,0.41623257
-17.163251,0.2527552,1.9083752,1,1,0,18.3427,0.93470261,2.5238642,2.3590625,0.16480175,-1.4174158,-1.3374268,-1.3854361,-0.29594892,-1.0695647,-1.3796012,-1.3374268,-1.6803984,-1.2932348,-1.8318594,3,5,4,5,7,2,3,3,4,7,4,1,3,8,7,6,3,7,1,5,-2.2643995,0.53748624,3.3228728,1.7859984,1.5368744
-16.995042,0.99846362,0.33260338,3,7,0,17.503376,0.92241397,2.0330207,1.8752867,0.157734,-1.4457658,-1.3680098,-1.4109822,-0.34811241,-1.0992039,-1.4052472,-1.3680098,-1.6750648,-1.3200571,-1.8457623,4,3,7,5,5,3,3,4,7,5,6,2,3,8,7,6,3,4,3,6,-1.78122,0.54745876,1.1733003,0.64233354,0.53096679
-17.103454,0.99816833,0.59489014,2,3,0,17.133079,0.92774271,2.0226518,1.8765004,0.14615134,-1.4433088,-1.3614391,-1.4126312,-0.33681888,-1.0990318,-1.4069882,-1.3614391,-1.6820687,-1.3213123,-1.8390843,4,4,1,7,6,3,2,2,2,7,4,3,5,8,8,6,5,3,3,7,-1.8412178,0.56437303,1.269703,0.71658614,0.55311687
-16.854315,1,1.0920376,1,1,0,17.220175,0.90973685,1.9063894,1.7343127,0.17207671,-1.4598563,-1.3891696,-1.418047,-0.3840436,-1.1108652,-1.4124155,-1.3891696,-1.6636322,-1.3281823,-1.8610539,6,1,5,8,6,3,2,3,3,7,6,4,5,7,5,4,1,6,3,8,-1.5834646,0.69722801,1.9625139,1.3683197,0.59419424
-16.854315,0.20677306,2.0463781,1,1,0,18.358844,0.90973685,1.9063894,1.7343127,0.17207671,-1.4598563,-1.3891696,-1.418047,-0.3840436,-1.1108652,-1.4124155,-1.3891696,-1.6636322,-1.3281823,-1.8610539,7,6,7,8,7,7,4,3,3,8,5,3,4,7,8,6,4,5,3,5,-1.5834646,0.47836426,1.7336762,0.82932872,0.90434747
-16.523551,0.99446008,0.31510771,4,15,0,17.661861,0.80829852,1.573984,1.2722489,0.30173507,-1.5420823,-1.5419053,-1.4391313,-0.62959596,-1.1834884,-1.4419997,-1.5419053,-1.5787545,-1.358124,-1.9884969,6,4,4,8,8,6,1,6,5,7,7,6,5,7,5,5,3,7,2,8,-0.86703774,0.82567481,2.9549281,2.4398097,0.5151184
-16.219078,0.99839475,0.58913252,3,7,0,16.663376,0.75927979,2.1820454,1.656783,0.52526244,-1.5485175,-1.6134052,-1.3899129,-0.71923106,-1.1765782,-1.4031178,-1.6134052,-1.5023567,-1.3146375,-2.0896955,5,4,3,6,3,2,6,4,4,7,4,3,6,8,8,6,3,4,4,7,-0.92897771,0.13959771,1.9090186,0.26649461,1.6425239
-18.998064,0.36033108,1.1160006,2,3,0,21.347103,0.90380286,6.8315866,6.1744075,0.65717911,-1.3774232,-1.3468547,-1.2959069,-0.30173141,-0.99229762,-1.2886393,-1.3468547,-1.6066094,-1.2051075,-1.8996268,5,3,2,8,8,5,5,3,5,5,5,4,5,7,4,5,4,5,4,7,-5.8160695,0.6273596,1.883312,1.1815139,0.70179815
-18.36053,0.99937644,0.28829986,4,15,0,20.131966,0.71322217,0.91448385,0.65223015,0.2622537,-1.663821,-1.6954851,-1.5463642,-0.87685623,-1.337427,-1.5651279,-1.6954851,-1.6008187,-1.4722319,-2.0741152,2,6,7,4,6,6,5,3,3,6,7,7,7,8,7,3,2,6,5,8,-1.1563922,0.40427352,1.0748366,0.43452796,0.64030861
-22.528982,0.76211384,0.55019226,2,3,0,22.949087,0.7812132,0.45735543,0.3572921,0.10006333,-1.7449596,-1.6686274,-1.7149973,-0.84076839,-1.4423283,-1.7193908,-1.6686274,-1.7783882,-1.631825,-1.9980526,5,8,5,8,6,6,4,2,4,8,7,3,6,3,3,2,4,6,2,5,-3.7721581,0.27354894,2.5146972,0.68789275,1.8268045
-21.630477,1,0.50298067,2,3,0,22.677133,0.80653196,0.51961093,0.41908282,0.10052811,-1.7099924,-1.630211,-1.68101,-0.77902651,-1.4010973,-1.6831793,-1.630211,-1.7613866,-1.5968282,-1.9749447,6,4,4,7,8,3,6,6,1,5,4,5,3,8,7,2,5,7,7,6,-3.2702607,0.74142879,2.6944527,1.9977448,0.69670791
-16.658063,1,0.95407023,1,3,0,20.299456,0.77237808,1.4834582,1.1457906,0.33766761,-1.5717356,-1.5976859,-1.4490374,-0.71419468,-1.2161589,-1.4580388,-1.5976859,-1.5578595,-1.3713794,-2.0350258,4,4,4,8,7,8,5,5,4,5,5,4,4,7,8,5,5,5,2,3,-0.74528669,0.91777939,1.4511879,1.3318704,0.11931756
-16.658063,0.044489783,1.7947769,2,3,0,17.979963,0.77237808,1.4834582,1.1457906,0.33766761,-1.5717356,-1.5976859,-1.4490374,-0.71419468,-1.2161589,-1.4580388,-1.5976859,-1.5578595,-1.3713794,-2.0350258,4,4,4,7,7,5,2,5,3,7,6,3,4,6,6,2,3,3,1,7,-0.74528669,0.54205018,1.6836923,0.91264572,0.7710466
-16.656193,0.9971277,0.18925463,4,15,0,17.363906,0.90180157,2.8770223,2.5945032,0.28251908,-1.4265652,-1.3767729,-1.3644811,-0.36025423,-1.0613868,-1.35827,-1.3767729,-1.6303863,-1.274798,-1.8797993,6,8,5,5,4,4,7,1,3,6,6,1,2,8,8,5,4,6,3,6,-2.1793361,0.25451424,2.462186,0.62666142,1.8355246
-16.323776,0.97920625,0.35476643,2,7,0,18.430549,0.74745625,1.9428361,1.452185,0.49065111,-1.5659806,-1.6341282,-1.4067907,-0.75343763,-1.1999581,-1.4224374,-1.6341282,-1.50604,-1.3325112,-2.0981501,6,3,3,7,5,5,2,2,2,8,5,5,4,8,6,2,4,5,1,6,-0.76711278,0.57572709,3.6164584,2.082093,1.5343653
-16.648619,0.90094386,0.62475574,3,7,0,18.341574,0.85763128,3.7040036,3.1766693,0.52733427,-1.4400843,-1.4373587,-1.3331467,-0.44902976,-1.0548979,-1.3294087,-1.4373587,-1.5621637,-1.2475459,-1.9581905,4,2,1,7,2,4,2,7,6,6,5,3,4,7,8,6,2,6,5,4,-2.6059324,0.36012408,0.8866563,0.31930628,0.56735002
-16.648619,0.86069728,0.86694461,2,3,0,17.838757,0.85763128,3.7040036,3.1766693,0.52733427,-1.4400843,-1.4373587,-1.3331467,-0.44902976,-1.0548979,-1.3294087,-1.4373587,-1.5621637,-1.2475459,-1.9581905,4,2,3,7,7,5,5,2,5,8,4,2,5,7,8,5,4,4,3,7,-2.6059324,0.46843248,1.5204393,0.71222317,0.80821617
-16.503059,1,1.0647725,2,3,0,16.705076,0.87079708,3.2469585,2.827442,0.41951651,-1.4387376,-1.4196038,-1.3473412,-0.42521942,-1.0605593,-1.3425314,-1.4196038,-1.5849081,-1.2604597,-1.931009,6,1,6,8,5,5,3,2,6,8,7,2,3,8,8,6,5,5,2,6,-2.2660871,0.30580819,1.3937466,0.42621912,0.96752746
-17.500911,0.30520953,1.9475475,1,1,0,17.98477,0.88916953,1.2593417,1.1197683,0.13957343,-1.5223415,-1.448058,-1.4840028,-0.48313611,-1.1831568,-1.4796515,-1.448058,-1.6772192,-1.3959651,-1.882928,7,4,4,6,8,3,5,3,1,8,7,5,4,8,8,5,3,4,1,5,-1.4097618,0.69270445,1.9804584,1.3718724,0.60858607
-16.839569,0.99951175,0.48442014,2,3,0,17.562728,0.86842456,1.502611,1.3049043,0.19770671,-1.5107022,-1.4603219,-1.4504827,-0.50322434,-1.160304,-1.4468549,-1.4603219,-1.6387026,-1.364083,-1.9085143,4,3,4,7,8,5,5,2,4,7,2,2,4,8,4,4,2,7,3,7,-1.1740123,0.56857284,2.0077897,1.1415747,0.86621499
-16.983041,0.98616492,0.88205926,2,3,0,17.184303,0.74955575,4.1212783,3.0891278,1.0321505,-1.5233762,-1.6336057,-1.3208961,-0.7187373,-1.1293597,-1.3389213,-1.6336057,-1.4415703,-1.2481083,-2.1697365,3,5,4,3,6,6,5,1,1,8,7,3,3,8,7,5,1,4,3,7,-2.5684936,0.18721899,1.5067467,0.28209161,1.2246551
-16.983041,0.3228471,1.5315919,1,1,0,18.093039,0.74955575,4.1212783,3.0891278,1.0321505,-1.5233762,-1.6336057,-1.3208961,-0.7187373,-1.1293597,-1.3389213,-1.6336057,-1.4415703,-1.2481083,-2.1697365,6,3,2,7,7,7,4,5,1,8,6,3,2,8,7,5,4,4,1,4,-2.5684936,0.8319197,1.5018496,1.2494183,0.25243133
-18.247115,0.94633065,0.41542254,3,7,0,18.400353,0.95134906,1.491479,1.4189171,0.07256185,-1.4679234,-1.3591583,-1.4633907,-0.32813985,-1.1429653,-1.4591449,-1.3591583,-1.7299199,-1.3709211,-1.8143016,3,4,3,8,4,4,3,6,3,8,6,4,5,8,7,3,4,6,6,8,-2.078901,0.56851479,2.568599,1.4602865,1.1083125
-17.792899,0.98411659,0.64439328,2,7,0,18.884779,0.91228288,1.2631337,1.1523353,0.11079845,-1.5102609,-1.4205068,-1.4862371,-0.43524806,-1.1766748,-1.4814277,-1.4205068,-1.6999452,-1.3965329,-1.8582653,3,2,4,8,6,3,2,4,3,6,4,3,4,8,8,7,4,4,3,5,-1.6154461,0.78015292,2.6657792,2.0797154,0.58606378
-17.159297,1,1.1004995,1,1,0,17.82979,0.91661913,1.6733361,1.5338119,0.13952421,-1.4709381,-1.3901027,-1.4388244,-0.3853956,-1.1287649,-1.4334238,-1.3901027,-1.6808714,-1.34858,-1.8518605,5,4,4,7,6,6,4,4,3,7,6,1,6,7,8,5,1,5,3,4,-1.5838525,0.79598252,3.7704179,3.0011868,0.76923115
-17.159297,0.021064882,1.9450126,1,3,0,17.719181,0.91661913,1.6733361,1.5338119,0.13952421,-1.4709381,-1.3901027,-1.4388244,-0.3853956,-1.1287649,-1.4334238,-1.3901027,-1.6808714,-1.34858,-1.8518605,5,2,3,6,8,6,4,5,2,7,7,1,3,8,8,4,1,3,4,6,-1.5838525,0.64671869,6.1898624,4.0030997,2.1867627
-17.937301,0.99380672,0.24375988,3,15,0,18.975634,0.95915454,2.5964287,2.4903764,0.10605231,-1.4008377,-1.3034152,-1.3874775,-0.23670614,-1.0650633,-1.3829243,-1.3034152,-1.7140635,-1.2934539,-1.8003557,6,4,6,6,5,3,5,6,3,7,6,1,3,8,6,2,3,5,2,6,-2.7640629,0.49808074,2.1325225,1.0621684,1.0703541
-16.217204,0.98583747,0.42498985,2,5,0,19.593643,0.80928722,1.9501102,1.5781993,0.37191095,-1.5209074,-1.5329999,-1.4056382,-0.60917834,-1.1529882,-1.4085246,-1.5329999,-1.5564655,-1.3248374,-2.0001801,6,4,8,7,7,5,6,2,1,8,6,4,4,8,6,5,4,2,3,6,-0.9717822,0.59531063,3.0142873,1.7944373,1.21985
-16.761337,0.93768005,0.71897211,2,7,0,16.861655,0.72721661,3.5347326,2.5705163,0.96421636,-1.5494029,-1.6762067,-1.3362733,-0.78073007,-1.1627611,-1.3606941,-1.6762067,-1.4335293,-1.2660464,-2.2015996,5,3,3,8,8,4,3,6,2,7,3,4,6,7,4,3,3,6,4,8,-1.9629165,0.59014425,1.702662,1.0048162,0.6978458
-16.159107,0.92154068,1.0626478,2,3,0,17.337375,0.80349171,2.6832287,2.155952,0.5272767,-1.5005905,-1.5352981,-1.3634326,-0.60106172,-1.119689,-1.3675962,-1.5352981,-1.522674,-1.2835945,-2.0314392,4,3,3,6,5,3,3,2,1,8,5,3,5,6,6,8,2,3,3,6,-1.4396152,0.23937122,1.6737635,0.4006508,1.2731127
-16.159107,0.011355795,1.4965057,2,3,0,17.064065,0.80349171,2.6832287,2.155952,0.5272767,-1.5005905,-1.5352981,-1.3634326,-0.60106172,-1.119689,-1.3675962,-1.5352981,-1.522674,-1.2835945,-2.0314392,3,6,5,6,5,6,7,5,3,8,5,5,2,8,8,4,2,5,5,8,-1.4396152,0.49087966,1.6838863,0.82658553,0.85730075
-16.274844,0.99562527,0.1987248,3,11,0,16.883951,0.82956531,1.8925937,1.5700301,0.32256363,-1.5099495,-1.5028935,-1.4108769,-0.5651983,-1.1446528,-1.410814,-1.5028935,-1.5782995,-1.3280496,-1.9685778,5,4,5,5,5,2,2,4,2,7,5,3,4,7,7,6,4,6,4,8,-1.0343305,0.72541148,1.8673259,1.3545796,0.51274624
-16.749504,0.97997757,0.34104965,2,7,0,17.324028,0.91058276,2.1768482,1.9822004,0.19464776,-1.4456456,-1.3792846,-1.399715,-0.36699462,-1.0924603,-1.3938329,-1.3792846,-1.6563032,-1.3096269,-1.8617418,2,2,5,5,4,5,3,3,5,6,3,3,7,8,4,5,2,6,2,7,-1.7343808,0.29651275,1.8809421,0.55772331,1.3232188
-16.44152,0.83826347,0.55774237,1,3,0,19.800008,0.73389727,2.9296575,2.1500676,0.77958986,-1.5517978,-1.6606902,-1.3550521,-0.76910609,-1.1707771,-1.376455,-1.6606902,-1.4541473,-1.2835083,-2.1672981,5,1,2,7,5,3,1,5,3,6,6,3,2,8,6,5,4,4,3,7,-1.4336248,0.63025183,3.8305231,2.4141942,1.4163289
-18.024737,0.80243667,0.63253223,2,7,0,18.595438,0.95013734,3.8173236,3.6269817,0.1903419,-1.3755364,-1.2939459,-1.3465783,-0.2212714,-1.0255544,-1.3409437,-1.2939459,-1.6903721,-1.2524534,-1.8151682,6,4,3,5,6,4,4,1,3,8,4,1,4,8,8,5,4,5,2,7,-3.6588851,0.12472359,3.5388064,0.44137265,3.0974338
-16.708805,0.99726111,0.65433128,2,3,0,18.438416,0.90643255,2.1161472,1.9181446,0.1980025,-1.4509058,-1.3867044,-1.4028655,-0.37949857,-1.0972382,-1.3970787,-1.3867044,-1.6529057,-1.3131468,-1.8667288,7,5,6,8,6,4,6,4,4,7,4,4,6,8,6,5,3,5,3,8,-1.6573134,0.66609135,0.95609242,0.6368449,0.31924753
-17.087251,0.79975571,1.0993758,2,3,0,17.757624,0.75204756,4.3065195,3.2387075,1.067812,-1.5195198,-1.629019,-1.3170968,-0.71104131,-1.1239911,-1.3345144,-1.629019,-1.4410591,-1.2440603,-2.1684247,7,4,2,8,8,6,2,4,3,7,5,5,4,7,5,5,5,6,5,8,-2.7501614,0.68433307,2.8263242,1.9341471,0.89217707
-16.996524,1,1.1243979,2,3,0,17.173367,0.86313794,1.3894248,1.1992653,0.19015955,-1.5233234,-1.4727468,-1.4636198,-0.52420269,-1.1752989,-1.4604701,-1.4727468,-1.641794,-1.3776355,-1.913362,3,5,4,7,7,8,4,4,3,7,5,3,3,7,5,6,1,8,4,5,-1.164251,0.6529417,2.0329766,1.3274152,0.7055614
-16.996524,3.9955855e-11,1.8800103,1,1,0,20.141516,0.86313794,1.3894248,1.1992653,0.19015955,-1.5233234,-1.4727468,-1.4636198,-0.52420269,-1.1752989,-1.4604701,-1.4727468,-1.641794,-1.3776355,-1.913362,5,4,6,8,3,3,3,6,1,8,7,4,4,8,6,7,4,3,2,5,-1.164251,0.45257617,1.49856,0.67821253,0.82034745
-17.454642,0.98566315,0.27214194,1,3,0,17.750455,0.87715211,1.2325352,1.0811208,0.15141435,-1.5315753,-1.4645096,-1.4868182,-0.51095835,-1.1908868,-1.4830168,-1.4645096,-1.6681893,-1.3996834,-1.8960407,3,2,5,8,6,3,6,2,5,7,7,1,5,8,5,6,3,6,3,6,-1.3396436,0.47049153,1.875964,0.88262516,0.99333883
-16.947148,0.99919199,0.44059872,3,7,0,18.363055,0.92398344,2.3083507,2.1328778,0.17547288,-1.4320547,-1.3574451,-1.394374,-0.33009714,-1.0821238,-1.3884338,-1.3574451,-1.6701657,-1.3031424,-1.8449855,4,6,3,8,4,4,4,6,2,7,5,3,4,8,7,6,1,7,2,7,-1.9675495,0.65362324,2.0609963,1.3471151,0.71388122
-16.236696,0.95321913,0.73191526,1,3,0,17.692871,0.80893563,2.9717923,2.4039887,0.56780361,-1.4899059,-1.5243669,-1.3519852,-0.58189022,-1.1055466,-1.3552352,-1.5243669,-1.5204724,-1.2716334,-2.0292389,5,6,1,5,5,2,6,7,5,8,5,4,4,7,6,5,2,5,4,8,-1.7040385,0.22336855,1.2008223,0.26822593,0.93259633
-16.677343,0.63712904,1.0816925,2,3,0,18.454255,0.7802867,3.8097063,2.9726631,0.83704313,-1.4998374,-1.574014,-1.3268545,-0.64208733,-1.1066119,-1.3364245,-1.574014,-1.4752445,-1.2500918,-2.1005652,2,6,4,7,8,5,4,4,2,8,8,1,5,8,7,7,3,6,3,5,-2.365625,0.69890691,4.9534734,3.4620168,1.4914566
-16.569652,0.98351132,0.75103532,2,3,0,16.920065,0.88291364,1.8685887,1.6498024,0.21878625,-1.4776663,-1.426628,-1.4173443,-0.44611489,-1.121692,-1.4125269,-1.426628,-1.6343525,-1.3296829,-1.8950031,6,3,4,6,6,6,3,2,5,7,6,3,3,7,7,4,1,7,5,7,-1.3378248,0.75445292,2.1860715,1.6492881,0.53678348
# Adaptation terminated
# Step size = 0.724823
# Diagonal elements of inverse mass matrix:
# 0.764945, 0.254313
-18.061234,0.85234491,0.72482342,2,3,0,18.569059,0.73113858,0.97029795,0.70942226,0.26087569,-1.6456762,-1.6692709,-1.5325058,-0.83612349,-1.3140223,-1.5478486,-1.6692709,-1.5987107,-1.4570882,-2.0569381,7,4,2,5,6,4,2,7,2,5,2,4,6,7,5,4,3,4,3,5,-1.0769149,0.81239216,1.6434205,1.3351019,0.30831858
-16.640142,0.82095037,0.72482342,2,3,0,20.039134,0.84919143,3.7482849,3.1830114,0.56527348,-1.4456928,-1.4512416,-1.3312279,-0.46927832,-1.0584935,-1.3284194,-1.4512416,-1.551308,-1.24652,-1.9731103,2,3,4,7,5,5,4,4,6,6,5,2,4,8,6,6,5,4,2,8,-2.5996927,0.4347243,2.1829678,0.94898913,1.2339786
-16.261423,0.94929782,0.72482342,2,3,0,17.310269,0.86256364,2.4028155,2.0725813,0.33023421,-1.4668414,-1.4433253,-1.3806006,-0.46815114,-1.0969718,-1.376799,-1.4433253,-1.5930423,-1.2946589,-1.9314535,3,2,5,5,7,4,3,7,1,8,6,2,4,8,7,3,3,5,4,5,-1.5104538,0.68748402,3.3802829,2.3238905,1.0563924
-16.50566,0.97692581,0.72482342,3,7,0,16.614342,0.70931303,1.9234008,1.3642933,0.55910754,-1.5964053,-1.7005534,-1.4109591,-0.84414477,-1.2358306,-1.4372159,-1.7005534,-1.4811906,-1.3409219,-2.1628693,1,5,6,6,3,6,5,3,6,8,7,2,4,8,6,2,5,4,5,8,-0.67014356,0.42233645,1.2360368,0.52202339,0.71401339
-17.580061,0.83913121,0.72482342,2,3,0,17.840055,0.88537128,1.2143106,1.0751157,0.13919487,-1.5294157,-1.4558959,-1.4904461,-0.49626777,-1.1908869,-1.4863072,-1.4558959,-1.6775552,-1.402688,-1.8871164,4,5,4,7,5,2,5,2,2,8,4,4,4,8,8,4,3,7,3,7,-1.413957,0.29124726,3.458873,1.0073873,2.4514857
-17.164328,0.97273753,0.72482342,3,7,0,18.614722,0.76832224,4.5375172,3.4862753,1.0512418,-1.5030758,-1.5971902,-1.3122769,-0.66708872,-1.1050181,-1.3252261,-1.5971902,-1.4532331,-1.23722,-2.1385848,3,5,7,6,8,6,4,4,7,8,6,4,4,7,7,4,2,5,3,6,-3.0146505,0.56743071,2.0695663,1.1743355,0.89523084
-16.283296,0.98151494,0.72482342,2,3,0,17.423938,0.74257681,2.1566909,1.6015086,0.55518226,-1.5623299,-1.6425529,-1.3922527,-0.75981113,-1.1923324,-1.4096716,-1.6425529,-1.4907176,-1.3188293,-2.1175088,3,4,6,7,8,4,2,3,3,6,5,5,4,8,8,7,3,3,6,7,-0.86864852,0.73659595,2.8648115,2.1102085,0.75460293
-16.235683,0.99031239,0.72482342,3,7,0,16.461241,0.80161343,1.9104109,1.531411,0.37899985,-1.5280232,-1.5456335,-1.4084871,-0.62845749,-1.160727,-1.4126273,-1.5456335,-1.5516835,-1.3284342,-2.0104111,5,2,3,6,6,3,4,7,2,6,2,3,3,6,7,6,6,3,3,3,-0.92421737,0.72270241,1.4852664,1.0734056,0.4118608
-17.216742,0.85174604,0.72482342,2,3,0,17.447218,0.6964128,3.9496503,2.750587,1.1990633,-1.5742613,-1.7415603,-1.3294186,-0.85903415,-1.1893979,-1.3655059,-1.7415603,-1.402037,-1.2635518,-2.2824793,5,6,6,7,4,3,7,4,3,8,6,6,4,8,5,5,3,2,3,8,-2.2876637,0.12338852,1.1957075,0.14753658,1.0481709
-17.545798,0.92920693,0.72482342,2,3,0,18.14824,0.89741342,1.2792159,1.1479855,0.13123039,-1.5159275,-1.4367591,-1.4820363,-0.46385016,-1.1780066,-1.4774107,-1.4367591,-1.6836718,-1.3933887,-1.8739434,3,7,3,7,4,2,4,4,6,7,4,5,3,8,6,4,2,5,2,6,-1.4650049,0.11305412,2.0460379,0.23131301,1.8147249
-17.483592,0.97095923,0.72482342,3,7,0,18.627813,0.65649846,1.284781,0.84345675,0.44132425,-1.6670259,-1.7830703,-1.4836969,-0.97919996,-1.3354424,-1.5223015,-1.7830703,-1.5132284,-1.4172408,-2.1947699,6,4,7,6,3,2,5,6,4,6,4,5,4,6,8,4,5,3,4,8,-0.56573554,0.1273668,0.87702872,0.11170435,0.76532438
-17.27813,1,0.72482342,2,3,0,17.633643,0.72968051,1.2128827,0.88501685,0.32786583,-1.6208905,-1.666448,-1.4873805,-0.82217764,-1.2786224,-1.5046095,-1.666448,-1.5595318,-1.4131712,-2.0779254,4,3,3,7,5,2,2,4,7,8,3,1,1,7,7,4,4,7,1,8,-0.7506256,0.53576596,0.84566924,0.45308079,0.39258844
-16.644083,0.9792868,0.72482342,2,3,0,17.644333,0.71035804,1.6823743,1.1950881,0.48728619,-1.6051216,-1.697042,-1.4313486,-0.8470953,-1.2502974,-1.4561893,-1.697042,-1.4993097,-1.3606166,-2.1439799,6,2,6,3,6,4,5,3,3,8,6,4,5,8,7,4,3,6,3,6,-0.59515109,0.37221698,2.8223844,1.0505394,1.771845
-16.229441,0.52278316,0.72482342,3,7,0,20.144377,0.80773699,2.9489257,2.3819564,0.56696933,-1.4913032,-1.5265517,-1.3527952,-0.58526545,-1.1071531,-1.3562573,-1.5265517,-1.5198063,-1.272571,-2.0307902,6,3,3,8,6,6,3,6,7,6,2,4,2,7,6,5,3,5,2,7,-1.6794267,0.92652078,2.2974888,2.1286711,0.16881769
-16.565111,0.92971269,0.72482342,2,3,0,16.780688,0.88486901,1.9031424,1.6840318,0.21911067,-1.4745766,-1.4228179,-1.4148768,-0.43972058,-1.1183954,-1.409935,-1.4228179,-1.6350979,-1.3270398,-1.8928718,3,5,1,6,3,1,4,6,5,6,6,4,4,8,8,8,2,6,4,3,-1.3664671,0.26992966,5.0035613,1.3506096,3.6529517
-16.203342,0.98613454,0.72482342,2,3,0,16.89807,0.77808806,2.0424992,1.5892442,0.45325495,-1.5392702,-1.5822225,-1.3986817,-0.67850389,-1.1691864,-1.4074245,-1.5822225,-1.524565,-1.3211998,-2.0523694,5,5,3,7,7,2,3,5,2,8,5,4,2,6,8,7,4,3,7,6,-0.90548052,0.71836889,0.96946309,0.69643212,0.27303096
-16.201946,0.86088906,0.72482342,2,3,0,17.331333,0.81264416,1.9883306,1.6158052,0.37252535,-1.516892,-1.5271621,-1.4029197,-0.59990481,-1.1483136,-1.4052863,-1.5271621,-1.557633,-1.3218037,-1.996353,2,7,5,7,8,5,6,2,3,8,4,2,7,8,7,6,1,7,4,7,-1.0036033,0.23727604,3.9994819,0.94898121,3.0505006
-16.178145,1,0.72482342,2,3,0,16.206783,0.79776297,2.0479433,1.6337734,0.41416998,-1.5248199,-1.5500196,-1.3983432,-0.63225683,-1.1544963,-1.4032478,-1.5500196,-1.5412442,-1.3187884,-2.0212382,3,5,7,8,6,1,4,6,5,7,4,3,3,6,5,5,4,7,2,6,-0.97624885,0.35247831,2.3544829,0.82990417,1.5245788
-16.137157,0.96621726,0.72482342,2,3,0,16.466557,0.80159275,2.5451158,2.0401464,0.50496944,-1.5056011,-1.5393917,-1.369735,-0.60883063,-1.1266323,-1.3741979,-1.5393917,-1.5250936,-1.2900498,-2.0308359,3,5,4,6,7,4,4,2,3,7,5,4,4,8,7,6,3,7,3,7,-1.3229861,0.42274982,3.7048456,1.5662228,2.1386228
-16.731145,0.83819015,0.72482342,1,3,0,17.316798,0.89806573,1.8605723,1.6709162,0.18965608,-1.4692064,-1.4063376,-1.4199205,-0.41284999,-1.1174319,-1.4145384,-1.4063376,-1.6517197,-1.3310088,-1.8754398,7,4,4,6,7,4,4,7,5,7,4,1,3,8,7,7,4,6,2,6,-1.456299,0.71858589,0.84573539,0.60773352,0.23800187
-17.325525,0.98240999,0.72482342,3,7,0,17.687396,0.90780299,4.1819823,3.796416,0.38556628,-1.3973962,-1.3530784,-1.3298018,-0.31762094,-1.0242232,-1.3229663,-1.3530784,-1.6243465,-1.2391293,-1.8805213,5,1,5,6,2,3,6,3,4,7,6,3,7,8,6,3,2,4,1,7,-3.4335929,0.56337926,3.2747862,1.8449466,1.4298396
-20.714553,0.86952034,0.72482342,2,3,0,21.871499,0.40611553,3.132322,1.2720846,1.8602374,-1.904227,-2.4280059,-1.4447995,-1.6535211,-1.6507847,-1.6616174,-2.4280059,-1.3537182,-1.4173469,-3.0915847,3,3,1,3,6,1,2,4,2,8,7,4,4,5,4,3,4,6,3,6,-1.4005276,0.50597665,0.75226099,0.38062649,0.37163449
-18.234894,0.97575935,0.72482342,3,7,0,23.200283,0.65077359,1.0152729,0.66071278,0.3545601,-1.692112,-1.7862416,-1.530279,-0.9988368,-1.3727016,-1.5669062,-1.7862416,-1.5541017,-1.4626851,-2.1681594,2,3,6,7,5,5,6,2,5,6,7,2,6,7,5,4,5,1,6,8,-0.85015783,0.5749524,1.6059566,0.9233486,0.682608
-16.346748,0.99933497,0.72482342,3,7,0,18.130198,0.83340942,1.7990928,1.4993809,0.29971192,-1.5123271,-1.4992641,-1.4187436,-0.5610915,-1.1495263,-1.4182106,-1.4992641,-1.5868827,-1.3355137,-1.9605855,3,5,5,7,5,5,5,4,1,7,7,3,4,8,7,6,4,5,2,8,-1.0181754,0.69015334,2.9788208,2.0558431,0.92297766
-16.606031,0.72400248,0.72482342,3,7,0,19.850785,0.7414797,3.389013,2.5128843,0.87612865,-1.5384641,-1.647649,-1.3393246,-0.74526111,-1.1514622,-1.3590765,-1.647649,-1.4483271,-1.2671855,-2.1675386,3,3,5,6,8,4,1,5,2,4,4,2,2,8,6,3,4,4,3,6,-1.8627429,0.59080001,2.3169884,1.3688768,0.94811163
-16.135972,0.97470312,0.72482342,1,3,0,16.834562,0.82475691,2.4077534,1.9858112,0.42194214,-1.4927166,-1.5024023,-1.377476,-0.55711095,-1.1172995,-1.3780648,-1.5024023,-1.5524334,-1.2952854,-1.9893978,6,4,2,8,7,5,5,2,4,8,7,3,4,6,8,4,4,6,2,8,-1.3158291,0.47767648,4.3583121,2.0818632,2.2764489
-16.557049,0.95906799,0.72482342,2,3,0,16.56712,0.86857693,3.4034234,2.956135,0.44728835,-1.4372586,-1.4217097,-1.3423915,-0.42742423,-1.0570904,-1.3377106,-1.4217097,-1.5798113,-1.2557045,-1.9364703,4,4,3,8,7,5,5,3,2,8,4,1,2,8,6,4,5,7,3,8,-2.3943172,0.31000378,2.3378933,0.72475576,1.6131375
-16.277352,0.99775196,0.72482342,2,3,0,16.624221,0.74526395,2.1277736,1.585753,0.54202065,-1.5611401,-1.6378171,-1.3939643,-0.7540165,-1.1914364,-1.4106059,-1.6378171,-1.4941959,-1.320197,-2.1113712,4,5,5,7,5,2,4,1,3,8,4,7,2,8,8,7,2,5,6,8,-0.85832269,0.1362202,2.3955957,0.32632852,2.0692671
-16.358231,0.97947425,0.72482342,1,1,0,16.376166,0.72550706,2.1783132,1.5803816,0.59793158,-1.5753085,-1.6730415,-1.3920192,-0.80049096,-1.2069682,-1.4142905,-1.6730415,-1.4772788,-1.3205892,-2.1491546,4,3,6,8,6,5,2,3,3,2,4,1,4,6,8,3,6,2,3,5,-0.84088445,0.80631053,1.670942,1.3472981,0.32364387
-16.706471,0.95673367,0.72482342,2,3,0,16.97689,0.82029532,3.9562654,3.245306,0.71095941,-1.4652156,-1.5005072,-1.3243306,-0.53889605,-1.0724,-1.3256995,-1.5005072,-1.5149695,-1.242842,-2.0273425,6,3,3,8,6,5,8,6,2,8,4,6,3,7,6,5,4,5,2,6,-2.65453,0.61795411,5.4740257,3.3826967,2.091329
-16.134192,0.939833,0.72482342,2,3,0,17.406762,0.81245636,2.5382218,2.0621945,0.47602736,-1.4977179,-1.5212507,-1.370369,-0.582861,-1.1193525,-1.3729077,-1.5212507,-1.5358909,-1.289508,-2.0125886,5,5,4,7,6,3,5,2,4,8,6,4,3,8,8,5,4,3,4,7,-1.360522,0.17699394,3.9849068,0.70530435,3.2796024
-16.565003,0.90444881,0.72482342,1,3,0,17.088649,0.78886333,1.5391667,1.2141921,0.32497453,-1.5570628,-1.5716627,-1.4426244,-0.67465384,-1.1992971,-1.4486457,-1.5716627,-1.5656398,-1.3634435,-2.0142653,3,2,3,7,6,5,4,4,5,8,3,3,5,8,6,5,4,3,4,6,-0.79487438,0.38339105,2.0112699,0.77110288,1.240167
-16.72363,0.80299859,0.72482342,1,3,0,18.713121,0.90468359,2.9893644,2.7044289,0.28493548,-1.4217589,-1.3707899,-1.3608096,-0.35015264,-1.0564614,-1.3544811,-1.3707899,-1.6324419,-1.2708267,-1.8765708,5,4,3,5,3,3,3,2,3,8,1,4,2,6,7,4,1,7,6,8,-2.3028851,0.12172176,0.83273776,0.10136231,0.73137546
-16.139614,0.98228455,0.72482342,1,3,0,17.056982,0.80873202,2.5825209,2.0885674,0.49395356,-1.4992563,-1.5271174,-1.3681411,-0.59071636,-1.1200274,-1.3713297,-1.5271174,-1.530836,-1.2876955,-2.0199278,5,4,5,8,4,4,5,5,2,5,7,4,3,8,8,2,6,5,4,6,-1.3798474,0.64664854,1.9182988,1.2404651,0.67783368
-16.208414,0.990303,0.72482342,2,3,0,16.238051,0.76146604,2.4621222,1.8748225,0.58729976,-1.5387517,-1.6091608,-1.3740804,-0.70784852,-1.1617599,-1.3871722,-1.6091608,-1.4921828,-1.2988365,-2.0974962,8,2,4,7,6,3,1,7,2,8,7,5,7,7,7,2,6,6,3,7,-1.1272341,0.64886743,1.5208903,0.98685615,0.53403411
-17.629718,0.81149402,0.72482342,2,3,0,17.745026,0.94087554,3.5740252,3.3627129,0.21131232,-1.3857768,-1.3101104,-1.3502533,-0.24885309,-1.0320247,-1.3441756,-1.3101104,-1.6776514,-1.2569669,-1.8275878,4,2,6,8,7,2,5,7,2,8,6,1,3,8,8,6,2,5,2,6,-3.2708449,0.5507263,2.3398417,1.2886123,1.0512293
-16.302684,1,0.72482342,2,3,0,17.612931,0.79450961,1.8042687,1.4335088,0.37075989,-1.5380341,-1.5583359,-1.4170169,-0.64914396,-1.1731158,-1.42232,-1.5583359,-1.5516376,-1.3375909,-2.0171343,4,4,7,3,8,3,5,3,3,8,6,7,3,8,5,4,4,4,2,7,-0.85778809,0.3393221,2.2659212,0.76887714,1.4970441
-16.157074,0.94117365,0.72482342,2,3,0,16.852439,0.82453519,2.1756298,1.7938833,0.38174647,-1.5009871,-1.5057239,-1.3907858,-0.56522756,-1.1295326,-1.3914003,-1.5057239,-1.560685,-1.3085534,-1.9837489,5,7,4,3,4,4,6,4,5,8,5,5,1,7,7,6,1,7,2,6,-1.1587718,0.28943679,0.62161063,0.17991699,0.44169364
-16.263386,0.98832849,0.72482342,3,7,0,16.321224,0.81875064,3.0454238,2.4934427,0.55198111,-1.4808981,-1.5071141,-1.3497133,-0.55639889,-1.0963632,-1.3512786,-1.5071141,-1.528955,-1.2682908,-2.0138854,4,3,6,8,6,4,4,3,5,7,5,6,6,7,5,6,2,3,5,7,-1.8091577,0.46979186,1.2568433,0.59045476,0.66638857
-16.554368,0.95685895,0.72482342,2,3,0,16.781618,0.69672864,2.5544343,1.7797475,0.77468677,-1.5907854,-1.7297576,-1.3743999,-0.86631716,-1.2208691,-1.4071479,-1.7297576,-1.4407388,-1.3070076,-2.2248422,8,1,2,8,6,8,3,3,4,7,7,2,4,7,7,4,2,6,2,6,-1.0460894,0.99634553,1.3079978,1.3032178,0.0047800373
-17.639019,0.44604686,0.72482342,2,3,0,20.86025,0.82747574,1.0802915,0.89391499,0.18637649,-1.5764085,-1.5366082,-1.5093713,-0.63006641,-1.2358192,-1.5096489,-1.5366082,-1.6431164,-1.4260245,-1.9494238,2,2,5,3,5,5,6,2,2,8,6,7,4,8,6,3,5,2,1,8,-1.2165614,0.43051414,2.4727379,1.0645486,1.4081893
-17.639019,0.75396804,0.72482342,1,1,0,19.040462,0.82747574,1.0802915,0.89391499,0.18637649,-1.5764085,-1.5366082,-1.5093713,-0.63006641,-1.2358192,-1.5096489,-1.5366082,-1.6431164,-1.4260245,-1.9494238,3,5,4,4,7,3,4,5,4,7,5,2,3,7,6,8,8,5,3,6,-1.2165614,0.37660816,2.768412,1.0426065,1.7258054
-17.811241,0.73962392,0.72482342,2,3,0,21.718491,0.56968918,1.625405,0.92597564,0.69942935,-1.7247302,-1.9557761,-1.4604149,-1.1804389,-1.4096014,-1.5395993,-1.9557761,-1.4449674,-1.4055525,-2.4025071,6,6,5,8,5,6,3,4,2,7,6,2,5,8,6,5,5,3,2,7,-0.41172212,0.6599846,2.8888964,1.9066271,0.98226928
-17.41245,1,0.72482342,1,1,0,17.886375,0.61522256,1.5683775,0.96490123,0.60347629,-1.6864724,-1.8652935,-1.4560649,-1.0712353,-1.3573739,-1.513751,-1.8652935,-1.4642087,-1.3956166,-2.303185,4,5,5,4,6,4,7,4,6,8,6,4,3,8,5,3,2,4,3,8,-0.44313551,0.23861862,2.84815,0.67962161,2.1685284
-16.789912,1,0.72482342,1,1,0,17.357209,0.66955339,1.8496807,1.23846,0.61122071,-1.6313432,-1.7718274,-1.4213776,-0.94021607,-1.2804509,-1.4605454,-1.7718274,-1.4634849,-1.3557408,-2.2299472,5,3,2,8,6,2,6,6,8,4,3,1,4,5,6,3,3,6,4,6,-0.56970934,0.50975027,1.7728147,0.90369276,0.86912191
-18.608853,0.7610656,0.72482342,3,7,0,19.718198,0.86417171,0.90004348,0.77779211,0.12225137,-1.5856559,-1.5094533,-1.5499065,-0.58459328,-1.2560808,-1.5473535,-1.5094533,-1.6978556,-1.4634505,-1.9112482,4,4,3,7,6,3,6,5,3,7,7,2,2,8,6,4,4,8,4,6,-1.746142,0.54766488,2.3689854,1.2974101,1.0715753
-18.557874,1,0.72482342,3,7,0,19.592268,0.95875099,4.2072975,4.0337506,0.17354687,-1.363925,-1.2774475,-1.3406852,-0.19289719,-1.0173094,-1.3355913,-1.2774475,-1.7023436,-1.2457313,-1.80386,4,5,3,7,6,5,1,7,5,8,7,4,3,8,8,4,2,4,2,6,-4.2072045,0.74429828,1.5568298,1.1587457,0.39808406
-17.699709,0.97926776,0.72482342,3,7,0,20.184168,0.86340023,5.3734169,4.6394094,0.73400752,-1.417407,-1.4199886,-1.3042729,-0.41537526,-1.0237954,-1.2996815,-1.4199886,-1.5548326,-1.2178928,-1.9637482,4,5,5,6,1,5,2,4,3,5,4,3,7,7,6,5,3,5,2,8,-4.2066131,0.365938,3.1355651,1.1474224,1.9881427
-17.45417,0.96306442,0.72482342,2,3,0,18.671978,0.88289027,1.2528438,1.1061236,0.14672019,-1.5263134,-1.4561089,-1.4843101,-0.49681594,-1.1860431,-1.4802122,-1.4561089,-1.6717597,-1.3967431,-1.889781,4,1,2,7,6,4,1,5,2,8,8,4,3,8,7,6,5,4,6,5,-1.3661911,0.92989629,1.0964701,1.0196035,0.076866629
-16.17024,1,0.72482342,2,3,0,17.237766,0.77298531,2.3916112,1.8486803,0.54293087,-1.5316357,-1.5891169,-1.3774702,-0.68141903,-1.155212,-1.3877372,-1.5891169,-1.5046301,-1.3008589,-2.0745862,4,1,3,8,8,7,3,2,3,7,6,3,7,6,7,6,4,3,3,7,-1.1101882,0.68477055,1.2108334,0.82914308,0.38169036
-16.387512,0.94278232,0.72482342,2,3,0,16.658702,0.85169528,1.8339289,1.5619486,0.27198031,-1.4987515,-1.4716748,-1.417063,-0.51806108,-1.1374227,-1.4145323,-1.4716748,-1.602983,-1.3321483,-1.9361137,3,6,7,6,5,5,4,2,4,7,7,5,6,6,7,6,5,7,2,6,-1.1245343,0.053338952,1.8028292,0.096161022,1.7066682
-16.5349,0.85840097,0.72482342,3,7,0,18.376249,0.70960101,1.8548123,1.3161767,0.53863562,-1.5986431,-1.6995288,-1.4163195,-0.84485221,-1.2396026,-1.4421929,-1.6995288,-1.4859585,-1.3460965,-2.1576824,7,3,5,4,5,2,6,5,4,8,6,4,5,6,6,6,4,6,4,7,-0.64272663,0.15019785,1.4634298,0.219804,1.2436258
-18.08289,0.72748627,0.72482342,2,3,0,18.987476,0.58518155,3.5121938,2.055271,1.4569228,-1.6910027,-1.9840292,-1.362844,-1.1573905,-1.3433388,-1.451289,-1.9840292,-1.3533608,-1.3117932,-2.5441368,4,4,2,7,8,3,5,4,3,4,6,3,6,7,7,5,5,4,4,5,-1.7401692,0.80179559,2.9735399,2.3841712,0.58936874
-16.952266,1,0.72482342,2,3,0,18.415851,0.89131873,3.848877,3.4305762,0.41830084,-1.4136589,-1.3816145,-1.3340747,-0.36357437,-1.0365144,-1.3278149,-1.3816145,-1.6041193,-1.2450506,-1.9043278,4,7,4,8,8,6,2,4,5,4,4,7,5,6,6,4,2,6,5,6,-2.9732943,0.71720848,2.2441288,1.6095082,0.63462058
-16.61779,0.9956125,0.72482342,3,7,0,17.299074,0.89752971,2.9192207,2.6200873,0.2991334,-1.4282132,-1.3824478,-1.3622133,-0.36915083,-1.0611217,-1.3560949,-1.3824478,-1.6241222,-1.2728944,-1.8864449,2,5,6,4,4,1,3,2,6,4,7,4,3,7,6,4,7,3,3,6,-2.1776644,0.36597994,1.2189999,0.44612951,0.7728704
-16.409351,0.95393655,0.72482342,2,3,0,17.284223,0.76197045,3.1633867,2.4104072,0.75297949,-1.5241305,-1.6082518,-1.3453432,-0.69568174,-1.1377606,-1.3590907,-1.6082518,-1.4711893,-1.2705371,-2.1202295,6,3,2,8,8,7,2,7,1,5,6,3,1,8,6,5,4,6,2,5,-1.7133202,0.94094882,1.9221248,1.808621,0.11350373
-16.519022,0.97381794,0.72482342,3,7,0,16.825492,0.83547258,3.5819344,2.992608,0.58932641,-1.458608,-1.4755113,-1.3343206,-0.50591663,-1.0705878,-1.3333177,-1.4755113,-1.5375224,-1.2511058,-1.9945083,6,6,7,8,6,4,4,3,4,7,4,3,4,8,6,4,3,5,2,4,-2.3735793,0.36747708,2.5391371,0.9330747,1.6060624
-17.373,0.92963529,0.72482342,2,3,0,17.607436,0.73474846,1.1701739,0.85978345,0.31039042,-1.6214402,-1.659522,-1.4940364,-0.81393493,-1.2802878,-1.5098603,-1.659522,-1.5683078,-1.4191764,-2.0676922,5,1,7,6,3,3,5,4,3,6,6,5,5,8,6,4,7,6,4,8,-0.80106893,0.65645965,1.6348681,1.0732249,0.56164316
-17.719958,0.85723186,0.72482342,3,7,0,18.863494,0.95375399,2.4837328,2.3688701,0.11486273,-1.4080222,-1.3133752,-1.3914269,-0.25402869,-1.0702945,-1.3865502,-1.3133752,-1.7077281,-1.2978664,-1.8071546,5,6,3,6,8,2,4,5,4,8,2,5,2,8,8,5,2,6,3,7,-2.5587686,0.58969129,4.7077776,2.7761354,1.9316421
-18.044251,0.99569504,0.72482342,2,3,0,18.077541,0.96149893,2.639603,2.5379755,0.10162755,-1.3980086,-1.2992953,-1.386151,-0.22950289,-1.0632215,-1.3817604,-1.2992953,-1.7170112,-1.2919334,-1.7973858,2,1,3,8,7,6,4,5,1,3,6,5,3,7,7,5,2,6,3,5,-2.8549832,0.74776054,2.6559258,1.9859965,0.66992929
-16.243756,1,0.72482342,2,3,0,17.922781,0.80818905,2.9915715,2.4177553,0.57381616,-1.4900731,-1.5255566,-1.3512384,-0.58335479,-1.1054389,-1.3546283,-1.5255566,-1.5192431,-1.2709749,-2.0309945,2,4,5,5,4,3,4,3,4,7,6,4,6,7,6,6,1,2,4,8,-1.7182917,0.3340298,2.3035213,0.76944476,1.5340766
-17.294798,0.85731552,0.72482342,2,3,0,17.389871,0.93920146,2.7256926,2.5599745,0.16571814,-1.4079267,-1.3267043,-1.3774635,-0.27759541,-1.0601274,-1.3716786,-1.3267043,-1.683644,-1.2847858,-1.8266323,5,1,3,8,5,6,6,4,2,7,4,3,3,8,8,4,3,3,3,5,-2.491343,0.68891064,2.1909656,1.5093795,0.68158607
-17.017644,0.89722156,0.72482342,3,7,0,18.802042,0.63780761,2.483564,1.584036,0.89952797,-1.645674,-1.8467413,-1.3869532,-1.0154748,-1.2913921,-1.4429241,-1.8467413,-1.4109107,-1.3268514,-2.3455665,5,3,8,5,7,2,6,3,4,5,7,3,4,6,4,4,6,3,1,8,-0.90281045,0.47302163,1.215662,0.57503442,0.64062757
-16.419855,1,0.72482342,1,1,0,16.860328,0.71452473,2.422514,1.7309461,0.69156783,-1.5781613,-1.6946865,-1.3790654,-0.82353974,-1.2071436,-1.4054142,-1.6946865,-1.4581648,-1.3093028,-2.1827176,4,2,3,7,5,5,4,6,3,7,8,3,4,8,5,4,3,4,2,6,-0.98204134,0.77919332,3.14703,2.4521447,0.69488524
-16.402777,1,0.72482342,2,7,0,16.477557,0.8816917,2.6114164,2.3024642,0.30895222,-1.4473474,-1.4109692,-1.3726148,-0.41609043,-1.0790507,-1.3673467,-1.4109692,-1.6101211,-1.2848396,-1.9063411,5,7,5,8,7,2,4,5,3,7,6,3,3,7,6,4,3,3,2,7,-1.7966052,0.91626821,1.4212397,1.3022368,0.11900294
-16.398429,0.99347765,0.72482342,2,7,0,16.559438,0.74461159,2.9560312,2.2010951,0.75493612,-1.5421976,-1.6404697,-1.3533818,-0.74185936,-1.15965,-1.3716592,-1.6404697,-1.4619341,-1.2805465,-2.1472109,5,1,6,7,4,1,3,6,3,6,8,1,3,8,7,4,3,2,2,8,-1.4830353,0.49791214,1.4257287,0.70988761,0.71584105
-16.913761,0.87571517,0.72482342,3,7,0,17.408372,0.9223238,2.609901,2.4071738,0.20272718,-1.4217839,-1.3523708,-1.3790854,-0.32113875,-1.0674579,-1.372918,-1.3523708,-1.6621158,-1.2877997,-1.8488697,4,2,4,6,7,5,1,3,4,8,5,1,5,8,6,5,3,5,2,7,-2.1710972,0.74426265,1.7731422,1.3196835,0.45345868
-16.515009,1,0.72482342,2,3,0,16.922207,0.7046933,2.6137147,1.8418672,0.77184747,-1.5826978,-1.7148741,-1.370751,-0.84580433,-1.2104023,-1.4009069,-1.7148741,-1.4436473,-1.3024593,-2.2118461,5,4,4,8,4,4,6,6,4,6,6,3,5,6,6,6,2,3,4,7,-1.1077843,0.71358524,2.7793327,1.9832908,0.7960419
-18.442416,0.73962017,0.72482342,3,7,0,18.516528,0.96910998,2.692341,2.6091745,0.083166475,-1.3919827,-1.2882482,-1.385808,-0.20984009,-1.0614416,-1.3820571,-1.2882482,-1.7278517,-1.2910414,-1.7877353,8,4,3,8,8,6,2,4,2,8,8,4,6,7,5,6,3,6,2,5,-3.1098738,0.79277026,1.6890717,1.3390458,0.35002588
-16.284058,1,0.72482342,2,3,0,18.318618,0.83624755,3.0402701,2.5424185,0.49785167,-1.4679134,-1.4776613,-1.3509067,-0.51368903,-1.0853308,-1.3498416,-1.4776613,-1.548011,-1.2675924,-1.9841729,5,8,6,5,6,3,2,6,5,8,6,2,3,7,7,3,1,7,4,8,-1.8849938,0.10296096,1.607172,0.16547598,1.4416961
-16.260422,0.90635524,0.72482342,3,7,0,17.353775,0.83790094,1.9602216,1.6424715,0.31775008,-1.5011634,-1.4889426,-1.406201,-0.54305029,-1.1352832,-1.4050949,-1.4889426,-1.5831463,-1.322596,-1.9583567,5,2,3,5,7,6,1,5,5,8,6,2,5,6,5,6,3,6,3,6,-1.1042996,0.7089735,2.8858502,2.0459913,0.83985889
-16.447519,0.98643044,0.72482342,2,3,0,16.487799,0.79704327,3.4458817,2.7465168,0.69936486,-1.4908702,-1.5436396,-1.3363753,-0.60387713,-1.1009664,-1.3420592,-1.5436396,-1.4983385,-1.2575044,-2.0610563,6,3,5,7,8,3,5,2,4,7,3,2,3,8,8,5,5,7,2,6,-2.0847634,0.41036027,1.970666,0.80868303,1.1619829
-16.558387,0.80940828,0.72482342,3,7,0,18.823417,0.85962579,1.682149,1.4460186,0.23613034,-1.5029357,-1.4651118,-1.4311281,-0.50939549,-1.1463876,-1.4279919,-1.4651118,-1.6189693,-1.3454907,-1.9225192,6,6,3,8,6,3,3,7,6,8,6,2,6,7,5,2,3,3,3,6,-1.1287155,0.62296426,1.270049,0.79119516,0.47885388
-16.452961,1,0.72482342,2,7,0,16.548303,0.74543375,3.1024116,2.3126423,0.78976928,-1.5391065,-1.6392791,-1.3481301,-0.73808928,-1.1547459,-1.3663655,-1.6392791,-1.4585892,-1.2753041,-2.1505751,1,6,3,8,6,6,1,5,4,7,7,5,3,6,6,5,5,5,3,7,-1.613694,0.72689726,2.0366779,1.4804556,0.55622232
-17.775689,0.73983031,0.72482342,2,3,0,19.348974,0.93507396,4.1254852,3.8576338,0.26785143,-1.3800642,-1.3123176,-1.3364918,-0.25180505,-1.0199305,-1.3299948,-1.3123176,-1.6652612,-1.2434392,-1.8383054,6,3,6,5,7,6,6,4,5,8,4,3,2,8,7,4,2,3,3,5,-3.7013093,0.37454331,1.5553283,0.5825378,0.97279047
-16.864512,0.98718686,0.72482342,2,7,0,18.228671,0.78702647,4.1573021,3.2719068,0.88539532,-1.4903093,-1.561167,-1.3191906,-0.62156952,-1.0943956,-1.3273046,-1.561167,-1.47673,-1.2416938,-2.093965,5,4,5,6,6,3,4,5,7,6,4,3,3,7,7,3,1,5,2,8,-2.7158048,0.24811101,4.2182645,1.0465979,3.1716666
-16.706939,0.98309847,0.72482342,2,3,0,17.30316,0.87544713,3.6258215,3.1742151,0.45160647,-1.4284402,-1.40877,-1.337212,-0.40643999,-1.0481629,-1.3319353,-1.40877,-1.5855739,-1.2497962,-1.9278236,4,6,5,7,6,3,1,2,4,7,4,3,3,8,7,5,2,4,4,4,-2.6460505,0.30223128,1.5654494,0.47312777,1.0923216
-16.378814,0.97812691,0.72482342,2,3,0,17.198536,0.75480941,3.0213503,2.2805436,0.74080667,-1.5324768,-1.6214729,-1.3504951,-0.71545302,-1.1482309,-1.3660078,-1.6214729,-1.4686206,-1.2764681,-2.1296586,4,1,6,7,7,5,4,3,5,7,5,2,1,8,7,5,5,7,4,8,-1.5671512,0.41743242,1.7871926,0.74603212,1.0411605
-16.735714,0.97109582,0.72482342,2,3,0,16.815612,0.8426334,1.4790413,1.2462896,0.23275169,-1.5276279,-1.4960932,-1.4511828,-0.56072938,-1.1742005,-1.449728,-1.4960932,-1.6159492,-1.3669703,-1.9401967,5,3,4,6,7,2,2,4,2,8,6,6,4,8,5,3,6,4,5,6,-1.0279363,0.50084265,1.6983878,0.85062505,0.84776276
-18.714021,0.89062471,0.72482342,2,3,0,19.013101,0.49192212,1.7133032,0.84281175,0.87049148,-1.7978313,-2.1237379,-1.4753905,-1.3744337,-1.5134044,-1.5993534,-2.1237379,-1.4254104,-1.4303053,-2.5953942,6,5,4,8,3,5,2,1,3,7,2,5,3,4,5,5,3,2,3,6,-0.40688952,0.51021295,2.3888687,1.2188317,1.1700369
-16.794955,1,0.72482342,2,3,0,18.907787,0.80456512,1.3916193,1.1196484,0.27197095,-1.5577779,-1.5525221,-1.4603241,-0.64943018,-1.2046996,-1.463636,-1.5525221,-1.5908038,-1.379447,-1.9867249,4,5,1,7,5,6,1,6,4,8,7,4,3,8,8,5,3,5,2,7,-0.87755367,0.52391943,1.981149,1.0379624,0.94318652
-16.39573,1,0.72482342,2,3,0,16.845434,0.78273923,3.2773858,2.5653384,0.71204737,-1.5051109,-1.5699007,-1.3412986,-0.64202928,-1.1167682,-1.3500281,-1.5699007,-1.4876652,-1.264058,-2.0838408,3,5,5,7,4,5,4,3,2,8,4,2,3,6,7,8,5,3,2,5,-1.8805629,0.26633686,5.8719843,1.5639258,4.3080584
-16.159688,0.96297942,0.72482342,2,3,0,16.77343,0.8355646,2.3169943,1.9359984,0.38099587,-1.4881662,-1.486363,-1.3830353,-0.53447031,-1.1153639,-1.3821484,-1.486363,-1.566568,-1.2997279,-1.9703891,8,4,6,6,7,5,4,7,3,7,6,1,5,6,8,6,4,4,5,7,-1.3024785,0.69658861,2.5868913,1.801999,0.78489227
-17.782465,0.8559587,0.72482342,2,3,0,17.803115,0.71800117,5.0444803,3.6219427,1.4225375,-1.5464566,-1.7010424,-1.3075376,-0.79781257,-1.1507443,-1.3367749,-1.7010424,-1.4024181,-1.2393372,-2.2591989,3,3,5,6,5,2,1,3,6,6,7,6,3,4,8,3,5,3,4,8,-3.3612586,0.6274924,1.01695,0.63812842,0.37882162
-18.956214,0.89417974,0.72482342,3,7,0,20.228069,0.92821898,6.2048619,5.7594705,0.44539133,-1.3637498,-1.3095791,-1.30646,-0.24417442,-0.9918802,-1.2993196,-1.3095791,-1.6466092,-1.2134329,-1.8564617,3,4,5,5,6,4,4,3,4,7,4,4,4,6,8,6,2,7,3,8,-5.531678,0.64019741,0.91716173,0.58716456,0.32999716
-17.398117,1,0.72482342,2,7,0,19.326205,0.94368138,2.3812077,2.2471014,0.13410633,-1.4177299,-1.3292994,-1.3943407,-0.28175646,-1.0758449,-1.388957,-1.3292994,-1.695192,-1.3015763,-1.8198229,3,2,5,6,5,6,3,6,3,6,5,2,5,8,6,7,4,7,1,7,-2.2972095,0.79602948,6.9945012,5.5678292,1.4266721
-16.261101,0.97471427,0.72482342,2,3,0,18.073391,0.8494148,2.0544701,1.7450973,0.30937279,-1.4892612,-1.469723,-1.4003111,-0.51243967,-1.1230293,-1.3979036,-1.469723,-1.590744,-1.315628,-1.9439948,6,7,3,7,5,6,4,7,3,6,4,2,1,7,7,5,1,6,3,8,-1.2119278,0.44623534,2.0652664,0.92159485,1.1436716
-16.26343,0.99735249,0.72482342,3,7,0,16.415374,0.7620436,2.7587845,2.102314,0.65647042,-1.5314296,-1.6079817,-1.3603776,-0.70117587,-1.1500146,-1.3736926,-1.6079817,-1.4824154,-1.2853038,-2.1072779,6,5,6,7,8,3,2,4,2,6,2,2,2,8,6,5,4,4,4,8,-1.3631498,0.83711303,1.2798311,1.0713633,0.20846781
-16.393947,0.96897483,0.72482342,1,1,0,16.402483,0.73774858,2.8501876,2.1027219,0.74746573,-1.5498781,-1.6530995,-1.3578512,-0.76035934,-1.1694061,-1.3779685,-1.6530995,-1.4595923,-1.285764,-2.1567202,3,4,4,6,6,1,4,4,4,6,3,4,5,6,4,4,4,6,1,8,-1.3749891,0.57422294,2.4891348,1.4293183,1.0598165
-16.16111,1,0.72482342,2,7,0,16.349734,0.83351791,2.2550565,1.87963,0.37542652,-1.4917998,-1.4904677,-1.3864656,-0.54140128,-1.1198134,-1.3858511,-1.4904677,-1.5666545,-1.3033522,-1.9720567,5,4,7,5,5,2,5,3,5,8,2,4,3,8,6,5,4,5,4,7,-1.2509879,0.13041704,1.1946025,0.15579651,1.038806
-16.532344,0.91918416,0.72482342,2,3,0,17.06815,0.73079124,1.7036447,1.2450086,0.45863609,-1.5886999,-1.6624617,-1.4277793,-0.79921724,-1.2303537,-1.447012,-1.6624617,-1.5105816,-1.3548727,-2.1116398,6,3,2,8,5,3,2,5,3,4,4,2,3,7,6,3,2,7,3,6,-0.64413911,0.70994413,1.354034,0.96128849,0.39274552
-16.233234,0.98371408,0.72482342,2,3,0,16.697105,0.7532747,2.4166064,1.8203685,0.59623794,-1.546446,-1.6237449,-1.3767389,-0.72866556,-1.1707933,-1.3918397,-1.6237449,-1.4872899,-1.3023949,-2.1103278,5,6,4,7,6,3,4,3,5,6,5,6,4,8,7,3,2,7,3,6,-1.0708074,0.42751067,3.7020854,1.582681,2.1194044
-16.136189,0.98803805,0.72482342,1,3,0,16.317263,0.82142968,2.2901798,1.8812217,0.40895816,-1.4989849,-1.5091328,-1.3837806,-0.56862907,-1.125233,-1.3848554,-1.5091328,-1.5532211,-1.3019001,-1.9916124,2,3,4,6,7,2,6,4,2,8,3,2,3,8,6,6,4,6,5,5,-1.2188553,0.28698756,0.88745876,0.25468962,0.63276914
-16.990661,0.82511252,0.72482342,1,3,0,17.572111,0.70846627,3.7241545,2.6384378,1.0857167,-1.5647175,-1.7150987,-1.3332146,-0.82830961,-1.1793723,-1.3643994,-1.7150987,-1.415181,-1.2655702,-2.2481587,6,3,3,5,6,4,3,2,4,5,5,2,7,7,7,6,1,5,2,8,-2.0991277,0.39575332,1.2803601,0.50670676,0.77365333
-17.945635,0.4239583,0.72482342,3,7,0,22.805859,0.95790404,2.1017983,2.013321,0.088477212,-1.4227502,-1.3204823,-1.4134526,-0.26482925,-1.0916013,-1.4090791,-1.3204823,-1.7200067,-1.3199458,-1.8024215,5,5,7,6,4,2,5,4,5,6,5,4,5,8,8,3,3,4,1,7,-2.3925659,0.71440685,0.74489899,0.53216094,0.21273805
-19.12407,0.93536681,0.72482342,2,3,0,19.634128,0.96402744,4.7540261,4.5830116,0.17101449,-1.3533693,-1.2648696,-1.3328585,-0.17117544,-1.0080512,-1.3281328,-1.2648696,-1.7093915,-1.2372909,-1.7973862,6,4,2,8,6,5,2,7,2,7,8,5,6,8,8,4,3,8,1,6,-4.8540321,0.90120996,1.2879096,1.1606769,0.12723264
-18.96426,0.99805162,0.72482342,1,1,0,19.358892,0.95902083,4.8599251,4.6607694,0.19915571,-1.3552548,-1.2711205,-1.3299166,-0.18189939,-1.0061382,-1.3247211,-1.2711205,-1.7007116,-1.2346845,-1.8049463,6,3,5,5,4,7,4,5,5,8,5,2,4,8,7,8,3,5,2,8,-4.8282358,0.3172838,0.75287777,0.23887592,0.51400185
-16.83147,0.90641869,0.72482342,2,3,0,20.660475,0.68173937,3.0394117,2.0720866,0.9673251,-1.5969921,-1.7646194,-1.3566513,-0.90114278,-1.2238568,-1.3964899,-1.7646194,-1.4140455,-1.2918386,-2.2808849,5,5,5,7,6,4,5,1,5,8,2,2,2,8,7,6,5,5,4,5,-1.424001,0.1214359,1.8060803,0.21932298,1.5867573
-16.173908,1,0.72482342,2,3,0,16.870571,0.82165265,2.7390649,2.2505599,0.48850495,-1.4856226,-1.504321,-1.3616772,-0.55578486,-1.1051003,-1.3627514,-1.504321,-1.5394029,-1.2798844,-2.0023086,4,3,6,8,7,3,3,6,2,7,5,1,6,8,4,7,4,4,6,5,-1.5598902,0.60717404,2.0698167,1.256739,0.81307774
-16.145274,0.98601782,0.72482342,1,3,0,16.322138,0.8008574,2.169294,1.7372951,0.43199883,-1.5179619,-1.5437117,-1.3903851,-0.62096933,-1.1453142,-1.3948054,-1.5437117,-1.5384839,-1.310587,-2.0204938,6,4,3,7,7,4,5,6,2,7,5,2,3,6,8,5,2,8,6,8,-1.0574448,0.43801966,3.6966162,1.6191905,2.0774256
-16.252123,0.98881508,0.72482342,2,3,0,16.272976,0.76168412,2.0114693,1.5321043,0.47936508,-1.5526287,-1.6098181,-1.4012019,-0.71801583,-1.183971,-1.4135372,-1.6098181,-1.51294,-1.3254591,-2.0778721,6,4,6,6,7,2,1,1,1,7,4,1,4,6,6,7,1,4,5,7,-0.83934437,0.49586975,2.007109,0.99526463,1.0118443
-18.630749,0.60144083,0.72482342,2,3,0,19.747912,0.65730887,5.4992142,3.6146823,1.8845319,-1.6064865,-1.8377714,-1.3106409,-0.96242687,-1.2222318,-1.3661289,-1.8377714,-1.3540189,-1.2512442,-2.420848,2,6,5,3,8,6,5,2,1,5,4,5,4,8,5,4,2,3,4,4,-3.6752588,0.25983398,1.3007804,0.33798694,0.96279346
-18.630749,0.56975323,0.72482342,1,1,0,20.088302,0.65730887,5.4992142,3.6146823,1.8845319,-1.6064865,-1.8377714,-1.3106409,-0.96242687,-1.2222318,-1.3661289,-1.8377714,-1.3540189,-1.2512442,-2.420848,7,3,4,8,5,6,2,4,1,8,5,5,3,8,6,7,3,4,3,8,-3.6752588,0.85693961,1.8429591,1.5793047,0.26365445
-16.18295,0.92104957,0.72482342,2,3,0,19.134287,0.78718677,2.7036147,2.1282497,0.57536497,-1.5126236,-1.5633173,-1.3623397,-0.64035081,-1.1311496,-1.3697499,-1.5633173,-1.5065408,-1.2843294,-2.0602045,5,4,3,6,5,1,2,4,3,8,5,7,4,8,6,4,2,4,2,6,-1.3969868,0.41543196,3.2004131,1.3295539,1.8708592
-17.550095,0.83248128,0.72482342,3,7,0,17.586483,0.92725793,1.5239188,1.4130658,0.11085301,-1.4770427,-1.3850902,-1.4555995,-0.37564378,-1.1417575,-1.4504878,-1.3850902,-1.7000874,-1.3646967,-1.8400319,4,7,5,7,4,3,4,4,6,8,4,4,4,5,6,4,2,2,2,6,-1.6994938,0.35176702,2.5103756,0.88306737,1.6273083
-17.848719,0.98381065,0.72482342,2,7,0,18.360679,0.56265774,2.5130148,1.4139672,1.0990476,-1.7198619,-2.0096326,-1.4037032,-1.2099271,-1.391728,-1.4980783,-2.0096326,-1.3822281,-1.3534269,-2.527948,6,2,6,6,6,6,5,3,5,8,2,4,5,7,6,5,3,4,3,7,-0.86191258,0.21719605,1.9569989,0.42505244,1.5319465
-18.055401,0.91660735,0.72482342,2,3,0,19.289823,0.95816569,3.238044,3.1025827,0.13546135,-1.3826089,-1.2912109,-1.3637313,-0.21644991,-1.0410897,-1.3588504,-1.2912109,-1.7065404,-1.2693255,-1.8024995,3,8,3,8,6,2,6,2,6,6,7,2,5,8,7,3,4,3,5,8,-3.2900797,0.65474224,0.64000893,0.41904088,0.22096805
-20.996097,0.85918515,0.72482342,2,7,0,21.137474,0.9920095,2.5007315,2.4807494,0.019982094,-1.3868904,-1.2655856,-1.4003481,-0.16640132,-1.0736734,-1.3992346,-1.2655856,-1.7647705,-1.3043664,-1.7603121,3,4,5,6,8,5,5,2,5,8,3,1,4,8,7,5,2,4,5,7,-4.2879871,0.47910981,1.6826791,0.80618807,0.87649103
-16.330884,0.93520963,0.72482342,3,7,0,20.973349,0.81980203,1.7825045,1.4613009,0.32120369,-1.5221122,-1.5199206,-1.4195146,-0.5926575,-1.1585939,-1.420769,-1.5199206,-1.5751468,-1.3375732,-1.9793518,5,5,4,7,5,4,5,2,7,6,5,2,4,8,6,4,5,3,4,6,-0.95095172,0.34300109,3.6795553,1.2620915,2.4174638
-16.997931,0.93843553,0.72482342,3,7,0,17.134568,0.83374084,1.3188852,1.0996084,0.21927673,-1.5466074,-1.5150569,-1.4710661,-0.59277554,-1.1973972,-1.4706091,-1.5150569,-1.6215536,-1.3875073,-1.947477,4,3,4,8,8,5,2,5,2,5,2,4,6,8,6,4,1,7,1,8,-1.0335708,0.77260851,3.1643857,2.4448313,0.71955439
-17.317643,0.8393972,0.72482342,3,7,0,19.068887,0.93190259,1.8208779,1.6968808,0.12399707,-1.4527246,-1.3641751,-1.4284649,-0.34091283,-1.1134565,-1.4231079,-1.3641751,-1.6934654,-1.336999,-1.8338357,7,3,3,7,6,8,4,5,3,7,8,3,5,8,8,8,3,3,3,6,-1.8083012,0.86930313,2.1984777,1.9111435,0.28733415
-17.844613,0.91997132,0.72482342,3,7,0,18.713376,0.60188858,3.456152,2.0802184,1.3759336,-1.6732569,-1.9441703,-1.3598169,-1.1118265,-1.3197362,-1.4386248,-1.9441703,-1.361049,-1.3063551,-2.4957254,6,3,5,8,6,4,2,2,4,6,7,1,4,6,4,3,2,4,3,8,-1.7013309,0.77240284,2.2868386,1.7663606,0.52047798
-16.140376,0.92554128,0.72482342,2,3,0,18.409597,0.79124124,2.4792087,1.9616521,0.51755651,-1.5152143,-1.5573531,-1.3728336,-0.63535981,-1.1370668,-1.3792631,-1.5573531,-1.5175992,-1.2942507,-2.0463226,5,7,5,5,6,4,3,2,3,5,6,4,3,8,6,5,5,5,3,6,-1.2349711,0.54858927,1.5414349,0.84561465,0.69582025
-16.456648,0.94022062,0.72482342,2,3,0,16.717162,0.73367797,1.791443,1.3143423,0.47710075,-1.5825837,-1.6576286,-1.4197392,-0.78993053,-1.2216233,-1.4385177,-1.6576286,-1.5060755,-1.3467038,-2.1124617,5,4,5,8,4,5,3,3,7,8,4,3,4,8,6,5,5,6,1,5,-0.67404283,0.68372172,4.0280026,2.7540328,1.2739697
-16.465058,0.95567905,0.72482342,3,7,0,17.003264,0.84092944,3.4480321,2.8995518,0.54848039,-1.4566671,-1.4669919,-1.3383892,-0.49454936,-1.0706343,-1.3366545,-1.4669919,-1.5459015,-1.2545803,-1.9830543,4,3,3,7,6,3,2,4,1,5,5,2,3,8,5,5,3,3,4,5,-2.2767919,0.83402031,2.340949,1.952399,0.38855
-16.201515,0.99684476,0.72482342,2,3,0,16.573465,0.77393958,2.0768954,1.6073916,0.46950385,-1.5410431,-1.5889007,-1.3963755,-0.6872303,-1.1703901,-1.4060487,-1.5889007,-1.5193825,-1.3193749,-2.0605614,6,5,5,8,7,4,5,5,7,8,6,2,7,8,4,6,5,5,3,6,-0.91096718,0.740909,3.2217123,2.3869957,0.83471666
-16.270648,0.98850243,0.72482342,2,3,0,16.329263,0.83552838,1.9268725,1.6099566,0.31691583,-1.504331,-1.4932078,-1.4085609,-0.55000536,-1.1388882,-1.4077462,-1.4932078,-1.5823802,-1.3251736,-1.9609237,4,4,7,8,5,5,4,5,5,6,7,4,5,7,6,2,1,6,3,8,-1.0774133,0.57527957,1.4693973,0.84531424,0.62408304
-16.408471,0.97693522,0.72482342,1,1,0,16.409962,0.84716635,1.7799652,1.5079266,0.27203857,-1.5046351,-1.4796953,-1.4212787,-0.53120447,-1.1438903,-1.4192199,-1.4796953,-1.6012391,-1.3367678,-1.9411168,7,1,5,8,6,3,5,6,3,7,6,2,2,8,7,7,2,6,3,7,-1.0820585,0.92277939,4.2674797,3.9379423,0.32953736
-16.638314,0.88573053,0.72482342,3,7,0,17.958249,0.73865085,1.5643062,1.1554761,0.4088301,-1.5901138,-1.6497737,-1.4412088,-0.78602165,-1.2347408,-1.4579102,-1.6497737,-1.5271822,-1.3671476,-2.0900124,3,2,5,7,6,2,4,2,4,8,4,6,5,8,8,5,4,6,3,6,-0.64704393,0.15004524,0.98594523,0.14793639,0.83800884
-16.187931,0.92878628,0.72482342,1,3,0,17.453369,0.84210134,2.6019624,2.191116,0.41084639,-1.4745517,-1.4723273,-1.3689964,-0.51019669,-1.0982602,-1.3672446,-1.4723273,-1.5648128,-1.2850564,-1.9663494,6,7,5,6,5,4,4,5,3,8,4,3,4,7,7,5,3,5,2,8,-1.5464175,0.27752121,2.1237021,0.58937238,1.5343297
-16.474772,0.97250346,0.72482342,2,3,0,16.534304,0.87252642,3.1465694,2.7454649,0.40110447,-1.4396412,-1.4178902,-1.3507695,-0.42325232,-1.0628759,-1.3458626,-1.4178902,-1.5886525,-1.2637367,-1.9270338,8,1,6,6,8,2,5,3,3,5,7,2,3,8,6,4,1,6,2,7,-2.1872713,0.3728549,4.0220579,1.499644,2.5224139
-16.643162,0.99404799,0.72482342,2,3,0,16.72767,0.90119125,2.8544372,2.5723938,0.28204338,-1.4275742,-1.3780322,-1.3652508,-0.36237846,-1.0624234,-1.3590662,-1.3780322,-1.6299614,-1.2756308,-1.8804828,6,5,3,7,6,4,4,5,2,4,4,2,4,8,8,7,2,5,5,4,-2.1545976,0.62957046,2.3822351,1.4997849,0.88245026
-17.844033,0.91363304,0.72482342,3,7,0,18.199042,0.59884544,1.3327799,0.79812918,0.53465075,-1.7094553,-1.8850996,-1.4867487,-1.1088636,-1.3923293,-1.5476119,-1.8850996,-1.4861797,-1.4267815,-2.300034,7,7,5,5,4,3,5,1,1,7,6,4,2,5,7,5,7,2,5,8,-0.4769366,0.23321203,1.2024769,0.28043209,0.92204486
-16.169524,1,0.72482342,2,3,0,17.596575,0.83844285,2.2911116,1.9209662,0.37014546,-1.4871022,-1.4822354,-1.3846923,-0.5286009,-1.1150866,-1.3834492,-1.4822354,-1.5704473,-1.3010945,-1.9654058,4,3,6,8,4,4,3,4,6,8,7,5,6,8,8,5,2,3,3,8,-1.2991064,0.20230241,1.3060653,0.26422017,1.0418452
-16.323394,0.98025149,0.72482342,2,3,0,16.404868,0.83553612,1.8399969,1.5373839,0.30261303,-1.5087449,-1.4951419,-1.4154412,-0.5541957,-1.1452182,-1.4146438,-1.4951419,-1.5867355,-1.3320258,-1.9586759,4,5,6,7,5,6,6,5,4,8,5,6,3,7,6,7,5,3,3,5,-1.0424473,0.1195386,1.1022322,0.13175929,0.97047292
-17.439475,0.78008713,0.72482342,2,3,0,18.340975,0.60073369,2.6257911,1.5774012,1.0483899,-1.680068,-1.9287724,-1.3884973,-1.1112874,-1.3358855,-1.463161,-1.9287724,-1.3889467,-1.3335389,-2.4428296,5,5,4,6,8,3,2,2,3,8,3,4,5,6,8,5,3,2,6,6,-0.97536816,0.50861621,2.2235708,1.1309442,1.0926267
-16.635126,1,0.72482342,1,1,0,17.263203,0.69204583,2.7328044,1.8912259,0.84157853,-1.5918486,-1.7407087,-1.3670139,-0.87663528,-1.2203199,-1.4020131,-1.7407087,-1.430851,-1.3004689,-2.2437972,4,6,5,8,5,6,5,1,3,6,6,2,3,8,7,5,4,3,1,6,-1.1801818,0.67400988,2.3490841,1.5833059,0.76577822
-17.03659,0.98853729,0.72482342,3,7,0,17.45322,0.68955996,1.4306359,0.98650922,0.44412665,-1.6336072,-1.7301781,-1.4604343,-0.90146287,-1.2899114,-1.4899177,-1.7301781,-1.5112262,-1.3911448,-2.1570772,6,3,3,8,6,4,5,2,3,8,3,1,3,6,6,5,1,4,2,8,-0.55810478,0.88848304,1.938071,1.7219432,0.21612779
-16.691992,0.99540688,0.72482342,3,7,0,17.256471,0.81206699,3.9295068,3.1910227,0.73848403,-1.4721438,-1.5153365,-1.3245624,-0.56001312,-1.0788438,-1.3273973,-1.5153365,-1.5062525,-1.2440249,-2.0421246,8,3,6,5,5,6,4,4,3,8,5,3,4,8,5,2,1,6,6,4,-2.5946284,0.75139958,1.6639877,1.2503196,0.41366803
-16.499033,0.95661104,0.72482342,3,7,0,17.199997,0.79528524,1.5908468,1.265177,0.32566982,-1.5494958,-1.5609146,-1.437134,-0.65757786,-1.1901965,-1.4421025,-1.5609146,-1.5667314,-1.3573969,-2.0073794,7,2,2,8,6,5,7,2,1,6,7,1,3,7,8,7,4,2,3,5,-0.81826325,0.92703357,0.73926972,0.68532785,0.053941875
-16.154563,0.92912326,0.72482342,3,7,0,17.262585,0.77957251,2.3455821,1.8285513,0.51703079,-1.5279167,-1.5779573,-1.3798855,-0.66664318,-1.15207,-1.3886426,-1.5779573,-1.512145,-1.3025041,-2.0616089,5,5,7,5,5,6,3,4,4,7,3,1,6,7,7,3,4,5,2,7,-1.0985696,0.26804944,1.407273,0.37721873,1.0300542
-16.307322,0.92922229,0.72482342,2,3,0,16.763466,0.80196173,1.7956134,1.4400132,0.35560017,-1.5333686,-1.5468777,-1.4178619,-0.63252233,-1.1687626,-1.4218711,-1.5468777,-1.5585338,-1.33768,-2.005714,2,5,4,5,6,5,5,4,3,6,5,5,2,5,8,4,1,7,3,6,-0.88260983,0.66337595,2.4844941,1.6481537,0.83634047
-16.40278,0.61685972,0.72482342,3,7,0,19.925472,0.73188753,2.7848389,2.0381888,0.74665002,-1.5560529,-1.6639295,-1.360888,-0.77582672,-1.1771539,-1.3826487,-1.6639295,-1.4571248,-1.2894546,-2.1656064,6,5,3,8,7,7,2,4,7,6,3,3,4,8,7,5,7,4,3,6,-1.3058778,0.89187756,1.921105,1.7133904,0.20771455
-16.815379,0.89676752,0.72482342,1,1,0,16.829529,0.68307362,3.0269403,2.0676231,0.95931725,-1.5959017,-1.7617603,-1.3568988,-0.89776429,-1.2226094,-1.3961776,-1.7617603,-1.4152697,-1.2918969,-2.2773684,5,5,3,3,6,5,5,3,6,8,3,4,6,7,4,3,5,5,4,8,-1.4152859,0.3929865,2.7077417,1.0641059,1.6436358
-16.501199,0.73886652,0.72482342,1,3,0,18.407096,0.89040106,2.1841352,1.9447563,0.2393789,-1.4575094,-1.4071071,-1.3962876,-0.41263188,-1.097794,-1.3908765,-1.4071071,-1.6316428,-1.3078794,-1.8887958,7,7,5,8,5,2,3,6,5,8,3,4,4,8,7,7,2,6,2,5,-1.5577763,0.36369891,1.6723281,0.60822392,1.0641042
-17.825265,0.91369626,0.72482342,2,3,0,17.992784,0.91873126,4.7399657,4.3547547,0.38521104,-1.3830227,-1.3320764,-1.3221652,-0.28274644,-1.0117172,-1.3151437,-1.3320764,-1.6370722,-1.2303356,-1.8662332,2,3,6,5,6,6,3,4,2,4,5,1,4,8,8,8,2,5,3,8,-4.0739505,0.37788188,0.64990277,0.24558648,0.40431629
-16.537459,0.78123966,0.72482342,1,3,0,21.472065,0.70582231,1.8937212,1.3366307,0.55709053,-1.6002346,-1.7065377,-1.4135834,-0.85302063,-1.2409281,-1.4407911,-1.7065377,-1.4809684,-1.3438784,-2.1670581,7,3,2,7,8,1,5,5,7,8,4,4,7,8,7,6,4,5,2,7,-0.6505018,0.66868531,2.2771126,1.5226718,0.75444085
-16.587895,0.9705655,0.72482342,2,3,0,17.023926,0.74653124,1.5857866,1.1838392,0.40194736,-1.5832759,-1.6369441,-1.4385423,-0.76734638,-1.2264556,-1.4534137,-1.6369441,-1.5306519,-1.3637089,-2.0792057,6,5,6,3,4,4,4,5,3,8,5,6,3,6,8,6,2,5,3,8,-0.66765478,0.20815122,0.98047509,0.20408709,0.776388
-16.198196,1,0.72482342,2,3,0,16.591846,0.8419779,2.1765997,1.8326489,0.34395086,-1.4890345,-1.4786229,-1.3917737,-0.52455794,-1.1194723,-1.3901354,-1.4786229,-1.5782533,-1.3078144,-1.9575134,6,7,2,8,7,2,2,5,4,7,4,2,4,8,6,2,2,6,7,5,-1.2431376,0.67095233,3.6193277,2.4283964,1.1909313
-17.415156,0.8790394,0.72482342,2,3,0,17.531732,0.76935313,1.1316883,0.87066795,0.26102036,-1.6036475,-1.610961,-1.4994024,-0.74405807,-1.261088,-1.5080703,-1.610961,-1.5949913,-1.4211879,-2.0200952,3,2,4,7,7,5,2,8,5,7,4,5,2,7,6,7,5,3,4,6,-0.93533117,0.72861141,2.1844032,1.5915811,0.5928221
-18.172661,0.85916753,0.72482342,3,7,0,19.342879,0.94940233,4.1329232,3.9238069,0.2091163,-1.3708425,-1.2914648,-1.3397327,-0.2168757,-1.0187439,-1.3339657,-1.2914648,-1.6876086,-1.2455231,-1.8171819,3,3,5,6,2,4,3,2,5,7,6,4,3,8,5,4,4,6,1,7,-3.9424701,0.34809897,4.3190418,1.503454,2.8155878
-16.459635,1,0.72482342,2,3,0,18.208946,0.81329522,3.4982417,2.8451033,0.65313846,-1.4771048,-1.5144771,-1.3353551,-0.56244449,-1.0875138,-1.3379116,-1.5144771,-1.5143042,-1.2546166,-2.0324078,6,1,5,6,8,3,5,2,5,7,6,2,4,8,8,4,2,3,2,6,-2.1963955,0.69082741,3.5211455,2.4325038,1.0886417
-16.546949,0.97751163,0.72482342,2,3,0,16.803007,0.82221822,1.5706316,1.2914019,0.27922969,-1.5334336,-1.5216917,-1.4399424,-0.59903526,-1.1755982,-1.4408419,-1.5216917,-1.5909706,-1.3576269,-1.9693809,6,3,2,8,6,6,6,4,4,8,6,2,7,8,6,8,5,4,2,7,-0.92526573,0.69857829,3.1672711,2.2125869,0.95468429
-16.619832,0.98401674,0.72482342,3,7,0,16.929902,0.79662826,1.4977937,1.1931848,0.30460891,-1.5547992,-1.561026,-1.4473189,-0.65985528,-1.1982516,-1.4519695,-1.561026,-1.5751798,-1.367332,-2.0016478,5,6,6,7,2,6,2,2,2,6,6,1,7,7,5,4,4,6,4,8,-0.82533201,0.81427152,1.3093694,1.0661822,0.24318719
-16.232091,0.82913337,0.72482342,2,3,0,18.366368,0.8374084,2.0206165,1.6920812,0.32853527,-1.4986929,-1.4884612,-1.401803,-0.54149668,-1.1315212,-1.4007417,-1.4884612,-1.5799399,-1.3182594,-1.9605569,3,5,4,5,3,4,5,3,4,7,7,5,4,7,6,5,5,6,2,6,-1.131602,0.12373626,4.1509295,0.51362049,3.637309
-16.232034,0.97387631,0.72482342,2,3,0,16.553555,0.75742863,2.5389668,1.9230861,0.61588067,-1.5400643,-1.6163224,-1.3704169,-0.71625663,-1.1621393,-1.3846317,-1.6163224,-1.4859678,-1.2957072,-2.1077339,7,3,5,5,7,4,6,3,5,7,3,1,5,8,8,4,2,4,5,7,-1.1739439,0.57171242,1.1011824,0.62955963,0.47162272
-16.538839,0.95439537,0.72482342,2,3,0,16.806302,0.71325276,1.8119201,1.292357,0.5195631,-1.5974208,-1.6928316,-1.4195301,-0.83718884,-1.2388174,-1.4441211,-1.6928316,-1.4912527,-1.3487978,-2.1483607,4,4,4,8,8,3,4,6,4,6,4,5,3,6,5,8,5,6,3,8,-0.63499968,0.71942449,3.1720433,2.2820456,0.88999769
-16.319099,0.89532043,0.72482342,2,3,0,17.390691,0.86944355,2.6489263,2.3030919,0.34583443,-1.4543495,-1.4289268,-1.3694449,-0.44381986,-1.0825096,-1.3649714,-1.4289268,-1.5946156,-1.2828086,-1.9250616,6,5,1,8,4,4,5,7,2,8,3,5,4,7,7,4,4,3,2,6,-1.7419678,0.82004784,2.3501164,1.9272079,0.42290853
-17.6632,0.77597955,0.72482342,2,3,0,18.687909,0.8202702,5.4551989,4.474737,0.9804618,-1.4515428,-1.497432,-1.299504,-0.52583813,-1.0501022,-1.3009381,-1.497432,-1.5001515,-1.218099,-2.0455733,4,6,2,7,5,6,5,6,7,3,4,2,4,8,6,4,3,6,3,5,-4.0587341,0.26756515,1.0383485,0.27782588,0.76052265
-16.430961,0.98846841,0.72482342,2,3,0,17.935228,0.76381404,3.2276425,2.4653187,0.76232385,-1.521576,-1.6048501,-1.3432,-0.69025507,-1.1343988,-1.3565234,-1.6048501,-1.4712913,-1.2682059,-2.1185201,6,4,6,8,8,5,4,2,2,6,7,4,6,7,6,6,4,5,2,8,-1.7764758,0.78662809,3.561197,2.8013376,0.75985942
-18.049441,0.67123825,0.72482342,3,7,0,18.904429,0.96158415,2.3271911,2.2377901,0.089401025,-1.4101113,-1.3080832,-1.4011604,-0.24387257,-1.0784269,-1.3969251,-1.3080832,-1.7212347,-1.3072018,-1.7974799,4,5,2,6,4,5,4,2,5,8,5,1,1,8,4,4,3,4,1,6,-2.6230658,0.18254662,2.264443,0.41336642,1.8510766
-19.225134,0.96650544,0.72482342,2,3,0,19.480065,0.97851068,1.9703107,1.92797,0.042340643,-1.4194569,-1.3014426,-1.4270215,-0.22812774,-1.1018079,-1.4244718,-1.3014426,-1.7512664,-1.3323728,-1.7793993,4,3,7,5,5,4,5,3,4,8,6,2,3,8,7,8,4,5,3,6,-2.9745931,0.44622105,1.6701321,0.74524811,0.92488399
-16.699642,0.98505541,0.72482342,2,3,0,19.320276,0.87195837,3.656666,3.1884606,0.46820547,-1.4304193,-1.4141607,-1.3359804,-0.41446769,-1.0489716,-1.3309552,-1.4141607,-1.5807248,-1.2489096,-1.9338392,4,2,5,7,8,3,2,3,5,5,7,4,4,7,7,5,4,5,4,6,-2.6511914,0.78829431,2.4494523,1.9308893,0.518563
-17.306168,0.92723455,0.72482342,2,3,0,17.748119,0.89333105,4.4287556,3.9563449,0.4724107,-1.4043245,-1.3742158,-1.3226807,-0.34986723,-1.0242608,-1.3161731,-1.3742158,-1.6020082,-1.2333265,-1.9054573,5,5,4,8,5,3,3,3,2,7,4,4,4,8,7,5,4,5,3,7,-3.536933,0.5224755,3.1011373,1.6202682,1.480869
-16.429229,0.99822546,0.72482342,3,7,0,17.335953,0.73132927,1.8548691,1.35652,0.49834903,-1.5817344,-1.6617057,-1.4145929,-0.79368782,-1.2195204,-1.4342145,-1.6617057,-1.500143,-1.3419403,-2.1202814,4,4,8,2,2,5,3,4,3,8,4,4,3,7,7,8,4,4,4,5,-0.69035632,0.38081524,1.9466528,0.74131504,1.2053377
-16.60715,0.9409615,0.72482342,2,3,0,16.85476,0.90249955,2.398708,2.1648329,0.2338751,-1.4413815,-1.3848478,-1.3859154,-0.37542041,-1.0822076,-1.3799795,-1.3848478,-1.6406443,-1.296381,-1.8744321,4,4,6,3,6,4,5,4,6,8,7,2,4,8,8,3,2,4,1,8,-1.8055377,0.12011307,2.1815562,0.26203341,1.9195227
-17.218764,0.76197346,0.72482342,2,3,0,19.705132,0.78311754,1.1975921,0.93785541,0.25973673,-1.5884536,-1.589417,-1.4881329,-0.709846,-1.2425732,-1.4945823,-1.589417,-1.5956001,-1.4088513,-2.0061166,4,4,1,8,5,7,5,5,5,7,4,3,5,8,1,4,5,4,5,8,-0.91321488,0.56602287,2.4357329,1.3786805,1.0570524
-16.193317,0.91217234,0.72482342,1,3,0,18.444134,0.84372585,2.6050964,2.1979872,0.40710921,-1.4733189,-1.4697003,-1.3689763,-0.50623392,-1.0972212,-1.3670292,-1.4697003,-1.5664998,-1.2848719,-1.9638586,2,4,7,6,7,4,7,3,3,8,5,4,8,8,6,8,2,4,4,5,-1.5573054,0.48223688,1.8522925,0.89324377,0.95904875
-16.66127,0.90633891,0.72482342,1,3,0,17.151177,0.67886687,2.4414766,1.6574376,0.78403901,-1.6087197,-1.7633199,-1.3822325,-0.91197105,-1.2443271,-1.421096,-1.7633199,-1.4345683,-1.316866,-2.2547931,4,7,7,6,7,5,6,5,3,7,2,4,4,7,7,2,3,5,3,8,-0.92942989,0.29352564,6.4162646,1.8833382,4.5329264
-16.581306,0.97453281,0.72482342,2,3,0,17.196812,0.75977661,1.5600637,1.1852999,0.3747638,-1.5754531,-1.6160984,-1.4407638,-0.73856048,-1.2182801,-1.4525525,-1.6160984,-1.5420909,-1.364515,-2.057602,4,3,5,7,6,4,3,5,3,8,2,6,3,7,6,2,3,6,6,6,-0.70310087,0.22890481,0.99196294,0.22706509,0.76489785
-17.076284,0.96440131,0.72482342,2,3,0,17.191514,0.84914814,4.4952439,3.817128,0.67811591,-1.4363812,-1.4478048,-1.3157991,-0.45986825,-1.0440684,-1.3128972,-1.4478048,-1.5430308,-1.231054,-1.9817989,5,4,5,8,7,2,2,5,3,4,4,4,3,6,7,2,3,5,6,8,-3.3038181,0.88517848,1.6000383,1.4163194,0.18371883
-17.561359,0.92726388,0.72482342,2,3,0,18.31003,0.92121033,4.2369339,3.9031073,0.33382662,-1.3875737,-1.3320356,-1.3313411,-0.28382066,-1.0199421,-1.3244737,-1.3320356,-1.643616,-1.2394384,-1.859891,7,5,6,7,7,4,3,6,2,5,6,2,3,8,7,5,2,6,3,6,-3.6279911,0.54169136,3.0946639,1.6763527,1.4183112
-17.373091,0.98363011,0.72482342,2,7,0,18.217404,0.93434025,1.8216032,1.7019972,0.11960601,-1.4513714,-1.361109,-1.4288453,-0.33552547,-1.1130951,-1.423554,-1.361109,-1.6964627,-1.3372053,-1.8309561,2,4,2,4,6,4,5,1,4,8,3,2,1,8,8,4,4,4,3,6,-1.8423911,0.072415457,1.4350815,0.10392208,1.3311594
-19.991141,0.84081202,0.72482342,3,7,0,20.138492,0.98507267,1.8559928,1.8282878,0.027705009,-1.4234058,-1.2995752,-1.4370193,-0.22259557,-1.1111553,-1.4352037,-1.2995752,-1.7626842,-1.3421322,-1.7733913,5,3,3,7,7,6,3,5,2,6,7,3,5,5,7,6,3,3,3,5,-3.2832217,0.86689675,3.4122708,2.9580865,0.45418433
-16.911313,0.67369953,0.72482342,2,7,0,22.27758,0.70203532,1.4725063,1.0337515,0.43875488,-1.6219676,-1.7097518,-1.4541884,-0.8720496,-1.2746434,-1.480263,-1.7097518,-1.5135443,-1.383724,-2.1407993,4,1,2,7,5,4,3,4,4,6,6,3,5,7,4,3,2,5,1,5,-0.57304361,0.73530918,3.491111,2.567046,0.92406503
-17.859438,0.9465924,0.72482342,3,7,0,17.875681,0.92378691,4.6547004,4.2999513,0.35474908,-1.3805617,-1.3248772,-1.3245673,-0.27135982,-1.0120528,-1.3176254,-1.3248772,-1.6451745,-1.2323081,-1.8578713,2,3,2,5,3,4,5,4,3,8,6,3,3,8,7,4,4,5,4,8,-4.0525441,0.58267836,2.4858947,1.4484771,1.0374177
-18.875867,0.98226644,0.72482342,2,3,0,19.349341,0.96408103,4.3407693,4.1848534,0.15591598,-1.3587202,-1.2686178,-1.3396609,-0.17763638,-1.0150691,-1.3350115,-1.2686178,-1.7106469,-1.2442565,-1.7965051,5,4,4,3,6,4,6,2,7,8,4,4,2,8,5,5,2,6,2,6,-4.4661067,0.34081795,1.8536213,0.63174742,1.2218739
-19.771396,0.99221565,0.72482342,2,3,0,20.514569,0.98454149,2.8948067,2.8500573,0.044749385,-1.3770634,-1.2639594,-1.3820891,-0.16634208,-1.0556136,-1.379959,-1.2639594,-1.7502742,-1.2861884,-1.7681038,1,6,4,6,4,5,5,3,3,7,7,3,4,8,5,4,6,5,5,6,-3.9555868,0.34195375,5.2396923,1.7917324,3.4479599
-18.227204,0.99992708,0.72482342,2,3,0,20.326191,0.96064494,3.4019254,3.2680424,0.13388297,-1.377379,-1.285175,-1.3596152,-0.20604473,-1.036323,-1.3548822,-1.285175,-1.7092976,-1.2649331,-1.7994505,2,3,3,6,7,3,2,8,3,8,5,4,2,8,6,4,2,8,2,3,-3.4979895,0.68403331,1.583025,1.0828418,0.50018318
-19.442717,0.96462652,0.72482342,2,3,0,19.805207,0.44701507,1.5078797,0.67404494,0.83383476,-1.8440471,-2.2023056,-1.5099817,-1.4767347,-1.5851403,-1.6563954,-2.2023056,-1.4471428,-1.4685504,-2.6613582,3,4,4,5,3,2,4,2,5,6,3,4,6,4,5,4,6,3,2,7,-0.40187162,0.18299066,1.6191119,0.29628235,1.3228295
-16.983942,1,0.72482342,2,7,0,19.303727,0.90859924,1.7222416,1.5648274,0.15741419,-1.4719175,-1.3980338,-1.4331211,-0.39908368,-1.1261099,-1.427696,-1.3980338,-1.6695072,-1.3434509,-1.8615383,6,5,1,4,8,5,2,7,1,8,5,4,3,8,8,8,2,7,1,8,-1.510724,0.7579847,0.64688261,0.49032712,0.15655549
-17.601652,0.66939735,0.72482342,1,3,0,20.979284,0.8570598,5.2663752,4.5135985,0.75277674,-1.4231764,-1.4313756,-1.3049181,-0.43245602,-1.028541,-1.3010049,-1.4313756,-1.54714,-1.2192462,-1.9744294,2,4,4,7,5,4,4,5,2,6,7,1,4,8,3,4,5,4,4,7,-4.0697543,0.589288,3.1446028,1.8530767,1.2915261
-17.214822,0.98313243,0.72482342,2,3,0,18.35774,0.93400419,2.9352406,2.741527,0.19371358,-1.4048255,-1.329661,-1.3682565,-0.28250802,-1.0524852,-1.3621696,-1.329661,-1.6735796,-1.2758514,-1.8345532,5,4,6,8,8,2,3,1,3,7,4,3,2,8,7,7,3,6,2,3,-2.5916224,0.23769602,1.9991842,0.47519813,1.5239861
-19.013822,0.83800268,0.72482342,2,3,0,20.099995,0.81300949,0.79037973,0.64258622,0.14779351,-1.6312582,-1.5792197,-1.5769854,-0.70080217,-1.3044887,-1.5787682,-1.5792197,-1.6830428,-1.4939841,-1.9607896,2,3,6,4,4,2,5,3,7,8,5,1,4,6,7,2,3,5,1,7,-1.8063121,0.16362222,2.8721611,0.46994938,2.4022117
-19.676647,0.96773664,0.72482342,2,3,0,19.974978,0.79536695,0.6966419,0.55408594,0.14255596,-1.6607087,-1.6102228,-1.6067285,-0.75128211,-1.3398468,-1.6103578,-1.6102228,-1.6959811,-1.5245875,-1.9772072,4,5,6,8,5,5,3,3,3,8,3,5,5,8,7,3,4,1,4,5,-2.1125296,0.67564726,2.9657408,2.0037946,0.96194615
-18.999817,0.89031584,0.72482342,2,3,0,21.812374,0.66404335,6.1114747,4.0582842,2.0531905,-1.5976584,-1.8254566,-1.3027326,-0.94354834,-1.2091014,-1.3557334,-1.8254566,-1.3522913,-1.2426532,-2.4153193,5,5,3,8,5,7,6,7,6,8,3,2,4,7,6,6,4,6,1,8,-4.2398525,0.81821134,1.0618761,0.8688391,0.19303705
-16.596021,1,0.72482342,2,3,0,19.410913,0.78839816,1.5161012,1.1952914,0.3208098,-1.558905,-1.5728477,-1.4451872,-0.67695959,-1.2018383,-1.4512601,-1.5728477,-1.5671672,-1.3660178,-2.0138935,4,5,4,6,8,5,4,4,3,5,5,8,8,8,5,3,4,4,2,8,-0.79443853,0.54099462,2.4667375,1.3344917,1.1322458
-17.428562,0.92966998,0.72482342,2,3,0,17.575686,0.66841499,1.2745066,0.85189933,0.4226073,-1.658868,-1.7630807,-1.4836265,-0.95301105,-1.3249149,-1.5182374,-1.7630807,-1.5197923,-1.4158685,-2.1745566,7,1,3,7,6,6,3,3,4,7,6,6,3,5,4,4,3,3,4,5,-0.5893673,0.80967914,3.096061,2.506816,0.589245
-17.720009,0.98422674,0.72482342,2,3,0,18.003674,0.75038654,1.0473961,0.78595191,0.26144416,-1.6246015,-1.6402094,-1.5156094,-0.79034274,-1.2871956,-1.5275053,-1.6402094,-1.5959528,-1.438813,-2.0387169,2,5,3,8,7,1,4,6,2,8,7,5,4,8,4,6,4,7,3,5,-0.99215162,0.41274991,1.0914578,0.45049911,0.6409587
-16.402524,0.99458116,0.72482342,3,7,0,17.821088,0.81564045,3.3800795,2.7569296,0.62314994,-1.4771536,-1.5108205,-1.3388157,-0.55835246,-1.0888549,-1.3409432,-1.5108205,-1.5189205,-1.2577931,-2.0259901,5,2,4,6,7,6,5,3,3,6,6,4,4,7,8,4,5,6,1,5,-2.0973096,0.49757201,1.501626,0.74716705,0.75445892
-16.173501,0.983977,0.72482342,3,7,0,16.67716,0.84159281,2.3708666,1.9953043,0.37556232,-1.4821432,-1.4761428,-1.3804824,-0.51848664,-1.1092343,-1.3788413,-1.4761428,-1.5710872,-1.29658,-1.9623644,6,3,6,5,7,8,3,5,5,8,5,5,3,7,7,3,3,4,1,6,-1.3702066,0.71423219,1.0167694,0.72620944,0.29055997
-17.100174,0.8465902,0.72482342,1,3,0,17.557991,0.92334701,1.8768492,1.7329831,0.1438661,-1.4539369,-1.3726246,-1.4225192,-0.35581731,-1.1103272,-1.4169437,-1.3726246,-1.6810647,-1.3316343,-1.8441385,2,5,6,6,4,4,4,6,4,7,3,2,4,8,7,6,4,5,6,6,-1.7199211,0.33438083,0.90955862,0.30413896,0.60541966
-19.094211,0.82733975,0.72482342,2,3,0,19.559518,0.93306788,0.99603281,0.92936622,0.066666588,-1.5378431,-1.4246364,-1.5354684,-0.43509077,-1.2182693,-1.5313559,-1.4246364,-1.7448891,-1.4444925,-1.844831,5,4,1,7,7,5,5,6,1,6,3,3,1,7,5,4,5,7,1,8,-2.1753693,0.74302056,1.9392554,1.4409066,0.49834875
-16.833985,1,0.72482342,2,3,0,19.097073,0.91764776,2.312666,2.1222128,0.19045322,-1.4356053,-1.3659149,-1.3930107,-0.34436373,-1.0830825,-1.3870091,-1.3659149,-1.6618583,-1.302276,-1.8533374,3,1,3,7,6,4,2,3,2,8,4,2,4,6,7,5,2,6,3,8,-1.8973215,0.81315481,2.4304059,1.9762963,0.45410966
-16.40077,0.99542082,0.72482342,2,3,0,16.950081,0.87374491,2.0483076,1.7896983,0.25860926,-1.473996,-1.4342854,-1.4030436,-0.4571161,-1.1124168,-1.3986053,-1.4342854,-1.6171144,-1.3161329,-1.9097675,6,6,3,6,5,5,5,6,6,6,7,2,5,8,6,6,4,3,3,5,-1.3566027,0.46254209,2.0381947,0.94275082,1.0954438
-16.43519,0.99938183,0.72482342,2,3,0,16.483389,0.88354269,2.1907195,1.9355942,0.25512529,-1.4614814,-1.4167072,-1.3949929,-0.42803611,-1.0997951,-1.3898868,-1.4167072,-1.6234071,-1.307179,-1.8982812,3,7,3,5,5,3,2,3,4,8,7,4,3,8,7,5,2,2,4,7,-1.5089003,0.30518801,1.9778579,0.60361851,1.3742394
-16.356812,0.990043,0.72482342,2,3,0,16.631547,0.86033896,1.9563514,1.6831253,0.27322606,-1.4868837,-1.4559507,-1.4082355,-0.49213999,-1.1243834,-1.4048584,-1.4559507,-1.6062663,-1.32254,-1.9266663,4,3,3,8,8,1,3,8,2,8,7,2,7,8,7,8,1,4,3,7,-1.2250526,0.83193264,1.9930787,1.6581072,0.33497148
-17.244032,0.88386262,0.72482342,2,3,0,17.782186,0.91520384,3.8455588,3.5194702,0.32608862,-1.3974415,-1.3446911,-1.3383034,-0.30522823,-1.029448,-1.3315238,-1.3446911,-1.6375937,-1.2470647,-1.8669525,4,2,2,7,6,3,5,3,3,7,4,4,2,7,5,6,3,7,4,7,-3.1918993,0.46439299,1.6782144,0.77935102,0.89886343
-16.872512,1,0.72482342,1,1,0,17.215622,0.89833623,3.5502953,3.1893589,0.3609364,-1.4138688,-1.3734079,-1.342545,-0.35198876,-1.0413484,-1.3361279,-1.3734079,-1.6167485,-1.2529388,-1.8908229,7,5,2,8,4,3,6,6,7,6,4,4,6,7,8,6,7,6,5,6,-2.7530426,0.79019046,2.4025581,1.8984785,0.50407962
-18.746728,0.89413315,0.72482342,2,3,0,19.139525,0.61048871,4.9260911,3.007323,1.9187681,-1.6591335,-1.9436837,-1.3288103,-1.0921455,-1.292762,-1.4077597,-1.9436837,-1.3361726,-1.2758344,-2.5349563,6,4,4,6,6,5,4,1,5,7,2,4,8,7,5,5,6,4,2,8,-3.0899745,0.21360659,4.1713599,0.89102997,3.28033
-16.215416,0.94497071,0.72482342,1,3,0,19.962457,0.78548012,1.9774767,1.5532687,0.42420807,-1.5364911,-1.570641,-1.4032848,-0.66333781,-1.1676326,-1.4104494,-1.570641,-1.5341579,-1.3249557,-2.0379102,4,1,4,6,7,3,3,3,5,8,5,6,5,8,6,2,5,7,3,8,-0.89692308,0.63816357,3.8456756,2.4541701,1.3915055
-17.303066,0.83684569,0.72482342,2,3,0,17.430162,0.90447204,1.4401309,1.3025581,0.13757276,-1.4962467,-1.4176788,-1.4618034,-0.43196508,-1.1556966,-1.4567919,-1.4176788,-1.6795999,-1.3725874,-1.8657942,3,3,3,8,8,3,4,5,4,8,5,3,2,8,8,5,1,6,1,6,-1.4632165,0.79449786,1.910489,1.5178794,0.39260959
-17.654957,0.98243172,0.72482342,2,7,0,17.659286,0.68187362,4.4385466,3.0265278,1.4120188,-1.5853472,-1.7759072,-1.3217969,-0.89646047,-1.2002628,-1.3645798,-1.7759072,-1.3836345,-1.2582667,-2.3313359,5,5,3,8,7,6,5,5,2,7,4,6,7,8,6,5,2,5,2,7,-2.7235676,0.95136058,1.9384895,1.8442025,0.094286999
-19.345386,0.64788733,0.72482342,1,1,0,19.443236,0.59994024,5.5635769,3.3378136,2.2257633,-1.6700194,-1.9753978,-1.3235782,-1.1230988,-1.3047423,-1.4100776,-1.9753978,-1.3235361,-1.2726502,-2.58528,6,4,3,8,7,5,5,5,3,7,6,4,4,7,6,4,2,4,6,8,-3.6707825,0.5873085,1.2789188,0.75111991,0.52779893
-18.478682,0.98136656,0.72482342,3,7,0,20.543061,0.9688514,2.103083,2.0375749,0.065508085,-1.416957,-1.3071522,-1.4158797,-0.24044627,-1.0919674,-1.4123589,-1.3071522,-1.7352332,-1.3216699,-1.7895213,3,4,6,8,5,3,3,5,6,7,5,5,3,8,8,6,4,5,6,6,-2.6831179,0.55324013,5.6026196,3.099594,2.5030256
-16.140935,0.95370735,0.72482342,3,7,0,18.575129,0.82159357,2.2481855,1.8470948,0.40109076,-1.5003502,-1.5093969,-1.3862348,-0.56961756,-1.1273435,-1.3872816,-1.5093969,-1.5549566,-1.3043242,-1.9902331,4,2,5,8,4,7,6,4,5,7,7,6,2,8,4,4,1,6,5,5,-1.1917227,0.56174051,3.6036604,2.024322,1.5793383
-16.396848,0.92079504,0.72482342,2,3,0,16.904062,0.77880878,1.7037611,1.3269041,0.37685701,-1.5541066,-1.5843952,-1.4259821,-0.68923556,-1.1919391,-1.4341151,-1.5843952,-1.5453664,-1.3480321,-2.0364164,5,4,5,8,6,7,4,5,3,8,7,3,7,8,8,6,5,2,2,6,-0.77698546,0.45024107,2.4270837,1.0927728,1.334311
-16.635826,0.8285107,0.72482342,2,3,0,17.820883,0.90284687,2.2104009,1.9956536,0.21474736,-1.4487795,-1.3889918,-1.3964776,-0.38296486,-1.0924479,-1.3906745,-1.3889918,-1.6458517,-1.307005,-1.8722601,5,1,4,8,8,5,6,5,4,2,6,5,3,8,5,7,1,4,2,6,-1.6808857,0.73003666,1.6544716,1.2078249,0.44664667
-18.794421,0.81706525,0.72482342,1,3,0,20.084434,0.97360154,2.0687985,2.0141854,0.054613091,-1.4163465,-1.3028853,-1.4192053,-0.23214332,-1.0945854,-1.4161322,-1.3028853,-1.7425547,-1.3247397,-1.7842181,3,4,6,7,2,3,4,4,3,7,8,5,2,8,8,6,5,6,1,7,-2.8244904,0.25454452,1.7081749,0.43480656,1.2733684
-16.401234,0.80823774,0.72482342,2,7,0,23.243477,0.77652315,3.253365,2.5263132,0.72705177,-1.5105976,-1.5813065,-1.3421043,-0.65795032,-1.1226201,-1.3522743,-1.5813065,-1.4823162,-1.2655932,-2.0949335,6,1,4,6,6,2,3,4,5,7,5,4,4,8,7,3,1,7,3,6,-1.8385455,0.63940723,1.5781785,1.0090987,0.56907975
-16.650989,0.97154737,0.72482342,2,3,0,16.722534,0.87161463,1.667778,1.4536597,0.21411829,-1.4967362,-1.4491609,-1.4336148,-0.48395874,-1.1427047,-1.4296204,-1.4491609,-1.6319422,-1.3469473,-1.9068605,8,1,3,6,8,4,3,2,6,8,8,3,4,8,7,4,4,2,3,6,-1.2016479,0.56475534,2.2096996,1.2479397,0.96175994
-16.529037,1,0.72482342,1,1,0,16.676499,0.85515612,1.6872721,1.4428811,0.24439104,-1.505316,-1.4711737,-1.4302701,-0.51894521,-1.1479343,-1.4275084,-1.4711737,-1.6142312,-1.3450256,-1.9284634,3,6,3,7,8,5,6,4,2,7,5,4,4,8,8,6,3,4,1,6,-1.1035382,0.56940791,2.2099373,1.2583558,0.95158153
-16.212481,0.969342,0.72482342,3,7,0,16.885003,0.83608466,2.0630639,1.7248961,0.33816782,-1.497702,-1.4896669,-1.3987765,-0.54274877,-1.1295381,-1.3978672,-1.4896669,-1.5767871,-1.3153706,-1.9635366,4,3,3,6,5,5,3,5,3,6,8,3,3,7,8,4,5,6,1,6,-1.1475823,0.47200123,4.2187563,1.9912582,2.2274982
-16.701231,0.94387578,0.72482342,2,3,0,16.857647,0.82554612,1.4665451,1.2107006,0.25584449,-1.5389152,-1.5202951,-1.451743,-0.59867741,-1.1843487,-1.4522134,-1.5202951,-1.6017543,-1.3690383,-1.9618136,4,3,3,7,8,8,6,5,6,7,5,1,6,7,6,7,2,6,1,5,-0.94724127,0.87551383,1.548587,1.3558093,0.19277767
-16.349884,0.99412499,0.72482342,3,7,0,16.837819,0.76155691,1.8111708,1.3793096,0.43186116,-1.561045,-1.6110746,-1.4167642,-0.72461683,-1.1969786,-1.4287418,-1.6110746,-1.5247863,-1.3407609,-2.0683088,5,5,5,5,6,2,4,3,8,8,4,6,3,7,6,5,2,6,6,7,-0.75369119,0.28869104,2.1495281,0.6205495,1.5289786
-18.176311,0.7354343,0.72482342,2,7,0,18.510356,0.94077163,1.3544437,1.2742222,0.080221494,-1.4864364,-1.3809822,-1.4779666,-0.36560037,-1.1599608,-1.4734393,-1.3809822,-1.724539,-1.3862972,-1.8274367,6,7,5,8,3,8,5,4,1,7,4,1,4,8,7,5,3,7,3,8,-1.9286522,0.57156096,3.0413557,1.7383202,1.3030355
-20.363198,0.96445888,0.72482342,2,3,0,21.067204,0.98753677,3.4160146,3.37344,0.042574573,-1.3616951,-1.2496629,-1.3666513,-0.14227737,-1.0395435,-1.3648324,-1.2496629,-1.7527862,-1.2701845,-1.7636913,5,4,8,6,8,6,2,3,1,8,5,2,1,8,6,4,4,4,3,6,-4.6331714,0.53209666,1.1072456,0.58916167,0.5180839
-17.247828,0.99235493,0.72482342,3,7,0,20.266923,0.89864744,1.4287471,1.2839399,0.14480718,-1.5003592,-1.4255216,-1.462426,-0.44537083,-1.1585442,-1.4575432,-1.4255216,-1.6741928,-1.3736486,-1.8723765,6,2,4,5,5,1,2,6,4,8,7,1,2,7,6,5,2,3,2,6,-1.4131061,0.43606784,1.6461903,0.71785066,0.92833968
-17.494976,0.97424289,0.72482342,3,7,0,18.192303,0.94405396,3.0136283,2.8450277,0.16860058,-1.3966503,-1.3143546,-1.36765,-0.2564182,-1.0487484,-1.3619485,-1.3143546,-1.6872433,-1.2744223,-1.8210789,6,4,2,5,8,4,4,6,4,7,7,3,5,8,8,7,4,2,5,7,-2.8143122,0.37457517,2.5761015,0.96494366,1.6111578
-18.118095,0.91788672,0.72482342,2,3,0,19.09359,0.72886173,5.6355721,4.1075528,1.5280193,-1.5330843,-1.6797131,-1.2989114,-0.76682913,-1.1329668,-1.3246829,-1.6797131,-1.4054812,-1.2294232,-2.2440718,2,6,6,7,7,5,5,3,4,8,5,3,5,6,8,4,3,5,3,7,-3.9309191,0.57680098,3.1036137,1.7901674,1.3134463
-19.113642,0.72047932,0.72482342,1,1,0,19.407478,0.62129002,5.6114487,3.4863371,2.1251117,-1.6456678,-1.9236384,-1.3173593,-1.0629226,-1.2723652,-1.3916983,-1.9236384,-1.332798,-1.2633036,-2.5236827,7,4,3,5,3,4,2,3,3,7,5,2,6,5,5,5,5,6,4,7,-3.7344346,0.34695149,2.6189597,0.90865199,1.7103077
-17.72588,1,0.72482342,1,1,0,18.850088,0.73464926,5.1223459,3.7631277,1.3592183,-1.5300599,-1.6662612,-1.3049468,-0.75299599,-1.1315725,-1.3284047,-1.6662612,-1.415556,-1.2345047,-2.222205,6,3,4,7,7,2,7,5,3,8,5,5,5,7,8,4,3,4,5,8,-3.4716594,0.46353296,1.6373258,0.75895446,0.87837129
-16.47237,1,0.72482342,2,3,0,17.773634,0.74799505,3.1744433,2.3744679,0.79997543,-1.5358082,-1.634581,-1.345583,-0.73082098,-1.1503955,-1.3631708,-1.634581,-1.4588763,-1.2724915,-2.1478386,8,1,5,7,7,3,4,5,3,8,3,4,1,8,6,6,6,2,2,6,-1.6846901,0.42944793,1.1313192,0.48584269,0.64547651
-16.800948,0.96544737,0.72482342,2,3,0,17.082618,0.77703854,1.3905143,1.0804832,0.3100311,-1.5753484,-1.5925495,-1.4603508,-0.70924464,-1.2226008,-1.4682685,-1.5925495,-1.5699712,-1.3820603,-2.0237033,7,5,4,8,7,6,2,3,2,7,7,4,5,8,6,3,4,3,1,6,-0.7809532,0.71263854,1.2599763,0.89790767,0.36206863
-17.065265,0.94627585,0.72482342,3,7,0,17.635544,0.81769301,1.2699815,1.038455,0.2315265,-1.5606476,-1.5389251,-1.4774192,-0.63095228,-1.2121779,-1.4788542,-1.5389251,-1.6131833,-1.395194,-1.9657959,4,7,6,8,7,3,2,2,5,8,4,5,3,5,8,5,3,6,1,7,-0.98886086,0.20849987,1.4611673,0.3046532,1.1565141
-18.960746,0.87525518,0.72482342,3,7,0,19.537648,0.53453041,1.0863213,0.58067176,0.50564953,-1.7735087,-1.9836597,-1.5384735,-1.2495537,-1.4868555,-1.6212578,-1.9836597,-1.5113675,-1.4832858,-2.367887,5,5,4,7,7,3,8,6,6,5,4,5,3,8,7,1,3,1,5,8,-0.6529587,0.13787277,0.5240327,0.072249842,0.45178286
-17.266282,1,0.72482342,2,3,0,19.058663,0.93316632,3.1572701,2.9462581,0.21101197,-1.3996031,-1.3270412,-1.3605038,-0.27782244,-1.0449363,-1.3542854,-1.3270412,-1.6698832,-1.2680426,-1.8367554,6,4,4,7,4,4,3,3,5,7,4,3,3,8,8,4,3,3,2,7,-2.7753548,0.4989885,1.5063493,0.75165096,0.75469829
-17.259922,0.96430473,0.72482342,2,3,0,18.479814,0.92853462,1.8019873,1.6732076,0.12877971,-1.4557484,-1.369221,-1.4294241,-0.34965576,-1.1154649,-1.4240099,-1.369221,-1.6899775,-1.3382152,-1.8378342,3,5,4,5,7,5,5,5,3,8,4,5,3,8,8,6,3,5,2,6,-1.7573508,0.35461108,2.0529218,0.7279888,1.324933
-17.320317,0.99742782,0.72482342,1,1,0,17.430084,0.93194142,1.8186071,1.6948353,0.12377182,-1.4528484,-1.3642271,-1.428657,-0.34099239,-1.1136355,-1.4233033,-1.3642271,-1.6935899,-1.3371901,-1.8337915,7,3,5,7,5,3,2,6,3,6,5,2,3,8,8,2,3,3,4,6,-1.8080535,0.81140843,2.8587921,2.319648,0.53914408
-16.390737,0.93923848,0.72482342,1,3,0,18.104681,0.86529788,3.0333093,2.6247161,0.40859321,-1.4472047,-1.4305375,-1.3537823,-0.44335574,-1.0698873,-1.349496,-1.4305375,-1.5817766,-1.2674828,-1.9369471,7,4,7,6,4,2,4,5,3,7,7,1,4,8,5,6,2,4,2,4,-2.0400132,0.58180487,4.4346101,2.5800778,1.8545324
-16.364469,0.99365432,0.72482342,3,7,0,16.556427,0.75097008,1.8377011,1.3800585,0.45764257,-1.5676402,-1.6284607,-1.4149295,-0.74829605,-1.203741,-1.4294488,-1.6284607,-1.5151675,-1.3401002,-2.0867234,2,5,7,4,4,3,4,4,4,4,3,2,3,8,7,5,3,5,2,8,-0.73344404,0.33901445,2.3807263,0.80710062,1.5736257
-16.670242,0.77522456,0.72482342,1,3,0,18.192724,0.90671884,2.618656,2.3743848,0.24427128,-1.4310916,-1.374197,-1.3759625,-0.35715597,-1.0705703,-1.3698074,-1.374197,-1.6413591,-1.2859656,-1.8705079,5,4,4,6,1,5,4,4,1,4,6,4,4,8,6,5,3,7,2,6,-2.0120287,0.24193853,1.3305011,0.32189947,1.0086016
-17.704066,0.90622211,0.72482342,3,7,0,18.580854,0.59503114,1.4619229,0.86988964,0.59203324,-1.7073708,-1.8984618,-1.4716734,-1.1183631,-1.3876257,-1.5363955,-1.8984618,-1.4691499,-1.4129419,-2.3269845,6,7,6,7,6,6,3,2,4,8,6,4,4,5,7,5,2,5,4,8,-0.43330345,0.20127024,4.3289894,0.87129675,3.4576927
-16.270938,1,0.72482342,2,3,0,17.501197,0.84795871,2.0144431,1.7081645,0.30627852,-1.4920341,-1.4727503,-1.4029831,-0.51757196,-1.1263673,-1.400742,-1.4727503,-1.590901,-1.3184339,-1.9452159,4,4,6,5,6,3,3,5,4,4,5,5,4,7,5,5,4,3,4,7,-1.1830047,0.16261463,2.0153935,0.32773246,1.687661
-16.809157,0.9150627,0.72482342,2,3,0,17.301289,0.74749586,1.4195045,1.0610737,0.35843076,-1.5929294,-1.6368444,-1.4574765,-0.77250057,-1.241188,-1.471554,-1.6368444,-1.5465972,-1.3821525,-2.0672525,4,2,3,7,6,4,1,4,2,4,2,6,1,8,6,4,6,6,5,7,-0.6867715,0.83267323,2.6363054,2.1951809,0.44112447
-16.887048,0.96042693,0.72482342,2,3,0,17.477494,0.8862227,3.8134995,3.3796098,0.43388967,-1.417779,-1.3899906,-1.3341195,-0.37669692,-1.039233,-1.3281161,-1.3899906,-1.5976068,-1.2455987,-1.9122038,4,3,4,7,6,6,4,5,7,8,6,2,6,8,8,6,4,5,3,5,-2.899961,0.57023113,1.5768242,0.89915426,0.67766996
-16.52538,0.98546614,0.72482342,2,3,0,17.184611,0.8021795,1.5695458,1.2590575,0.31048834,-1.5463389,-1.5510707,-1.4394728,-0.64341634,-1.1877211,-1.4432882,-1.5510707,-1.5739851,-1.3590445,-1.9968256,6,4,5,6,5,3,6,4,2,8,7,3,4,7,5,5,2,7,3,7,-0.84311388,0.3601829,2.1459685,0.77294117,1.3730273
-16.449054,1,0.72482342,3,7,0,16.579231,0.7648081,1.6742051,1.2804456,0.39375947,-1.5654848,-1.6069291,-1.4290248,-0.7223079,-1.2047461,-1.4399945,-1.6069291,-1.5367523,-1.3524659,-2.0561877,3,4,4,8,7,3,2,5,4,6,7,3,4,6,7,1,6,6,1,7,-0.72808607,0.85029887,3.6613708,3.1132595,0.54811136
-16.264316,0.91965888,0.72482342,1,3,0,17.353067,0.80128283,3.0361015,2.432776,0.60332552,-1.4945418,-1.5373764,-1.3494598,-0.59957028,-1.1090785,-1.3541615,-1.5373764,-1.511233,-1.2699859,-2.0441814,5,5,3,7,5,6,3,2,2,6,1,2,2,7,5,5,5,7,3,6,-1.730511,0.78882354,2.2572431,1.7805665,0.47667662
-17.023739,0.92113625,0.72482342,2,3,0,17.178621,0.79787849,4.4503697,3.5508543,0.89951546,-1.4782773,-1.5405279,-1.3136947,-0.59114243,-1.0806081,-1.3194588,-1.5405279,-1.4843102,-1.2349243,-2.077377,6,3,5,7,8,5,5,5,4,6,5,5,6,8,8,7,2,3,6,8,-3.0311923,0.74855133,1.3803565,1.0332677,0.34708881
-17.14352,0.96399021,0.72482342,3,7,0,17.727564,0.91433421,1.6538479,1.5121697,0.14167818,-1.4735848,-1.3939138,-1.4403233,-0.39190176,-1.1310537,-1.4349456,-1.3939138,-1.6791106,-1.3502609,-1.8545255,3,4,2,7,6,2,3,2,2,8,7,4,4,8,4,5,1,6,2,5,-1.5562297,0.63848244,3.2889776,2.0999544,1.1890232
-17.450589,0.96650185,0.72482342,2,3,0,18.021797,0.59075745,2.2121024,1.306816,0.90528644,-1.69454,-1.9378485,-1.4116943,-1.1344262,-1.3600528,-1.4879914,-1.9378485,-1.4063555,-1.3568265,-2.4290598,5,5,6,7,4,4,5,4,7,6,3,2,7,5,6,4,3,4,6,7,-0.66809203,0.30756164,2.8877352,0.88815657,1.9995786
-16.755738,0.95424541,0.72482342,3,7,0,18.212098,0.91217411,2.2561468,2.0579987,0.19814812,-1.4412216,-1.3749077,-1.3952686,-0.35950958,-1.0874341,-1.3893131,-1.3749077,-1.6562372,-1.3050068,-1.8602075,5,6,4,7,6,1,3,4,1,7,4,4,4,8,7,4,3,3,4,5,-1.8010595,0.21106517,3.4972985,0.73815791,2.7591406
-16.489274,0.95389027,0.72482342,3,7,0,17.599201,0.70273263,2.3992875,1.6860576,0.71322988,-1.5887211,-1.7167618,-1.3814661,-0.85296935,-1.2201154,-1.411628,-1.7167618,-1.4512751,-1.3130942,-2.2043795,5,2,4,5,6,6,4,6,5,7,2,4,4,8,7,7,4,6,3,8,-0.94137171,0.73952698,1.47056,1.0875188,0.3830412
-16.155712,1,0.72482342,2,3,0,16.463398,0.8286934,2.5906186,2.1468285,0.44379004,-1.4844222,-1.494066,-1.3686341,-0.54255286,-1.1066256,-1.3686529,-1.494066,-1.5508324,-1.2860715,-1.9874435,4,3,7,8,2,5,6,2,3,8,4,4,6,8,6,4,5,5,5,7,-1.4720366,0.52200856,2.3621438,1.2330593,1.1290845
-18.679928,0.6196743,0.72482342,1,3,0,20.048399,0.69217098,6.034412,4.1768449,1.8575671,-1.5682917,-1.7609924,-1.2988308,-0.86585509,-1.1731074,-1.3390927,-1.7609924,-1.3725075,-1.2346426,-2.3402222,5,3,1,7,5,3,7,4,7,8,3,3,5,8,7,4,5,3,4,4,-4.2167384,0.4571446,1.7348447,0.7930749,0.94176982
-18.397381,0.97129658,0.72482342,2,3,0,19.394674,0.6164093,4.5380035,2.7972676,1.740736,-1.6535579,-1.9255065,-1.3332687,-1.074967,-1.2871463,-1.4079503,-1.9255065,-1.3447292,-1.2790883,-2.5049458,6,4,3,7,7,6,3,2,3,8,5,1,5,8,8,2,2,4,2,6,-2.7311783,0.82078778,2.5771896,2.1153258,0.46186386
-16.154931,0.9409005,0.72482342,3,7,0,18.854286,0.79143089,2.1549148,1.7054662,0.44944867,-1.5253201,-1.5592881,-1.3911767,-0.64363176,-1.1528127,-1.3973408,-1.5592881,-1.5306387,-1.312366,-2.0351091,7,5,5,5,6,5,4,3,3,8,6,2,8,6,8,6,4,6,2,8,-1.0143121,0.23943406,2.6445735,0.63320098,2.0113726
-16.154643,0.9974613,0.72482342,2,3,0,16.187643,0.77992591,2.3093259,1.8011031,0.5082228,-1.5287443,-1.5775288,-1.381911,-0.66669316,-1.153518,-1.3905564,-1.5775288,-1.5139188,-1.3044629,-2.0596921,4,5,7,5,5,3,2,2,5,8,5,3,5,8,8,5,3,4,6,6,-1.0746967,0.13939979,1.0971464,0.15294197,0.94420438
-17.571468,0.87418426,0.72482342,2,3,0,17.585295,0.75469713,1.0884489,0.82144927,0.26699964,-1.617284,-1.6328627,-1.507599,-0.77803749,-1.2776401,-1.5188449,-1.6328627,-1.5920779,-1.4305704,-2.0359712,5,5,5,8,6,6,4,3,5,8,6,7,3,8,8,4,3,7,7,8,-0.94577127,0.4503907,1.2897259,0.58088056,0.70884536
-17.72201,0.89104416,0.72482342,2,3,0,19.092486,0.72249076,5.0018054,3.6137582,1.3880472,-1.542344,-1.6913991,-1.307705,-0.78592146,-1.1461524,-1.3352852,-1.6913991,-1.406584,-1.2388725,-2.2479111,5,4,5,8,4,4,5,4,3,8,4,2,3,8,6,4,3,7,6,8,-3.3312834,0.45328327,3.2758838,1.4849033,1.7909804
-18.659028,0.85154911,0.72482342,2,7,0,19.338752,0.56226382,3.922554,2.2055102,1.7170438,-1.7155756,-2.0469049,-1.3601898,-1.2228682,-1.3742591,-1.4645159,-2.0469049,-1.3362984,-1.3130189,-2.6331518,6,5,6,6,7,2,5,4,6,7,4,4,3,5,8,3,4,5,3,6,-2.1101604,0.48853944,2.5409309,1.241345,1.2995859
-17.451725,0.98259303,0.72482342,2,7,0,20.727086,0.62072266,1.4832217,0.92066934,0.56255238,-1.6850666,-1.851871,-1.4642094,-1.0584334,-1.3566779,-1.5185043,-1.851871,-1.4751522,-1.4027028,-2.2817682,5,3,4,5,6,2,5,1,5,7,3,2,6,6,8,6,3,3,4,8,-0.45332595,0.24491933,0.9836388,0.24091216,0.74272664
-18.454423,0.817859,0.72482342,2,7,0,20.093546,0.82939028,6.6168454,5.4879472,1.1288982,-1.4373333,-1.4789678,-1.288054,-0.49561112,-1.0326784,-1.2879138,-1.4789678,-1.5043323,-1.2055632,-2.0369984,5,4,3,8,6,4,4,3,1,8,5,2,3,8,7,2,3,6,5,5,-5.14218,0.22194071,3.1281822,0.69427096,2.4339112
-18.446831,0.99868879,0.72482342,3,7,0,18.475143,0.77855367,0.87692814,0.68273563,0.19419252,-1.6325699,-1.6120188,-1.5531424,-0.75251059,-1.3017541,-1.5594933,-1.6120188,-1.6435503,-1.4732072,-1.997223,5,4,5,7,4,4,2,2,6,6,3,2,3,8,6,5,5,6,2,6,-1.42012,0.61324027,3.240695,1.9873247,1.2533703
-16.387625,0.95887602,0.72482342,3,7,0,19.589991,0.7402824,2.8682086,2.1232844,0.74492424,-1.5474042,-1.648381,-1.3569817,-0.75379087,-1.1664145,-1.3763832,-1.648381,-1.461045,-1.2846016,-2.1524635,6,1,6,7,8,5,7,5,2,7,6,5,3,8,7,5,1,5,3,6,-1.3965824,0.66698693,0.88726493,0.59179412,0.29547082
-16.79444,0.96203794,0.72482342,2,3,0,16.909635,0.84395108,1.4459826,1.2203386,0.22564402,-1.5294972,-1.4956399,-1.4551822,-0.56042842,-1.1771984,-1.4536133,-1.4956399,-1.6196673,-1.3708373,-1.9377945,3,5,3,5,6,5,4,3,2,7,5,5,2,8,7,6,3,5,3,8,-1.0404838,0.46130899,1.4062242,0.64870387,0.75752033
-16.553815,1,0.72482342,3,7,0,16.842606,0.79367749,1.5464599,1.2273904,0.31906949,-1.5534125,-1.5642794,-1.4418511,-0.66357147,-1.1953986,-1.4470465,-1.5642794,-1.5688697,-1.3622131,-2.0077942,1,5,3,7,4,2,3,2,3,8,7,3,6,5,7,5,5,3,6,8,-0.81167496,0.22188668,3.6649561,0.81320492,2.8517511
-16.53556,1,0.72482342,3,7,0,16.606029,0.83579114,3.6132859,3.0199524,0.59333356,-1.4578785,-1.4748015,-1.3335214,-0.50464616,-1.0696325,-1.3324712,-1.4748015,-1.5374156,-1.2502722,-1.9944276,4,3,5,5,5,4,4,4,5,7,5,2,6,8,8,4,3,8,4,7,-2.4043166,0.55806804,1.9226184,1.0729519,0.84966652
-16.553713,0.97798602,0.72482342,2,3,0,16.93067,0.74165869,3.2846312,2.4360753,0.84855591,-1.5396985,-1.646998,-1.3424448,-0.74577789,-1.1537399,-1.362017,-1.646998,-1.4509011,-1.2702142,-2.1639671,1,4,5,6,6,6,4,5,4,7,4,2,3,5,8,4,3,4,4,6,-1.7678708,0.36370151,2.5906452,0.94222159,1.6484236
-17.216787,0.95221705,0.72482342,2,3,0,17.227211,0.6897668,3.8648098,2.6658175,1.1989923,-1.5813309,-1.7550222,-1.3322129,-0.87690217,-1.1985258,-1.3707734,-1.7550222,-1.3990288,-1.2671769,-2.2951508,7,5,6,5,6,3,5,2,5,8,3,5,7,8,6,3,6,5,2,8,-2.1957205,0.24217383,2.3875193,0.5781947,1.8093246
-16.355834,1,0.72482342,2,3,0,17.124671,0.85054839,1.8734278,1.593441,0.27998681,-1.4973454,-1.4722862,-1.4137713,-0.51854598,-1.1349792,-1.4113314,-1.4722862,-1.5998988,-1.3289662,-1.93853,5,5,7,8,7,3,2,6,3,7,7,4,5,8,7,5,5,6,2,6,-1.1330067,0.77454004,2.166427,1.6779844,0.48844253
-16.620688,0.77251706,0.72482342,2,3,0,18.95161,0.78558107,1.4995741,1.178037,0.32153708,-1.5618798,-1.5774239,-1.4470617,-0.68411437,-1.2053643,-1.4536119,-1.5774239,-1.5663752,-1.3681402,-2.0171021,5,4,8,4,7,3,1,3,4,8,4,4,5,8,8,5,2,4,3,6,-0.78621707,0.18321227,0.78008464,0.14292108,0.63716356
-17.819478,0.8687316,0.72482342,2,3,0,18.237139,0.59679484,1.3608106,0.81212473,0.54868585,-1.7098955,-1.8902167,-1.4835184,-1.1136917,-1.3925526,-1.5457426,-1.8902167,-1.4819304,-1.4239609,-2.3081847,4,2,4,7,8,4,4,7,6,7,4,5,5,8,6,4,6,5,7,8,-0.4631567,0.72038199,3.5942963,2.5892663,1.00503
-16.7351,0.70569891,0.72482342,1,3,0,22.127914,0.89879327,3.2246566,2.8982996,0.32635694,-1.4200764,-1.3763818,-1.3519827,-0.35808924,-1.0504456,-1.3456832,-1.3763818,-1.6212895,-1.2624402,-1.8873584,4,5,4,6,8,8,2,6,5,8,4,4,5,8,7,6,5,5,2,8,-2.4585056,0.63154625,1.2177119,0.76904139,0.44867053
-16.319663,1,0.72482342,2,3,0,16.80752,0.83957768,3.1168133,2.6168069,0.50000642,-1.4638606,-1.4715373,-1.348509,-0.50399059,-1.0809044,-1.3469918,-1.4715373,-1.550202,-1.2648437,-1.9799759,2,4,6,7,8,3,6,2,4,8,4,1,3,6,6,6,5,5,3,7,-1.9693201,0.55584032,1.1776471,0.65458377,0.52306337
-16.497758,0.98071175,0.72482342,2,7,0,16.642022,0.88583121,2.0554426,1.8207752,0.2346674,-1.4661879,-1.4169516,-1.4039869,-0.42929907,-1.1074077,-1.3988723,-1.4169516,-1.6304886,-1.3160182,-1.8934542,3,5,6,5,5,3,5,4,4,7,4,4,4,7,8,3,6,8,4,6,-1.4473246,0.16289493,2.3386208,0.38094947,1.9576714
-16.514895,0.99824636,0.72482342,2,7,0,16.638314,0.74645646,3.2519511,2.4274399,0.82451118,-1.5359952,-1.6376942,-1.3431801,-0.73390168,-1.1498915,-1.3613015,-1.6376942,-1.4556805,-1.2703303,-2.1533163,5,1,5,6,7,2,2,5,2,5,5,4,4,8,6,6,2,4,2,5,-1.7505267,0.51958318,2.3017361,1.1959434,1.1057927
-16.210896,0.96645229,0.72482342,1,3,0,16.944998,0.77465386,2.0399164,1.5802291,0.45968729,-1.5418981,-1.5879404,-1.3989041,-0.6866532,-1.1719806,-1.4083737,-1.5879404,-1.5218527,-1.3217884,-2.0578383,7,5,4,8,3,2,3,3,5,7,6,4,3,7,7,6,2,5,1,7,-0.89317841,0.60570957,3.2944441,1.9954763,1.2989678
-16.246303,0.82451254,0.72482342,3,7,0,17.40518,0.75427789,2.5554677,1.9275328,0.62793492,-1.5422128,-1.621995,-1.3697515,-0.72368574,-1.1642747,-1.3848054,-1.621995,-1.4827804,-1.2954237,-2.1141133,5,3,4,7,6,4,2,4,2,8,3,5,6,8,7,5,2,3,3,7,-1.1779519,0.31115474,4.0117854,1.248286,2.7634994
-17.574598,0.79716552,0.72482342,2,3,0,18.66749,0.81483615,5.320678,4.3354808,0.98519721,-1.4570185,-1.5077538,-1.300941,-0.54083069,-1.0556686,-1.3033745,-1.5077538,-1.494823,-1.2201887,-2.0549062,6,5,2,6,5,5,6,5,2,8,7,3,4,7,7,2,4,3,5,5,-3.9116577,0.42325696,3.5296584,1.4939525,2.0357059
-17.574598,0.8515353,0.72482342,1,1,0,18.5908,0.81483615,5.320678,4.3354808,0.98519721,-1.4570185,-1.5077538,-1.300941,-0.54083069,-1.0556686,-1.3033745,-1.5077538,-1.494823,-1.2201887,-2.0549062,3,3,5,5,8,3,4,6,5,8,3,3,4,8,8,2,4,4,3,5,-3.9116577,0.69114076,1.2198741,0.84310468,0.37676937
-16.666554,0.95662572,0.72482342,2,3,0,18.227727,0.89341759,3.1967494,2.8560321,0.34071727,-1.4242769,-1.384895,-1.3520195,-0.3716871,-1.0530788,-1.3459131,-1.384895,-1.6145518,-1.2629805,-1.8952506,3,4,4,7,7,4,3,7,3,6,8,1,5,8,5,4,3,5,4,7,-2.3876025,0.3435855,2.7139365,0.93246923,1.7814672
-18.457183,0.90158977,0.72482342,2,7,0,18.574934,0.96849026,2.1048554,2.0385319,0.066323436,-1.417051,-1.3075154,-1.4156826,-0.24113525,-1.0918287,-1.4121296,-1.3075154,-1.7346925,-1.3214935,-1.7899337,2,3,2,7,6,5,5,2,1,5,7,5,4,8,7,7,4,3,6,5,-2.6729765,0.49756859,1.599913,0.79606645,0.80384654
-19.705795,0.90853882,0.72482342,2,3,0,21.092566,0.97927856,4.0401176,3.9564005,0.083717074,-1.3542663,-1.2512528,-1.3496645,-0.14673993,-1.0228633,-1.3467073,-1.2512528,-1.7370285,-1.253351,-1.7748124,6,3,3,7,7,7,2,5,3,6,5,3,4,8,7,3,3,6,3,6,-4.7166051,0.94919853,2.1551183,2.0456352,0.10948318
-18.992599,1,0.72482342,2,3,0,19.789818,0.9763615,2.9763325,2.9059764,0.070356034,-1.3791155,-1.2724116,-1.3769403,-0.18227654,-1.0512803,-1.3738402,-1.2724116,-1.7367732,-1.2814825,-1.7783504,4,4,4,3,2,3,3,7,5,8,6,1,3,8,7,3,3,7,2,4,-3.6096081,0.1168236,3.1197195,0.36445685,2.7552626
-16.78157,0.95419442,0.72482342,2,5,0,19.404099,0.66097804,2.189013,1.4468895,0.7421235,-1.6297385,-1.794383,-1.3989198,-0.95821255,-1.2739572,-1.4434485,-1.794383,-1.4373524,-1.3352235,-2.2741604,3,3,5,6,3,2,7,6,4,8,6,3,5,7,8,4,2,6,2,5,-0.72951719,0.28681986,1.9116888,0.54831032,1.3633785
-16.350336,0.97407276,0.72482342,2,3,0,17.110557,0.76806213,1.7873632,1.372806,0.41455721,-1.5574619,-1.6006532,-1.4186326,-0.71046492,-1.1935982,-1.4291258,-1.6006532,-1.5313216,-1.3419089,-2.0568729,4,4,2,7,7,6,3,4,5,7,7,2,4,8,6,8,3,6,3,8,-0.76521384,0.72058835,1.84901,1.332375,0.51663493
-16.183216,0.95911999,0.72482342,3,7,0,16.840095,0.77166448,2.1915657,1.6911534,0.50041231,-1.5387507,-1.5921447,-1.3889952,-0.68944391,-1.165938,-1.3993209,-1.5921447,-1.5119973,-1.3123558,-2.0690703,2,5,4,5,4,4,3,6,7,7,6,7,3,8,7,4,5,4,3,7,-0.97152588,0.2919961,2.0958972,0.61199381,1.4839034
-16.612239,0.94919903,0.72482342,2,3,0,16.64718,0.83714928,1.5506518,1.298127,0.25252476,-1.5255638,-1.5010638,-1.4428181,-0.56754017,-1.1695074,-1.4419133,-1.5010638,-1.605756,-1.3591294,-1.9489914,6,5,3,7,5,3,3,3,2,5,5,5,6,8,5,7,2,2,2,7,-0.99489327,0.85164092,1.220727,1.039621,0.18110594
-16.635909,0.98182743,0.72482342,2,3,0,16.927967,0.69523811,2.8040573,1.9494875,0.85456979,-1.5878554,-1.7350717,-1.3636852,-0.86801513,-1.2147278,-1.3977286,-1.7350717,-1.4303958,-1.2968344,-2.2406599,7,3,5,8,7,6,4,3,5,7,7,3,6,8,5,4,1,6,3,8,-1.2452048,0.84744446,4.1099433,3.4829487,0.62699462
-16.309032,0.8684213,0.72482342,1,3,0,17.45636,0.87045586,2.4617625,2.1428556,0.31890689,-1.4595892,-1.4303835,-1.37841,-0.44757992,-1.0905398,-1.3739503,-1.4303835,-1.6004378,-1.2917145,-1.9207639,5,5,4,6,4,5,4,3,5,8,3,5,6,8,8,4,6,5,3,5,-1.6036851,0.38875645,4.0004088,1.5551847,2.4452241
-16.262479,0.91160598,0.72482342,2,3,0,17.581928,0.74929037,2.5345686,1.8991278,0.63544076,-1.5467463,-1.6309973,-1.3709814,-0.73628158,-1.1695524,-1.387326,-1.6309973,-1.4795211,-1.2972179,-2.1224277,6,3,3,7,5,3,5,4,6,5,7,4,6,8,4,6,3,5,4,8,-1.1483646,0.80803583,1.5481134,1.2509311,0.29718231
-16.828628,0.91151587,0.72482342,2,3,0,17.289225,0.89332052,3.5692798,3.1885109,0.38076891,-1.4169432,-1.3809845,-1.3412422,-0.36380836,-1.0425384,-1.3349932,-1.3809845,-1.6097533,-1.2521009,-1.8987906,4,7,4,6,6,6,2,4,5,7,5,5,5,8,7,6,3,5,2,8,-2.7281159,0.18507979,1.095384,0.20273343,0.89265054
-16.482872,0.92241006,0.72482342,3,7,0,18.021773,0.7633042,1.6425134,1.2537374,0.38877603,-1.5682599,-1.6096431,-1.4321558,-0.72703193,-1.2084839,-1.4433802,-1.6096431,-1.5380253,-1.3556981,-2.0568077,5,5,6,5,4,5,5,3,1,8,6,7,3,6,8,6,2,5,1,8,-0.71889229,0.28508309,2.4460915,0.69733933,1.7487522
-16.135082,0.88950634,0.72482342,2,3,0,17.464994,0.82357832,2.4385292,2.0083198,0.43020943,-1.4925892,-1.5039638,-1.3758123,-0.55900289,-1.1165789,-1.376576,-1.5039638,-1.5502252,-1.2937511,-1.9920328,5,6,3,8,7,5,7,4,3,7,6,2,4,7,7,4,4,7,2,5,-1.3330063,0.50389779,2.0706866,1.0434144,1.0272722
-16.539269,0.96557809,0.72482342,3,7,0,16.544092,0.81696065,3.654272,2.9853964,0.66887558,-1.4718933,-1.5074357,-1.3313623,-0.55110112,-1.081202,-1.3332871,-1.5074357,-1.5156796,-1.2502264,-2.0285628,6,3,5,8,8,4,3,6,4,6,4,3,3,8,6,6,2,4,1,7,-2.3567616,0.8701405,2.0873368,1.8162763,0.2710605
-16.713612,0.93344202,0.72482342,2,7,0,17.348573,0.9071558,2.1320335,1.9340866,0.19794694,-1.4497322,-1.3852516,-1.4019637,-0.37704066,-1.0960555,-1.3961538,-1.3852516,-1.6533277,-1.3121778,-1.8659043,4,2,5,7,6,3,4,6,2,7,3,4,5,8,5,8,2,8,1,5,-1.6735555,0.71975115,1.7168025,1.2356706,0.48113193
-16.232057,0.93610057,0.72482342,1,3,0,17.521138,0.77673169,2.8053705,2.1790201,0.62635033,-1.5186143,-1.5814945,-1.3581237,-0.66413857,-1.1359179,-1.3679224,-1.5814945,-1.4939348,-1.281365,-2.0819229,3,3,6,5,4,3,4,4,2,6,5,2,4,7,7,3,8,4,2,7,-1.4466223,0.4424499,3.4092431,1.5084193,1.9008239
-16.231194,0.99708842,0.72482342,2,7,0,16.296578,0.85575715,2.5286946,2.1639485,0.36474611,-1.4672811,-1.451793,-1.3736016,-0.47995519,-1.0942549,-1.370374,-1.451793,-1.5818795,-1.2883031,-1.9438425,6,3,3,8,7,6,2,2,2,7,6,1,4,7,6,5,2,4,4,8,-1.5637937,0.71316027,1.8707947,1.3341765,0.53661826
-16.915387,0.96141001,0.72482342,2,3,0,16.93978,0.6462884,2.0413715,1.3193147,0.72205678,-1.6460791,-1.8200152,-1.4108276,-0.99521677,-1.2969968,-1.4602973,-1.8200152,-1.4389002,-1.3485271,-2.2920758,5,3,5,5,5,4,6,4,4,5,7,5,6,7,7,6,3,4,3,5,-0.62427503,0.59468979,5.0149408,2.9823341,2.0326067
-16.873038,0.96016462,0.72482342,2,7,0,18.141832,0.87190608,1.4972594,1.3054696,0.19178982,-1.5091492,-1.4559796,-1.4514184,-0.4961727,-1.1595337,-1.447575,-1.4559796,-1.6424962,-1.3647317,-1.904207,5,3,3,8,7,4,3,2,3,5,2,4,4,8,6,7,3,8,3,8,-1.1973664,0.62771104,2.201461,1.3818814,0.81957965
-16.582117,1,0.72482342,3,7,0,17.052741,0.68841029,2.1330146,1.4683892,0.6646254,-1.6072961,-1.7409696,-1.3985736,-0.89128493,-1.2462479,-1.4326172,-1.7409696,-1.4557461,-1.3314307,-2.2157806,3,3,6,8,4,4,5,4,4,7,4,2,5,6,8,3,4,3,4,6,-0.73929832,0.33739755,3.1136182,1.0505272,2.0630911
-16.909128,0.9846042,0.72482342,2,7,0,17.164571,0.83415569,1.3626844,1.1366909,0.22599345,-1.5423633,-1.5125082,-1.4651423,-0.58814829,-1.1917273,-1.4646265,-1.5125082,-1.6179199,-1.3815873,-1.9480456,6,2,7,6,6,6,2,4,5,8,3,3,2,8,7,4,2,5,4,6,-1.0159665,0.58564176,1.0959685,0.6418449,0.45412356
-16.334385,0.98343327,0.72482342,2,3,0,17.198655,0.83057558,3.1989682,2.6569849,0.54198334,-1.4689351,-1.4860643,-1.3451763,-0.52447139,-1.0839241,-1.3449009,-1.4860643,-1.5385612,-1.2624799,-1.9966059,8,4,3,7,6,3,2,6,4,5,6,3,3,7,7,7,2,5,2,7,-1.9990457,0.47326204,2.2436354,1.0618275,1.1818079
-16.450424,0.97931857,0.72482342,2,3,0,16.628991,0.84662806,3.3825773,2.8637849,0.51879245,-1.4535661,-1.4578588,-1.3407405,-0.48163803,-1.0690609,-1.3382974,-1.4578588,-1.5535898,-1.2563241,-1.9724107,5,7,8,3,5,4,2,3,4,8,8,3,5,8,8,7,4,5,4,8,-2.246334,0.26311161,2.0703444,0.54473166,1.5256128
-16.206822,0.93646209,0.72482342,2,3,0,17.168735,0.80464467,2.8725484,2.3113808,0.56116764,-1.495312,-1.5322747,-1.3556236,-0.59431906,-1.111954,-1.3596346,-1.5322747,-1.5186117,-1.2757218,-2.0343205,2,6,3,8,5,4,5,3,6,8,3,3,2,7,7,5,5,4,3,6,-1.6016851,0.27681734,0.9003046,0.24921992,0.65108468
-16.263807,0.99059963,0.72482342,1,1,0,16.265641,0.79819818,3.025783,2.4151745,0.61060851,-1.4971579,-1.5428291,-1.3497681,-0.60736661,-1.111717,-1.3550731,-1.5428291,-1.5084136,-1.2706413,-2.0494148,4,4,4,7,6,7,5,5,3,6,5,3,5,4,7,6,5,2,3,7,-1.709899,0.87379595,2.1900648,1.9136698,0.27639506
-17.349753,0.77387341,0.72482342,2,3,0,17.999195,0.60399694,1.8480068,1.1161905,0.73181634,-1.6884462,-1.8976154,-1.4332023,-1.0990355,-1.3562306,-1.4992482,-1.8976154,-1.435429,-1.375341,-2.3600243,3,5,4,4,5,5,6,3,6,8,5,3,7,7,7,8,4,4,1,7,-0.49115352,0.07551695,3.7116257,0.28029065,3.431335
-16.66961,1,0.72482342,3,7,0,17.446103,0.75484389,3.6297726,2.7399117,0.88986093,-1.5238009,-1.6223378,-1.3319904,-0.70888053,-1.1332968,-1.348089,-1.6223378,-1.4547647,-1.2583083,-2.1470765,4,4,4,5,6,7,4,6,4,7,4,3,6,7,7,5,4,7,5,7,-2.1207927,0.40700018,3.7116639,1.5106479,2.201016
-16.368542,1,0.72482342,2,3,0,16.865733,0.78103515,1.7335031,1.3539269,0.37957624,-1.5509877,-1.5804985,-1.4232236,-0.68289819,-1.1879815,-1.4309634,-1.5804985,-1.5450939,-1.345086,-2.0344208,6,3,2,8,6,2,7,4,4,6,4,6,3,8,6,4,5,4,4,6,-0.79105503,0.78707543,1.3374833,1.0527002,0.28478304
-16.460845,0.98624305,0.72482342,1,1,0,16.482354,0.75565197,1.6864816,1.2743932,0.41208846,-1.5713543,-1.6215448,-1.4281342,-0.74270166,-1.2109186,-1.4411693,-1.6215448,-1.529108,-1.3525483,-2.0709746,2,4,2,8,7,5,4,3,5,5,6,4,2,7,7,5,4,7,4,7,-0.7041548,0.60016105,1.4465869,0.86818514,0.57840181
-17.610709,0.79990517,0.72482342,2,3,0,18.012787,0.57851791,2.3483328,1.3585526,0.9897802,-1.7050423,-1.9688087,-1.4073423,-1.1669404,-1.372961,-1.4913406,-1.9688087,-1.3949359,-1.3544858,-2.471926,4,5,3,4,8,3,4,7,4,6,5,1,5,8,6,7,2,6,3,7,-0.75055928,0.59082817,2.0258586,1.1969343,0.82892425
-16.678817,0.93368234,0.72482342,2,3,0,18.459244,0.79970581,1.4588852,1.166679,0.29220624,-1.5556269,-1.557524,-1.4519101,-0.65549741,-1.2003081,-1.4560264,-1.557524,-1.5809305,-1.3715785,-1.9958516,4,3,4,6,5,4,4,5,3,6,7,3,6,8,7,1,4,5,3,8,-0.8422323,0.39975269,3.70415,1.4807439,2.2234061
-16.233971,0.94357226,0.72482342,2,3,0,17.426809,0.75284568,2.2484016,1.6926994,0.55570216,-1.5514653,-1.624524,-1.3861303,-0.73313797,-1.1787752,-1.4010529,-1.624524,-1.494175,-1.3116548,-2.1038134,3,5,6,4,5,3,3,2,2,4,4,3,4,8,6,6,3,2,3,7,-0.95330068,0.52051886,2.1279201,1.1076226,1.0202976
-16.186971,0.970729,0.72482342,2,3,0,16.404421,0.83076334,2.1020417,1.7462992,0.35574251,-1.4996426,-1.4971529,-1.3958435,-0.55348643,-1.1301527,-1.395606,-1.4971529,-1.5698445,-1.3129683,-1.9724023,7,4,5,6,6,7,3,3,2,6,5,2,3,8,6,2,5,6,2,6,-1.143761,0.58151767,2.3242729,1.3516057,0.97266713
-16.802739,0.95348944,0.72482342,2,3,0,16.841744,0.68683719,3.064366,2.1047205,0.95964549,-1.5919387,-1.7544509,-1.3550753,-0.8878784,-1.2173838,-1.3929971,-1.7544509,-1.4165337,-1.2896318,-2.2708518,6,3,5,8,6,4,2,3,3,7,5,4,3,8,6,5,3,3,7,7,-1.4546974,0.65191774,1.17023,0.76289371,0.40733631
-16.991517,1,0.72482342,2,3,0,17.500244,0.87199009,4.1848446,3.649143,0.53570156,-1.4227611,-1.4105457,-1.3241542,-0.40627437,-1.037567,-1.3189947,-1.4105457,-1.5751108,-1.2369951,-1.9390471,8,4,3,8,4,3,2,3,3,5,3,3,4,8,4,6,1,7,4,7,-3.1483662,0.77523748,0.91600836,0.71012401,0.20588435
-16.528063,0.86073023,0.72482342,2,7,0,19.065547,0.77172682,1.5848383,1.2230622,0.36177609,-1.5657265,-1.5970936,-1.4378482,-0.71058593,-1.207123,-1.4471875,-1.5970936,-1.548808,-1.360435,-2.0411905,3,7,5,6,3,3,4,2,4,8,3,4,1,7,6,7,7,4,3,8,-0.73911694,0.11988822,0.91930318,0.11021362,0.80908956
-16.5408,0.94402615,0.72482342,3,7,0,17.318049,0.8531984,3.5261547,3.0085095,0.51764515,-1.4462244,-1.4459229,-1.3373079,-0.4629293,-1.0616211,-1.3340796,-1.4459229,-1.5591962,-1.252189,-1.9633862,3,3,7,5,4,4,4,5,3,6,6,2,1,8,7,4,3,5,2,5,-2.4147921,0.62721417,1.3780162,0.86431127,0.51370489
-16.150547,1,0.72482342,2,3,0,16.504698,0.80677963,2.6467422,2.1353377,0.51140451,-1.4990294,-1.5299514,-1.3651376,-0.59391353,-1.1187798,-1.3686904,-1.5299514,-1.5269715,-1.2849262,-2.0249025,4,6,7,5,7,2,4,4,3,8,2,4,4,8,8,6,4,8,1,8,-1.4229944,0.35640625,2.2992548,0.81946879,1.479786
-16.837554,0.84455218,0.72482342,2,7,0,17.561016,0.88635309,1.6136194,1.4302366,0.18338286,-1.492016,-1.4317089,-1.4405255,-0.45570921,-1.1424877,-1.4358074,-1.4317089,-1.6502927,-1.3526504,-1.8878538,3,4,5,6,4,5,6,5,5,3,6,3,4,7,6,5,5,4,4,5,-1.2999747,0.34480976,1.3413434,0.46250829,0.87883508
-19.277804,0.90711473,0.72482342,2,3,0,19.408667,0.45811761,1.5137805,0.69348951,0.82029099,-1.8328507,-2.1787727,-1.5053072,-1.4495464,-1.5683328,-1.6447205,-2.1787727,-1.4458298,-1.4626545,-2.635148,5,3,7,7,7,4,5,2,4,6,6,4,4,4,5,4,7,3,2,7,-0.39714342,0.42126498,4.1484117,1.7475806,2.4008311
-18.167148,1,0.72482342,1,1,0,19.213131,0.55354224,1.4202019,0.78614173,0.63406014,-1.7445987,-1.9749515,-1.4860791,-1.2152617,-1.4406955,-1.5691273,-1.9749515,-1.4640337,-1.4317652,-2.4015921,6,4,3,6,5,6,4,6,3,7,5,6,8,8,8,5,4,5,4,4,-0.41706313,0.77285093,2.8964611,2.2385327,0.65792843
-18.032974,1,0.72482342,2,3,0,18.462613,0.58873973,1.2742077,0.75017669,0.52403101,-1.7203942,-1.9002126,-1.4967821,-1.1315691,-1.4084041,-1.5607332,-1.9002126,-1.4914042,-1.4375082,-2.3086396,5,4,2,4,6,6,5,3,3,8,5,4,6,7,6,3,5,3,2,8,-0.50113858,0.38185633,2.464458,0.94106888,1.5233891
-17.831328,0.62710436,0.72482342,3,7,0,20.951951,0.71226654,5.0552804,3.6007071,1.4545733,-1.5519898,-1.713304,-1.3079963,-0.81318329,-1.157182,-1.3393697,-1.713304,-1.3976938,-1.24059,-2.2729164,5,2,2,7,5,6,5,4,4,7,4,5,7,8,7,6,3,4,4,6,-3.3592082,0.61744188,2.1034245,1.2987424,0.80468213
-18.000183,0.9967117,0.72482342,1,1,0,18.263637,0.73285169,5.5032829,4.0330901,1.4701927,-1.5298361,-1.670956,-1.3001467,-0.75649444,-1.1297666,-1.3244544,-1.670956,-1.4101651,-1.2300705,-2.2326903,5,4,1,6,4,4,6,6,1,7,7,5,3,8,7,2,2,4,1,5,-3.8192279,0.76720352,2.7199623,2.0867646,0.63319765
-18.21257,0.92855485,0.72482342,1,1,0,18.518359,0.69788809,5.4408591,3.7971108,1.6437483,-1.5645475,-1.7459959,-1.3046691,-0.85116843,-1.1706028,-1.3420291,-1.7459959,-1.3823786,-1.2394339,-2.3152483,5,5,6,3,6,4,3,1,4,8,4,2,6,8,6,4,7,7,7,8,-3.6877835,0.25059085,2.7294654,0.68397904,2.0454863
-20.28618,0.91256128,0.72482342,2,3,0,20.488415,0.85771496,0.65814071,0.56449713,0.09364358,-1.6439471,-1.5523085,-1.622337,-0.65090677,-1.3263824,-1.6206378,-1.5523085,-1.743812,-1.5356593,-1.9262443,2,2,2,7,6,4,4,5,2,8,4,7,5,8,5,5,2,6,3,8,-2.5898937,0.65394585,3.7742148,2.4681321,1.3060827
-18.246607,1,0.72482342,2,3,0,21.081487,0.63646413,1.0380768,0.66069864,0.37737816,-1.6999093,-1.8091439,-1.5276897,-1.0283355,-1.3829781,-1.5692514,-1.8091439,-1.5446674,-1.4616758,-2.1922829,3,3,4,4,5,6,6,3,6,6,1,3,6,6,3,3,4,7,2,6,-0.79519419,0.14915046,1.2810649,0.19107143,1.0899935
-17.505481,0.81537905,0.72482342,2,3,0,20.043753,0.88255409,1.231803,1.0871328,0.14467023,-1.5288486,-1.4580032,-1.4874554,-0.49994796,-1.1891932,-1.4834043,-1.4580032,-1.6733102,-1.3999109,-1.8901406,7,3,5,6,6,2,2,6,2,5,8,2,4,6,8,7,3,7,2,8,-1.37903,0.8063576,1.3294074,1.0719777,0.25742963
-17.461126,1,0.72482342,1,1,0,17.708605,0.87564036,1.2252374,1.0728674,0.15237009,-1.5331916,-1.4668639,-1.4877996,-0.51490808,-1.192478,-1.4840858,-1.4668639,-1.6674647,-1.4007783,-1.897681,7,1,3,8,7,3,3,5,1,8,6,8,4,6,8,5,5,5,2,8,-1.3347685,0.78033953,3.1376748,2.4484517,0.68922313
-17.285299,1,0.72482342,2,3,0,17.574055,0.86824439,1.2715412,1.1040085,0.16753268,-1.5320423,-1.4729352,-1.4801758,-0.52504207,-1.1885493,-1.47682,-1.4729352,-1.6564133,-1.393744,-1.9061644,6,5,4,6,6,5,5,2,2,6,3,4,2,8,4,6,2,4,2,6,-1.2526186,0.52796653,2.9836873,1.575287,1.4084003
-17.651077,0.9292092,0.72482342,2,7,0,19.112101,0.94478402,3.3806954,3.194027,0.1866684,-1.3873546,-1.3072938,-1.3563506,-0.24423333,-1.0370488,-1.3505392,-1.3072938,-1.6850251,-1.2628573,-1.8213329,1,4,3,8,7,4,4,5,3,6,6,3,2,7,7,3,4,5,2,8,-3.1565271,0.46055611,3.8877034,1.7905055,2.0971978
-17.356284,0.96916627,0.72482342,3,7,0,18.423183,0.60147913,1.9113326,1.1496267,0.76170591,-1.6893834,-1.9050029,-1.428916,-1.1055557,-1.3566845,-1.496846,-1.9050029,-1.4297461,-1.3716167,-2.3726676,6,3,6,6,7,8,3,4,4,7,5,8,4,6,5,5,3,4,5,6,-0.51430402,0.62037502,3.6798318,2.2828757,1.3969561
-16.363576,0.99021886,0.72482342,3,7,0,17.518006,0.73650526,1.9492381,1.4356241,0.51361399,-1.5741176,-1.6529195,-1.406904,-0.77909128,-1.2091052,-1.4254187,-1.6529195,-1.4977522,-1.3338477,-2.117025,5,3,7,5,3,1,5,5,4,8,2,6,5,7,8,7,7,6,2,8,-0.74235309,0.13052582,1.5656334,0.20435559,1.3612778
-16.385169,0.55662774,0.72482342,2,3,0,19.487998,0.84301936,1.7889401,1.5081111,0.28082896,-1.5067417,-1.4854488,-1.4202118,-0.54000888,-1.145251,-1.4185815,-1.4854488,-1.5966925,-1.3360832,-1.9469972,6,2,3,6,7,5,5,8,3,6,3,1,3,8,5,5,4,3,1,7,-1.0629285,0.70384929,1.6473299,1.159472,0.48785791
-16.385169,0.87681175,0.72482342,1,3,0,17.682062,0.84301936,1.7889401,1.5081111,0.28082896,-1.5067417,-1.4854488,-1.4202118,-0.54000888,-1.145251,-1.4185815,-1.4854488,-1.5966925,-1.3360832,-1.9469972,5,4,6,5,4,3,6,3,2,8,7,1,4,8,6,4,2,8,2,6,-1.0629285,0.37153451,3.5331527,1.3126882,2.2204646
-16.264152,0.9849662,0.72482342,3,7,0,16.700607,0.84232887,2.934592,2.4718916,0.46270044,-1.4658157,-1.4685194,-1.3551968,-0.50120589,-1.0853052,-1.3533557,-1.4685194,-1.5570302,-1.2712406,-1.9722501,6,3,3,6,6,2,3,6,4,7,6,3,6,5,7,6,3,5,3,6,-1.8234527,0.51684192,1.5229742,0.78713693,0.7358373
-16.3282,0.97714149,0.72482342,2,3,0,16.644552,0.75473069,1.8817152,1.4201882,0.46152699,-1.5629748,-1.6220139,-1.4112104,-0.73816916,-1.197717,-1.424928,-1.6220139,-1.515157,-1.3360442,-2.0829211,4,5,1,8,7,8,2,5,5,6,3,1,6,7,5,5,4,3,3,6,-0.7604414,0.87398807,1.2916149,1.128856,0.16275889
-17.061187,0.87789965,0.72482342,2,3,0,17.272211,0.63212733,2.4374686,1.5407905,0.89667808,-1.6517128,-1.8575001,-1.390343,-1.0299517,-1.2998342,-1.4485846,-1.8575001,-1.4104565,-1.3308586,-2.3547877,5,4,4,8,5,4,5,3,3,8,3,4,6,7,7,4,2,4,3,8,-0.8619346,0.57904758,3.7625615,2.1787021,1.5838593
-16.630286,1,0.72482342,1,1,0,17.0049,0.68336679,2.4568254,1.6789129,0.77791252,-1.6044297,-1.7547032,-1.380842,-0.90059476,-1.2387906,-1.4180826,-1.7547032,-1.4365546,-1.3149448,-2.2464952,4,5,5,3,7,2,3,4,3,7,4,2,4,8,6,8,3,4,3,8,-0.94828047,0.2909702,2.9621781,0.86190554,2.1002725
-16.708083,1,0.72482342,2,3,0,17.001125,0.88196318,1.6931586,1.4933036,0.19985505,-1.4889843,-1.434212,-1.4323237,-0.45948241,-1.1365654,-1.4277202,-1.434212,-1.641444,-1.3447873,-1.8941138,7,3,4,5,5,3,2,7,4,5,5,2,5,8,6,3,2,3,3,5,-1.2784701,0.67577858,0.8536555,0.5768821,0.2767734
-17.729834,0.93937121,0.72482342,2,3,0,18.022089,0.94107591,1.6338112,1.5375403,0.096270833,-1.4610552,-1.3622959,-1.4467224,-0.33606777,-1.1289597,-1.441856,-1.3622959,-1.7115336,-1.3547826,-1.8239635,5,4,2,4,5,5,5,5,2,8,7,4,4,7,7,8,2,5,1,8,-1.8989794,0.58886704,2.7307385,1.6080419,1.1226966
-16.35143,1,0.72482342,2,3,0,17.655555,0.78377152,3.1825754,2.4944119,0.68816345,-1.505827,-1.5681659,-1.3443141,-0.64075633,-1.1184824,-1.3527569,-1.5681659,-1.490753,-1.2669144,-2.0795459,8,6,3,6,5,4,1,4,2,8,5,3,5,8,6,6,4,7,3,8,-1.7983814,0.37522706,0.85002726,0.31895323,0.53107403
-17.028241,0.88314508,0.72482342,2,3,0,17.52787,0.72885107,4.0092632,2.9221557,1.0871074,-1.5432107,-1.6747983,-1.324671,-0.77345321,-1.1523647,-1.3491261,-1.6747983,-1.42573,-1.254524,-2.2114565,3,1,6,7,6,6,3,6,4,8,7,1,4,8,5,4,1,6,6,8,-2.4113423,0.63764108,1.7612517,1.1230464,0.63820524
-17.284207,0.95270839,0.72482342,1,1,0,17.395558,0.7206701,4.3305563,3.1209024,1.2096539,-1.5482866,-1.6928031,-1.3189337,-0.79335472,-1.156344,-1.3465352,-1.6928031,-1.4139498,-1.2500433,-2.2375875,3,5,4,7,6,3,7,4,5,5,5,3,4,7,7,4,2,4,2,8,-2.6963268,0.20440234,1.6162612,0.33036758,1.2858936
-16.171872,1,0.72482342,2,3,0,17.198608,0.80890906,2.0640018,1.6695898,0.39441205,-1.5162915,-1.5319807,-1.3974764,-0.60570097,-1.1459768,-1.4004677,-1.5319807,-1.55059,-1.316782,-2.0044598,4,7,8,4,8,3,7,5,5,8,6,4,5,8,8,8,5,8,5,6,-1.0277377,0.098442108,1.2651815,0.12454713,1.1406344
-16.500666,0.90012885,0.72482342,1,3,0,17.175686,0.85078477,3.4610755,2.9446303,0.5164452,-1.4491143,-1.4503876,-1.3388704,-0.47000866,-1.0646284,-1.3359254,-1.4503876,-1.5572706,-1.2540105,-1.9665522,4,5,2,5,3,1,4,2,6,7,5,2,5,8,8,8,1,4,4,2,-2.3411286,0.51132134,2.4998875,1.2782458,1.2216417
-17.030137,0.93284635,0.72482342,2,3,0,17.465075,0.82703158,1.2949505,1.0709649,0.22398553,-1.5527763,-1.5251802,-1.4741355,-0.60906118,-1.2039096,-1.4744362,-1.5251802,-1.6182338,-1.3911298,-1.9550605,6,4,8,4,5,4,1,7,3,8,6,2,4,8,6,4,3,2,3,5,-1.0149472,0.69076885,0.97973366,0.67676949,0.30296416
-16.522723,1,0.72482342,2,3,0,17.177477,0.69759518,2.1274502,1.484099,0.64335117,-1.5997092,-1.7237525,-1.3978593,-0.86897995,-1.2369473,-1.4287367,-1.7237525,-1.4616122,-1.3296126,-2.1978862,7,2,3,7,7,5,4,5,3,6,4,5,3,6,6,4,6,6,2,7,-0.75269385,0.92595187,1.3641305,1.2631192,0.10101131
-16.697579,0.92920464,0.72482342,2,3,0,17.686666,0.84502832,1.5108037,1.2766719,0.23413178,-1.523744,-1.4915589,-1.4477017,-0.55317871,-1.1696685,-1.4459915,-1.4915589,-1.6158191,-1.3632957,-1.9378677,3,2,2,7,5,6,3,3,4,4,3,4,5,7,6,6,3,4,4,8,-1.0369383,0.80091486,1.2069416,0.9666575,0.24028415
-17.8504,0.86716648,0.72482342,2,3,0,18.452255,0.92369456,1.3232142,1.2222457,0.10096844,-1.4980161,-1.4027377,-1.4793925,-0.40452064,-1.1662533,-1.4745216,-1.4027377,-1.7076485,-1.3888735,-1.8456216,7,4,4,8,6,3,3,2,5,8,3,2,3,7,7,3,4,6,2,5,-1.7077563,0.33353412,3.3903643,1.1308022,2.2595621
-18.476532,0.94145004,0.72482342,1,1,0,18.570303,0.94207164,1.2434332,1.1714032,0.072030045,-1.4983719,-1.3888054,-1.4935762,-0.37726672,-1.1749941,-1.4892594,-1.3888054,-1.7329351,-1.4019154,-1.8283611,1,2,6,6,7,3,3,4,4,6,3,2,3,8,8,4,4,6,4,6,-2.0118952,0.359313,2.851428,1.0245551,1.8268728
-16.486406,0.80046369,0.72482342,1,3,0,21.201322,0.85017467,3.4353056,2.9206098,0.51469578,-1.4500132,-1.4515828,-1.3395403,-0.47196627,-1.0656478,-1.33667,-1.4515828,-1.5569396,-1.2547463,-1.9672149,1,4,1,4,5,3,5,3,3,8,7,2,6,7,7,5,3,6,2,6,-2.314009,0.419168,2.8735582,1.2045036,1.6690545
-16.733344,0.82710763,0.72482342,1,3,0,18.452636,0.85178386,1.5074521,1.2840234,0.22342874,-1.5199894,-1.4824449,-1.4485515,-0.53877866,-1.1668587,-1.4462097,-1.4824449,-1.622358,-1.3635579,-1.9292376,6,6,2,6,5,2,2,5,5,8,4,6,7,8,8,6,3,2,2,6,-1.0738272,0.5315356,2.5168622,1.3378019,1.1790603
-17.537908,0.91955741,0.72482342,2,3,0,18.003541,0.87346319,5.0447395,4.4063943,0.63834522,-1.4124701,-1.4038979,-1.3099485,-0.39272352,-1.0229861,-1.3045067,-1.4038979,-1.570407,-1.222518,-1.9435125,4,1,4,6,5,5,3,7,2,6,4,1,6,8,8,5,5,7,4,7,-3.966875,0.62596054,0.69028265,0.4320897,0.25819295
-16.272309,0.84144382,0.72482342,1,3,0,19.657431,0.82169809,1.8717362,1.538002,0.33373413,-1.5162112,-1.5152198,-1.4121552,-0.58409484,-1.1507368,-1.4131535,-1.5152198,-1.5719533,-1.3300801,-1.9793478,5,5,5,7,5,5,4,3,7,8,3,4,7,8,7,4,3,6,4,8,-0.99034386,0.45840827,1.4667519,0.6723712,0.79438069
-16.40464,0.97526399,0.72482342,3,7,0,16.569364,0.81943323,1.6957639,1.3895653,0.30619861,-1.5272688,-1.5224428,-1.4273318,-0.59797173,-1.1658892,-1.4286245,-1.5224428,-1.5800684,-1.3453696,-1.977145,4,2,4,4,5,4,2,3,4,7,6,4,6,8,6,2,1,5,4,8,-0.92742136,0.63726599,2.0054352,1.2779956,0.72743956
-17.839524,0.73422514,0.72482342,2,3,0,18.942576,0.95681401,2.3950814,2.2916474,0.10343396,-1.4098428,-1.3119955,-1.3965126,-0.25124295,-1.074736,-1.3918903,-1.3119955,-1.7133971,-1.3028146,-1.8032994,3,7,5,6,6,4,1,2,4,6,6,4,7,8,6,6,3,3,1,8,-2.5588291,0.24055817,3.4274719,0.82450636,2.6029655
-16.68077,0.98416758,0.72482342,2,3,0,18.231291,0.83858415,1.5052632,1.2622899,0.24297334,-1.5280346,-1.5006797,-1.4479257,-0.56758256,-1.1734157,-1.4468809,-1.5006797,-1.6103231,-1.3640838,-1.9459929,2,1,5,5,7,4,2,3,1,5,7,3,2,6,7,2,4,4,4,7,-1.0043272,0.52774587,4.4683045,2.3581292,2.1101753
-16.167819,0.95607374,0.72482342,1,3,0,17.230883,0.78030775,2.5507521,1.9903717,0.56038047,-1.5216987,-1.5758606,-1.3693279,-0.66022595,-1.1425247,-1.3781106,-1.5758606,-1.505204,-1.292007,-2.0674451,2,3,3,6,8,5,7,7,4,7,5,4,2,8,5,7,2,7,2,7,-1.2523471,0.32020452,0.98512979,0.31544301,0.66968677
-16.163974,0.98145137,0.72482342,1,3,0,16.305733,0.83214624,2.2152007,1.8433709,0.37182977,-1.4942265,-1.493207,-1.3887616,-0.54602443,-1.1227901,-1.388331,-1.493207,-1.566738,-1.3057769,-1.9731731,7,2,4,8,3,1,3,6,3,7,8,4,3,8,7,4,3,3,4,7,-1.2186721,0.90538262,2.1039228,1.9048552,0.19906767
-17.080257,0.82117522,0.72482342,1,3,0,17.782015,0.93104514,2.506974,2.334106,0.17286804,-1.420174,-1.3427747,-1.3855115,-0.30507694,-1.070832,-1.3795784,-1.3427747,-1.6756891,-1.2936018,-1.8366226,5,4,5,7,8,5,3,5,1,8,7,3,3,8,7,6,4,3,2,5,-2.2009471,0.66048466,2.2818475,1.5071253,0.77472221
-16.467795,0.95134495,0.72482342,2,3,0,17.830052,0.82025852,3.5132097,2.8817402,0.6314695,-1.4714135,-1.5021815,-1.3352512,-0.54483962,-1.0822568,-1.3366012,-1.5021815,-1.5215758,-1.2537249,-2.0201938,4,3,6,6,7,3,3,5,3,6,4,4,3,8,8,4,3,2,3,6,-2.2397339,0.60181936,1.7286192,1.0403165,0.6883027
-16.65065,0.81722345,0.72482342,1,3,0,18.63969,0.75674974,1.5109775,1.1434318,0.36754568,-1.5805588,-1.6213995,-1.4462705,-0.74758045,-1.2250935,-1.4585852,-1.6213995,-1.5442084,-1.3702284,-2.0592825,2,2,5,8,8,6,3,6,1,6,7,6,4,6,8,4,5,5,3,5,-0.69641337,0.79819738,3.2852148,2.6222498,0.66296494
-16.30704,0.92878931,0.72482342,1,3,0,17.448528,0.75007734,2.7507098,2.0632451,0.68746471,-1.5414176,-1.6298626,-1.3612005,-0.7309444,-1.1610133,-1.3776592,-1.6298626,-1.472652,-1.2875388,-2.1293369,1,7,5,6,4,3,5,2,2,8,4,4,2,6,6,2,5,5,1,7,-1.323228,0.20955039,4.0054783,0.83934953,3.1661288
-16.676683,0.94929175,0.72482342,3,7,0,16.850934,0.86627171,1.612277,1.3966699,0.21560704,-1.5037077,-1.4585605,-1.4385594,-0.49955429,-1.1500383,-1.4349747,-1.4585605,-1.6296662,-1.3523458,-1.9127996,4,6,7,3,5,5,5,3,6,7,7,3,6,8,3,3,3,2,1,6,-1.1600615,0.32017208,1.1696868,0.37450105,0.79518573
-16.300728,0.99301548,0.72482342,2,3,0,16.803111,0.79174893,1.8093867,1.43258,0.37680673,-1.5396881,-1.5625934,-1.4165599,-0.6552407,-1.1746397,-1.4223657,-1.5625934,-1.5490005,-1.3374186,-2.0214889,5,7,7,6,4,4,4,5,7,7,7,2,5,8,5,5,4,4,3,8,-0.84960538,0.16845064,1.5231098,0.25656881,1.266541
-16.32451,0.98480046,0.72482342,2,3,0,16.501303,0.84524221,1.8886711,1.5963845,0.29228656,-1.4999372,-1.4796583,-1.4121649,-0.52976979,-1.1364941,-1.4102587,-1.4796583,-1.5938282,-1.3278525,-1.9462432,4,5,4,4,6,3,7,4,4,8,2,3,5,7,4,6,1,4,4,6,-1.110492,0.14554811,1.9351546,0.28165809,1.6534965
-17.066879,0.93101443,0.72482342,2,3,0,17.235734,0.83380167,1.2879485,1.0738936,0.21405489,-1.5495359,-1.5164633,-1.4754539,-0.59541772,-1.2013945,-1.4750002,-1.5164633,-1.6245616,-1.3918595,-1.9466604,4,2,3,5,8,4,6,5,2,7,5,3,3,7,6,5,3,5,2,6,-1.0507856,0.61437546,4.9296786,3.0286736,1.9010051
-16.147207,1,0.72482342,2,3,0,16.940483,0.81610117,2.6223804,2.1401277,0.48225269,-1.4927291,-1.5145013,-1.3665579,-0.57198412,-1.1133724,-1.3685076,-1.5145013,-1.5369768,-1.285332,-2.0087275,4,5,2,6,8,5,7,2,3,4,6,2,6,8,7,5,3,5,3,6,-1.4415126,0.52149769,1.2944419,0.67504846,0.61939345
-18.467938,0.76296488,0.72482342,2,3,0,18.808679,0.53553486,1.3369927,0.71600621,0.62098651,-1.7629106,-2.0035676,-1.5008793,-1.2553982,-1.4682217,-1.5907835,-2.0035676,-1.4717534,-1.4479436,-2.4217911,3,5,5,8,6,4,5,7,4,8,3,3,5,6,3,3,5,3,4,6,-0.44018657,0.32717465,1.8870953,0.61740975,1.2696856
-16.805882,1,0.72482342,2,3,0,18.70659,0.91636565,2.3876084,2.1879223,0.19968607,-1.433376,-1.3657522,-1.3887674,-0.34394245,-1.079354,-1.3827072,-1.3657522,-1.6585411,-1.2980913,-1.8555235,5,1,3,6,7,6,3,5,6,8,7,3,2,8,8,2,1,6,3,4,-1.9357256,0.67686656,2.5544481,1.7290205,0.8254276
-16.841485,0.99407008,0.72482342,2,7,0,16.918376,0.65369381,2.1769566,1.423063,0.75389354,-1.6364775,-1.8084249,-1.4008343,-0.97632384,-1.2828091,-1.4482012,-1.8084249,-1.4343207,-1.3380013,-2.2881637,4,3,5,8,7,5,3,3,4,8,4,3,4,6,7,3,2,4,2,8,-0.7118834,0.65540211,2.2476879,1.4731394,0.77454851
-18.175647,0.90912719,0.72482342,2,3,0,18.724655,0.73938052,0.93966768,0.69477197,0.24489571,-1.6448889,-1.6591334,-1.5389952,-0.822353,-1.3138384,-1.5524455,-1.6591334,-1.6089393,-1.4626865,-2.0447418,5,5,6,7,3,2,8,4,1,7,7,4,3,7,8,4,4,7,4,8,-1.1596257,0.33298473,1.1020132,0.36695357,0.73505963
-17.541146,0.94511771,0.72482342,2,3,0,19.260778,0.68844343,1.1763489,0.80984969,0.36649924,-1.6518748,-1.7297809,-1.4965518,-0.91259337,-1.3175728,-1.5241456,-1.7297809,-1.5428781,-1.4262475,-2.1333432,7,7,4,8,8,5,2,5,6,7,3,4,8,7,6,5,3,5,3,5,-0.69929608,0.60792027,0.73720772,0.44816352,0.2890442
-16.727702,0.98108039,0.72482342,2,3,0,17.975574,0.86687444,1.5746539,1.3650272,0.20962669,-1.5060688,-1.4592612,-1.4424921,-0.50098448,-1.1534723,-1.4388993,-1.4592612,-1.6325445,-1.3562262,-1.9114635,3,5,4,5,7,3,4,6,5,8,6,3,3,8,6,5,6,5,3,6,-1.1617398,0.37302407,1.7565645,0.65524086,1.1013237
-16.609281,0.92886268,0.72482342,2,3,0,17.838533,0.6837063,2.2106646,1.5114453,0.69921928,-1.6093835,-1.7508753,-1.3943482,-0.90195885,-1.2478643,-1.4304168,-1.7508753,-1.4487288,-1.3279348,-2.2301827,7,2,7,6,5,3,2,4,5,7,3,3,4,7,7,4,4,5,2,7,-0.7786944,0.49029258,3.4110096,1.6723927,1.7386169
-16.564854,1,0.72482342,3,7,0,16.855087,0.88736611,1.9438336,1.724892,0.21894154,-1.4708872,-1.4180904,-1.4121066,-0.43180092,-1.1145584,-1.407017,-1.4180904,-1.6363037,-1.3240453,-1.8900795,3,4,4,5,7,3,5,6,4,8,6,5,3,6,7,8,4,5,2,2,-1.403427,0.38483056,2.8087305,1.0808853,1.7278452
-16.272919,0.92961716,0.72482342,2,7,0,17.342578,0.749781,2.6039272,1.9523752,0.65155208,-1.5447626,-1.6301938,-1.3676807,-0.73392909,-1.1664753,-1.3840028,-1.6301938,-1.4773854,-1.2939251,-2.1242943,6,3,5,8,5,3,6,6,4,6,3,6,4,7,8,5,1,5,1,7,-1.2037041,0.53871364,3.5997255,1.9392213,1.6605043
-20.530343,0.52030048,0.72482342,2,3,0,20.788302,0.96219147,0.90099921,0.86693375,0.034065454,-1.5436962,-1.410116,-1.560811,-0.40042484,-1.236341,-1.5579677,-1.410116,-1.783811,-1.4681879,-1.8256271,4,5,2,7,7,5,4,4,7,8,5,5,5,8,7,3,1,4,2,6,-2.9152308,0.63763405,1.3934801,0.88853034,0.50494973
-19.901055,1,0.72482342,1,1,0,20.711301,0.96298819,1.0439075,1.0052706,0.038636905,-1.5173412,-1.3887826,-1.5306283,-0.36845962,-1.2068151,-1.5276031,-1.3887826,-1.7705951,-1.4378937,-1.8161982,2,5,5,8,3,3,3,2,1,6,3,3,1,7,7,2,2,7,3,8,-2.6566936,0.34019832,1.5159334,0.51571801,1.0002154
-18.387519,0.97170031,0.72482342,3,7,0,20.586551,0.91715512,5.6455155,5.1778134,0.46770208,-1.3755906,-1.3295135,-1.3098261,-0.27682584,-0.99994598,-1.3026105,-1.3295135,-1.6308383,-1.2179287,-1.8726647,5,4,2,8,8,6,7,4,2,4,6,3,1,7,7,4,3,7,5,4,-4.8958594,0.68962665,1.1666571,0.80455784,0.36209927
-17.105025,1,0.72482342,2,3,0,18.394628,0.85473191,4.5110581,3.8557453,0.6553128,-1.4319132,-1.4380837,-1.3160799,-0.44558449,-1.0406243,-1.3125196,-1.4380837,-1.5498972,-1.2307198,-1.9720148,3,7,4,8,3,2,7,1,4,7,7,3,2,8,8,7,1,5,6,6,-3.3498943,0.095767673,1.7972358,0.17211709,1.6251187
-16.242557,1,0.72482342,2,3,0,17.062341,0.85830114,2.5201414,2.1630403,0.35710116,-1.4658181,-1.44798,-1.3742566,-0.47421584,-1.0933897,-1.3707881,-1.44798,-1.5849725,-1.2887112,-1.9398332,3,5,3,7,5,4,5,4,5,7,5,3,4,8,7,4,6,5,2,7,-1.5720755,0.63842003,1.6981624,1.0841409,0.61402152
-16.396815,0.85764259,0.72482342,3,7,0,18.282132,0.85937463,1.8774717,1.6134515,0.26402016,-1.49157,-1.4594353,-1.4141912,-0.49842174,-1.1305311,-1.4109437,-1.4594353,-1.6087565,-1.328584,-1.9265077,6,6,6,4,3,4,4,3,2,7,5,1,2,7,5,3,4,5,5,6,-1.1851579,0.14639282,1.8489667,0.27067545,1.5782913
-17.701988,0.88309382,0.72482342,3,7,0,18.297867,0.95223558,2.8102453,2.6760156,0.13422974,-1.3976804,-1.3073846,-1.3769718,-0.24421904,-1.0560046,-1.3718355,-1.3073846,-1.7014353,-1.2832734,-1.809563,3,3,4,7,5,4,6,2,2,8,3,5,1,8,6,4,5,4,2,6,-2.7890902,0.38156983,3.4324769,1.3097296,2.1227473
-16.332692,0.95468545,0.72482342,1,3,0,18.239734,0.87397043,2.4355997,2.1286421,0.30695759,-1.4581758,-1.4255783,-1.3801405,-0.4402867,-1.0903232,-1.3754464,-1.4255783,-1.6052213,-1.2931235,-1.9152367,4,5,6,7,3,6,6,2,6,7,5,2,4,8,7,6,4,2,3,4,-1.6078264,0.023507156,2.427021,0.057052359,2.3699686
-16.209491,0.9711482,0.72482342,1,3,0,16.656644,0.78222544,2.7709496,2.1675073,0.60344235,-1.514992,-1.5718162,-1.3594902,-0.65122929,-1.1326397,-1.3680206,-1.5718162,-1.49995,-1.2820798,-2.0710026,5,6,7,7,6,5,3,3,1,7,3,1,4,8,6,8,4,6,4,7,-1.4357371,0.47298317,2.7013348,1.2776859,1.4236489
-17.732211,0.88397481,0.72482342,3,7,0,17.754996,0.82764897,5.5552363,4.5977856,0.95745068,-1.444735,-1.483603,-1.2987238,-0.50603767,-1.0437116,-1.2988781,-1.483603,-1.5082544,-1.2164352,-2.0321133,4,8,6,7,6,5,5,3,3,8,4,4,4,7,6,5,5,7,3,8,-4.1834687,0.48514898,2.6631101,1.2920051,1.3711049
-16.539542,0.86142951,0.72482342,2,3,0,19.705129,0.89633107,2.5791946,2.3118123,0.26738233,-1.4389216,-1.3899479,-1.3761291,-0.38284357,-1.0753516,-1.3702372,-1.3899479,-1.6289001,-1.2870483,-1.884819,5,4,5,6,6,3,2,6,4,7,4,4,3,8,7,7,4,4,2,7,-1.8868749,0.75650381,1.6777507,1.2692248,0.4085259
-17.319349,0.92564114,0.72482342,2,3,0,17.619911,0.84996646,4.8732101,4.1420651,0.73114499,-1.4320539,-1.4450401,-1.3097195,-0.4540072,-1.0378166,-1.3066766,-1.4450401,-1.5408372,-1.2248629,-1.9839962,4,6,6,4,7,4,7,6,5,8,6,2,3,8,6,2,5,3,1,6,-3.6635966,0.32759777,1.6982936,0.55635721,1.1419364
-17.161806,0.99897117,0.72482342,3,7,0,17.941656,0.89264055,1.4376905,1.2833409,0.15434967,-1.50276,-1.4324714,-1.4606137,-0.45721005,-1.1592036,-1.4558835,-1.4324714,-1.6673844,-1.3722896,-1.8792541,5,2,3,5,8,3,3,4,5,4,7,4,3,8,7,6,3,7,2,8,-1.360158,0.68817208,1.4064721,0.96789485,0.43857729
-17.124092,1,0.72482342,2,3,0,17.413047,0.91513878,1.6832707,1.5404263,0.14284441,-1.4710302,-1.3914902,-1.4376674,-0.38781987,-1.1281536,-1.4322538,-1.3914902,-1.6787256,-1.3475265,-1.8536183,5,1,2,8,8,7,2,6,3,8,4,4,2,8,7,7,3,7,3,8,-1.5696376,0.79660682,2.5792888,2.054679,0.52460974
-16.70303,0.97171087,0.72482342,2,7,0,17.430027,0.7909429,3.9007643,3.0852818,0.81548249,-1.4898203,-1.5540468,-1.3247305,-0.61398513,-1.095855,-1.3318704,-1.5540468,-1.4844257,-1.2466974,-2.0816493,8,3,8,8,8,1,3,7,3,8,5,2,5,6,5,5,7,6,3,7,-2.4873974,0.7722856,0.81811254,0.63181653,0.18629601
-16.458719,0.97748639,0.72482342,2,3,0,17.015969,0.87025803,3.1423284,2.7346365,0.40769189,-1.4413137,-1.4215203,-1.3506356,-0.42883659,-1.0640283,-1.3459036,-1.4215203,-1.585921,-1.2638268,-1.9305579,6,5,4,8,5,1,5,3,4,6,6,2,4,8,8,5,4,5,5,8,-2.1684461,0.52075156,1.6516751,0.86011237,0.79156271
-17.313188,0.92401129,0.72482342,2,3,0,17.764065,0.93932203,2.8070741,2.6367465,0.17032757,-1.4053348,-1.3248257,-1.374217,-0.27437303,-1.0568106,-1.3683943,-1.3248257,-1.6827509,-1.2814776,-1.8267676,5,4,3,8,8,7,4,7,2,7,8,4,1,8,6,5,4,3,7,6,-2.5607819,0.94057164,1.4710586,1.383636,0.0874226
-17.522717,0.98121927,0.72482342,3,7,0,17.983677,0.88029736,1.2175427,1.0717996,0.14574308,-1.5316507,-1.4617576,-1.4894354,-0.50625968,-1.1920361,-1.4855064,-1.4617576,-1.6725004,-1.4020582,-1.8925901,4,4,1,8,6,5,4,3,4,7,5,2,2,8,8,3,3,6,6,5,-1.3737589,0.63883175,3.1537863,2.0147388,1.1390475
-16.575536,0.99880634,0.72482342,2,3,0,17.6399,0.79899539,3.6986372,2.9551941,0.74344313,-1.485701,-1.5395528,-1.3296664,-0.59577288,-1.0935786,-1.3350203,-1.5395528,-1.4958849,-1.2506257,-2.0624933,4,4,5,7,6,2,5,6,5,4,6,3,4,8,8,7,4,2,3,7,-2.3268244,0.67757952,2.3226158,1.5737569,0.7488589
-18.100642,0.85689691,0.72482342,2,3,0,18.455042,0.7596158,0.94926068,0.72107341,0.22818727,-1.6318778,-1.6318098,-1.5360845,-0.7810382,-1.2984549,-1.5457997,-1.6318098,-1.6183812,-1.4580586,-2.0216739,4,3,2,8,5,2,6,1,4,7,2,7,3,5,7,5,6,6,1,8,-1.1931221,0.24194084,1.3578958,0.32853045,1.0293653
-16.855016,0.95577534,0.72482342,2,3,0,18.751529,0.8618886,1.4652698,1.2628994,0.20237047,-1.5174794,-1.4706945,-1.4542111,-0.52032403,-1.1670264,-1.4510781,-1.4706945,-1.6349404,-1.3683489,-1.9159623,5,5,1,6,6,4,3,2,4,6,7,3,4,7,3,7,3,6,4,7,-1.1379713,0.55578813,1.1731506,0.65202318,0.52112742
-18.592501,0.44949626,0.72482342,2,3,0,24.350952,0.82090509,6.8216088,5.5998934,1.2217154,-1.4436217,-1.4948216,-1.2858029,-0.5170086,-1.037298,-1.2871558,-1.4948216,-1.4929343,-1.2043556,-2.0554711,7,6,2,8,5,4,3,6,2,3,5,3,4,6,5,7,4,6,4,6,-5.2821179,0.72472497,1.6239349,1.1769062,0.44702872
-17.581498,1,0.72482342,2,3,0,18.737668,0.74454675,4.9955518,3.7194218,1.2761299,-1.521482,-1.6455235,-1.3060539,-0.72716998,-1.1225339,-1.3262041,-1.6455235,-1.4256943,-1.2342399,-2.1977331,4,6,8,4,6,2,6,6,5,8,4,5,4,6,7,5,3,7,6,7,-3.3781921,0.068441393,0.68486856,0.046873358,0.6379952
-18.066624,0.83243323,0.72482342,2,7,0,19.212135,0.95826992,1.8963328,1.8171986,0.079134116,-1.4341398,-1.3285835,-1.4277425,-0.27774311,-1.1058901,-1.4235359,-1.3285835,-1.7251026,-1.3344146,-1.8028733,5,5,3,8,6,3,4,4,2,8,6,6,2,8,6,5,3,8,2,6,-2.2987785,0.64527625,2.5835874,1.6671276,0.91645979
-17.704306,0.9719919,0.72482342,2,7,0,18.769778,0.68972919,4.6107444,3.180165,1.4305794,-1.5765633,-1.7598457,-1.3176738,-0.87496031,-1.1886452,-1.3574293,-1.7598457,-1.3865073,-1.2531628,-2.31685,5,2,5,6,5,3,4,5,4,5,3,2,5,7,8,4,3,6,1,5,-2.8994461,0.46928802,1.4415471,0.67650079,0.76504631
-19.06641,0.641667,0.72482342,1,1,0,19.276235,0.57217422,4.6788913,2.677141,2.0017503,-1.7032232,-2.0345579,-1.3435149,-1.1989688,-1.3531974,-1.4446634,-2.0345579,-1.3251131,-1.2958884,-2.6392832,3,6,4,6,4,4,5,3,6,7,5,5,4,7,4,4,5,4,2,8,-2.8291516,0.59039022,2.0356148,1.2018071,0.83380773
-17.285439,1,0.72482342,1,1,0,18.644145,0.67463106,3.7692739,2.5428692,1.2264047,-1.5968263,-1.7865309,-1.3366948,-0.91726137,-1.2182829,-1.3812944,-1.7865309,-1.3909903,-1.2736259,-2.3273592,5,2,6,6,7,4,5,6,4,8,4,3,7,4,2,3,3,7,5,6,-2.0805397,0.42016431,2.0413015,0.85768205,1.1836195
-17.177794,1,0.72482342,1,1,0,17.470687,0.69410989,3.8576078,2.6776037,1.1800041,-1.5771973,-1.7458048,-1.3317904,-0.86545287,-1.1935283,-1.3686204,-1.7458048,-1.4021775,-1.2661633,-2.2848778,7,6,2,4,6,4,3,2,2,8,7,4,7,8,6,5,3,3,6,8,-2.1967689,0.24449603,1.6933324,0.41401304,1.2793193
-16.462748,1,0.72482342,2,3,0,17.42378,0.70841959,2.4698297,1.7496757,0.72015395,-1.5823266,-1.706562,-1.3772425,-0.83806146,-1.2115646,-1.405721,-1.706562,-1.4519749,-1.3082882,-2.1970525,7,3,4,7,5,6,4,5,1,7,8,4,5,8,7,5,3,6,3,6,-1.0043829,0.64275355,2.0872414,1.3415818,0.74565957
-17.15451,0.92508161,0.72482342,2,3,0,17.293549,0.88974608,1.4242403,1.2672123,0.15702809,-1.505529,-1.4368606,-1.4619076,-0.46461194,-1.1616512,-1.457293,-1.4368606,-1.6653163,-1.3738087,-1.8825308,8,2,3,8,8,8,6,6,3,3,7,4,6,8,5,5,5,6,2,7,-1.339991,0.85718074,3.9350455,3.3730452,0.56200029
-17.15311,0.98175992,0.72482342,2,3,0,17.90937,0.93163867,2.103997,1.9601649,0.14383204,-1.4369629,-1.3535619,-1.4079446,-0.3233609,-1.0930948,-1.4023211,-1.3535619,-1.684902,-1.3162753,-1.8344368,5,3,4,3,5,2,6,2,2,7,6,3,4,8,8,4,5,5,3,8,-1.9367682,0.38197165,0.90532403,0.34580811,0.55951592
-19.984145,0.87800585,0.72482342,2,3,0,20.055917,0.98592447,2.0596773,2.0306862,0.028991051,-1.4106743,-1.288936,-1.4228725,-0.2056175,-1.0968646,-1.4210913,-1.288936,-1.7604124,-1.3276987,-1.7702952,5,5,5,7,5,4,4,6,5,8,6,3,3,8,8,5,3,5,3,7,-3.4358031,0.48295324,3.2015069,1.5461782,1.6553288
-18.777002,0.98475608,0.72482342,2,3,0,20.639723,0.96340831,4.2269717,4.0722996,0.15467204,-1.3607828,-1.2707308,-1.3415582,-0.1812825,-1.0171682,-1.336868,-1.2707308,-1.7099093,-1.2462528,-1.797241,3,2,3,7,5,1,5,5,1,5,5,3,1,8,8,7,5,6,3,8,-4.3407512,0.68934443,2.05654,1.4176644,0.63887562
-16.323367,1,0.72482342,2,3,0,18.546439,0.86276571,2.8550813,2.4632662,0.39181506,-1.4532633,-1.4365576,-1.3601196,-0.45388862,-1.0773938,-1.3561173,-1.4365576,-1.582223,-1.2740971,-1.9383567,5,5,5,8,6,3,5,5,3,8,7,3,3,7,6,6,4,5,2,5,-1.8702152,0.51024262,5.0013509,2.5519024,2.4494485
-17.03646,0.86888752,0.72482342,2,3,0,17.743612,0.92809332,2.7009842,2.5067654,0.1942188,-1.4153332,-1.3424411,-1.3762303,-0.30433432,-1.0625237,-1.3701068,-1.3424411,-1.6684891,-1.28443,-1.8415172,4,4,5,6,3,2,5,4,2,8,4,2,4,8,7,5,1,8,3,7,-2.3152205,0.34219654,3.8073504,1.3028621,2.5044882
-16.337563,0.96357698,0.72482342,2,3,0,17.584902,0.79729865,3.2081337,2.5578406,0.65029303,-1.4945188,-1.5438136,-1.3435712,-0.60664271,-1.1070199,-1.3491232,-1.5438136,-1.5033854,-1.2646045,-2.0553509,6,3,6,6,8,4,5,4,5,8,3,4,1,7,5,4,5,5,5,4,-1.868861,0.35254851,1.2747835,0.44942302,0.82536047
-16.899502,0.94630556,0.72482342,3,7,0,17.062331,0.90444927,3.4531367,3.1231869,0.32994974,-1.4115959,-1.3651077,-1.3461984,-0.33921739,-1.0420835,-1.3396671,-1.3651077,-1.6261779,-1.2560624,-1.8806697,4,5,5,6,5,5,5,7,3,7,6,1,3,8,8,5,4,6,4,5,-2.7183705,0.6175952,2.0635958,1.2744669,0.78912895
-18.027962,0.8961338,0.72482342,2,3,0,18.789489,0.95751761,1.907964,1.8269091,0.081054877,-1.4338148,-1.3289563,-1.4267093,-0.27854682,-1.1050117,-1.4224438,-1.3289563,-1.7238096,-1.3334181,-1.8036715,4,4,6,5,7,6,4,2,5,4,5,4,5,6,5,4,3,4,1,5,-2.2865841,0.44085583,1.4670218,0.64674513,0.82027671
-16.128634,0.80193045,0.72482342,1,3,0,19.885374,0.80178852,2.2964383,1.8412579,0.45518044,-1.5128869,-1.5409795,-1.3827763,-0.61491023,-1.1379555,-1.3870932,-1.5409795,-1.5341201,-1.3029516,-2.0230814,5,5,4,6,3,1,7,1,4,8,7,3,3,7,6,6,2,2,6,6,-1.1429276,0.10450168,4.2457949,0.44369269,3.8021022
-16.322394,0.94797296,0.72482342,1,3,0,16.515717,0.87225973,2.4985649,2.1793975,0.31916737,-1.4571686,-1.4270352,-1.3767863,-0.44206938,-1.0880131,-1.3721773,-1.4270352,-1.6015808,-1.2899144,-1.9186598,2,5,8,6,4,1,5,3,5,8,8,3,1,8,7,3,1,7,3,5,-1.6432469,0.28526756,2.0399808,0.58194034,1.4580404
-16.375038,0.99523451,0.72482342,2,7,0,16.447179,0.87467122,2.1457859,1.8768572,0.26892873,-1.468993,-1.4305516,-1.3967279,-0.45041017,-1.1058878,-1.3921628,-1.4305516,-1.6147078,-1.3097135,-1.9099555,5,7,6,6,5,4,6,2,2,8,5,2,4,8,7,3,1,5,2,5,-1.4181604,0.29119027,2.2408376,0.65251011,1.5883275
-16.161339,0.99645705,0.72482342,2,3,0,16.42476,0.83538366,2.5229815,2.1076575,0.41532397,-1.4816132,-1.4839972,-1.3722612,-0.52846281,-1.1055611,-1.3713694,-1.4839972,-1.5598324,-1.2889991,-1.9752887,6,4,5,8,6,4,2,6,3,7,4,4,8,8,5,7,4,5,5,8,-1.4513963,0.85904008,1.7465221,1.5003325,0.24618962
-16.838938,0.92350804,0.72482342,2,3,0,16.89007,0.85786591,1.4604496,1.2528699,0.20757967,-1.5201917,-1.4762664,-1.4544503,-0.52935516,-1.1692627,-1.4516317,-1.4762664,-1.6314615,-1.3689241,-1.9208138,7,4,5,8,7,5,6,7,3,8,3,3,4,8,6,5,5,6,1,8,-1.1147664,0.51165819,2.2576974,1.1551694,1.102528
-17.947739,0.91721033,0.72482342,3,7,0,18.232198,0.94240389,1.5032782,1.4166952,0.08658297,-1.471226,-1.3685889,-1.4604392,-0.34569494,-1.1422161,-1.4557758,-1.3685889,-1.7187151,-1.3685315,-1.8236677,6,5,5,7,6,6,7,3,4,7,8,3,4,8,5,6,4,7,3,4,-1.9183211,0.29584125,1.2134087,0.35897634,0.85443236
-18.267352,0.96731266,0.72482342,2,7,0,18.690408,0.92342538,1.1636051,1.0745025,0.089102613,-1.5170994,-1.4165074,-1.503204,-0.42608702,-1.1896083,-1.4986058,-1.4165074,-1.7193285,-1.4127864,-1.8485625,5,5,6,8,4,3,3,3,4,5,6,4,5,8,7,7,5,6,1,8,-1.8214233,0.64420697,2.667637,1.7185104,0.94912665
-18.667896,0.9413871,0.72482342,1,1,0,18.861509,0.92666844,1.0657303,0.98757861,0.078151664,-1.5294545,-1.4230139,-1.5208612,-0.43500975,-1.2058445,-1.5164928,-1.4230139,-1.7314826,-1.4302681,-1.8480682,2,8,7,7,3,3,5,2,3,8,6,4,5,8,8,4,4,5,4,6,-1.9791233,0.15649445,2.1932536,0.34323202,1.8500216
-22.022797,0.78527416,0.72482342,2,3,0,23.5484,0.33345892,0.92695047,0.3090999,0.61785057,-1.9517084,-2.3381176,-1.6332799,-1.6840221,-1.7610491,-1.8201153,-2.3381176,-1.5615741,-1.5958265,-2.7144469,5,1,3,7,6,2,6,2,4,7,2,8,3,8,6,5,7,3,1,6,-1.044795,0.61551971,1.5099327,0.92939336,0.58053938
-18.0987,0.98842257,0.72482342,2,3,0,22.019391,0.95604818,3.5392069,3.3836524,0.15555457,-1.3772031,-1.2893771,-1.3547791,-0.21344676,-1.0324279,-1.3496411,-1.2893771,-1.7012481,-1.260352,-1.8060759,4,2,6,8,5,1,5,4,3,7,4,4,4,8,8,7,2,7,4,5,-3.5190665,0.40838082,1.0731296,0.43824557,0.63488408
-16.182153,0.96219352,0.72482342,2,3,0,18.616191,0.80436202,2.7839489,2.2393027,0.54464613,-1.4975197,-1.5332311,-1.3591698,-0.59679344,-1.1152893,-1.3632058,-1.5332311,-1.5206808,-1.2792708,-2.0325828,7,7,6,7,6,3,5,3,4,8,3,2,2,6,6,5,4,3,3,6,-1.5258531,0.55813261,1.3845619,0.77276914,0.61179274
-16.611273,0.95524479,0.72482342,2,3,0,16.680264,0.73418049,1.603787,1.1774691,0.42631788,-1.5911861,-1.6569288,-1.4373309,-0.79472317,-1.2351786,-1.4553029,-1.6569288,-1.520849,-1.3638332,-2.099616,4,4,3,6,7,2,6,5,4,7,4,3,6,7,6,3,3,4,4,6,-0.63782485,0.46643993,1.2020095,0.56066521,0.64134425
-16.297492,0.99743213,0.72482342,2,3,0,16.702911,0.81478944,1.8193876,1.4824178,0.3369698,-1.5234869,-1.5267541,-1.4161817,-0.60224735,-1.1587924,-1.4181714,-1.5267541,-1.5684839,-1.3347506,-1.9877468,5,2,6,7,7,5,3,4,2,8,5,4,3,6,7,6,4,4,6,8,-0.94153552,0.50739944,2.0186561,1.024265,0.99439111
-16.221768,0.99501736,0.72482342,2,7,0,16.394025,0.85211613,2.2576821,1.9238073,0.33387478,-1.4790844,-1.4617213,-1.3876738,-0.49787312,-1.1096228,-1.3849106,-1.4617213,-1.5860626,-1.3027395,-1.9442311,6,3,5,7,8,6,4,7,2,8,5,5,3,8,8,4,1,5,6,8,-1.3491057,0.6746425,3.3236149,2.2422518,1.081363
-16.28955,0.95393953,0.72482342,2,3,0,16.796908,0.75589734,2.771635,2.0950715,0.67656347,-1.5361944,-1.6191934,-1.3600669,-0.71619516,-1.1550277,-1.3749896,-1.6191934,-1.4768075,-1.2857292,-2.1191575,4,3,7,7,5,2,5,3,4,6,5,4,4,7,6,6,5,5,1,8,-1.356416,0.40607478,3.5786682,1.4532069,2.1254613
-16.297998,0.92155864,0.72482342,1,3,0,16.887107,0.84672067,1.9461146,1.6478155,0.29829914,-1.4960939,-1.4761179,-1.4078634,-0.52359058,-1.1316354,-1.4057787,-1.4761179,-1.5926329,-1.3234222,-1.9454656,3,4,3,6,3,4,5,3,4,8,4,5,1,7,4,4,2,4,2,8,-1.1432365,0.38106382,3.0753407,1.1719011,1.9034396
-20.424526,0.59364582,0.72482342,2,3,0,21.193106,0.98892635,2.1155198,2.0920933,0.023426524,-1.4061656,-1.2831179,-1.420127,-0.19527769,-1.0938646,-1.4186858,-1.2831179,-1.7640316,-1.3247227,-1.7664318,5,3,2,8,8,8,4,8,3,5,7,3,3,6,6,6,2,7,2,7,-3.7039612,0.93936371,2.6626182,2.501167,0.16145129
-18.691612,0.90520334,0.72482342,3,7,0,21.382756,0.95013148,4.9496051,4.7027756,0.24682948,-1.3599059,-1.2833031,-1.3262881,-0.2025034,-1.0047226,-1.3203933,-1.2833031,-1.6857252,-1.2317167,-1.8184246,2,5,3,4,6,2,2,3,4,8,5,2,1,7,7,4,5,5,4,8,-4.7251141,0.17843395,2.6983187,0.48147166,2.216847
-16.675862,0.98472104,0.72482342,2,3,0,19.325783,0.89457215,1.883255,1.6847075,0.19854753,-1.4699385,-1.4102357,-1.4176583,-0.41922132,-1.1167248,-1.4123553,-1.4102357,-1.6468344,-1.3290209,-1.8800936,5,7,4,6,7,5,5,7,4,7,7,2,6,7,7,2,4,6,2,7,-1.4354067,0.398976,1.0234686,0.40833942,0.6151292
-17.029767,0.96746154,0.72482342,2,3,0,17.450579,0.63260105,2.0907654,1.3226204,0.76814499,-1.6572686,-1.8482139,-1.4100284,-1.028895,-1.3111429,-1.4656263,-1.8482139,-1.4295997,-1.3495474,-2.3248148,4,6,5,7,4,4,4,5,6,8,5,5,2,8,8,4,3,4,4,7,-0.63472407,0.2198078,2.4803714,0.54520498,1.9351665
-16.414715,1,0.72482342,2,3,0,17.16379,0.80848036,1.6725122,1.3521933,0.32031893,-1.5358052,-1.5393187,-1.4291905,-0.62375479,-1.174509,-1.4320819,-1.5393187,-1.5719665,-1.3482601,-1.9917962,3,4,5,2,6,3,5,3,7,7,4,3,4,8,8,5,4,5,3,4,-0.87767595,0.44011034,1.7777344,0.78239931,0.99533513
-17.677841,0.6020501,0.72482342,1,3,0,19.931769,0.95188563,2.2386274,2.1309172,0.10771016,-1.4193308,-1.3231385,-1.4038723,-0.27041788,-1.0833168,-1.399022,-1.3231385,-1.7090813,-1.3106461,-1.809466,6,2,3,8,5,4,2,5,2,7,4,2,4,8,7,2,3,3,2,6,-2.3487891,0.74026566,2.7343266,2.0241281,0.71019853
-18.217096,0.99435251,0.72482342,2,3,0,18.269779,0.96524171,2.5367039,2.4485324,0.0881715,-1.3996624,-1.297257,-1.3916442,-0.22541498,-1.0680688,-1.3876076,-1.297257,-1.7237361,-1.297261,-1.7927075,4,4,5,4,6,5,4,4,3,8,7,4,5,8,7,6,2,6,2,7,-2.8726314,0.37852435,1.4934085,0.56529148,0.92811701
-17.83608,0.78358639,0.72482342,1,3,0,22.496407,0.84596537,5.669207,4.7959528,0.87325422,-1.4290274,-1.4500179,-1.2988432,-0.45789518,-1.0304072,-1.2962465,-1.4500179,-1.5302972,-1.2144051,-1.9980611,4,4,6,7,8,4,3,3,2,8,5,5,2,8,4,5,3,7,5,7,-4.3780557,0.56818113,3.1129374,1.7687123,1.3442251
-19.874283,0.86303288,0.72482342,2,3,0,20.287566,0.94852225,0.92296527,0.8754531,0.047512176,-1.5446954,-1.4194906,-1.5535971,-0.4208225,-1.2321054,-1.5500917,-1.4194906,-1.7679808,-1.4617233,-1.8353232,5,6,6,7,7,2,4,6,1,8,8,2,2,8,7,5,7,4,4,4,-2.5693432,0.35884341,2.3578693,0.84610587,1.5117635
-18.275781,0.98173272,0.72482342,3,7,0,20.712016,0.70649475,5.6294502,3.977177,1.6522732,-1.5551518,-1.7278513,-1.3013181,-0.82738807,-1.1586948,-1.3354027,-1.7278513,-1.3871196,-1.2349447,-2.2975386,7,2,4,8,6,6,5,1,4,8,5,5,2,6,6,5,3,6,5,8,-3.8772324,0.58885471,2.4332495,1.4328305,1.0004191
-19.569906,0.68361485,0.72482342,1,1,0,19.792639,0.61041208,6.0536285,3.6952079,2.3584205,-1.6573401,-1.9534587,-1.3155485,-1.0942412,-1.2862755,-1.3968252,-1.9534587,-1.3230663,-1.2633805,-2.566546,3,6,2,6,6,4,5,4,4,7,5,6,5,7,6,3,3,6,4,4,-4.1241362,0.28450825,3.9829946,1.1331948,2.8497998
-20.190628,0.68098385,0.72482342,3,7,0,22.950022,0.97549484,5.3418707,5.2109673,0.13090342,-1.3399363,-1.2441843,-1.328217,-0.13525729,-1.0011496,-1.3246512,-1.2441843,-1.7280779,-1.2316168,-1.7816253,3,5,4,5,4,1,4,2,3,8,4,3,2,8,7,7,4,5,2,6,-5.773622,0.095202482,1.5641849,0.14891429,1.4152706
-17.566595,0.9805495,0.72482342,2,7,0,20.302982,0.9359173,1.6592636,1.5529335,0.10633009,-1.4617652,-1.367081,-1.4433591,-0.34491337,-1.1270545,-1.4382874,-1.367081,-1.7042751,-1.3517471,-1.829613,5,1,7,4,6,4,5,3,2,6,7,2,4,7,4,8,2,5,4,7,-1.8239833,0.5939319,3.0991135,1.8406624,1.2584511
-17.889331,0.89946605,0.72482342,3,7,0,21.973678,0.89754754,5.2776607,4.7369514,0.54070932,-1.3926286,-1.3628061,-1.3105273,-0.32964626,-1.01006,-1.3036761,-1.3628061,-1.6029594,-1.2205903,-1.9036049,6,3,8,4,6,2,2,3,5,7,3,3,3,8,7,6,3,2,1,7,-4.3670634,0.3287054,2.2362708,0.73507429,1.5011965
-16.454032,0.9987338,0.72482342,2,3,0,17.954916,0.73746478,1.7726273,1.3072502,0.46537711,-1.5805603,-1.6512361,-1.4211414,-0.78167662,-1.2196271,-1.4388647,-1.6512361,-1.5099953,-1.3476564,-2.1050632,2,8,7,5,5,4,8,2,5,6,4,2,3,5,8,3,3,4,4,8,-0.67753112,0.42120948,0.83501579,0.35171657,0.48329922
-16.824262,0.77586659,0.72482342,2,3,0,18.92795,0.772549,1.3803984,1.0664254,0.31397298,-1.5790435,-1.5994349,-1.4617198,-0.71964241,-1.2268334,-1.4704603,-1.5994349,-1.5677436,-1.3838401,-2.029368,5,5,7,8,6,5,2,5,2,7,2,3,3,7,4,2,4,5,1,8,-0.7702326,0.83802618,2.1276215,1.7830025,0.34461899
-16.810504,1,0.72482342,3,7,0,16.861886,0.84465935,4.0768389,3.4435401,0.63329879,-1.4446493,-1.4573113,-1.3234074,-0.47606449,-1.0542047,-1.3211163,-1.4573113,-1.5418194,-1.2391769,-1.9851116,2,3,8,8,5,4,4,1,6,7,7,3,3,7,7,5,3,2,4,7,-2.8846962,0.19868863,1.2816306,0.25464544,1.0269852
-16.843651,0.99174124,0.72482342,2,7,0,17.100954,0.77285319,4.0535089,3.1327673,0.92074163,-1.5035063,-1.588118,-1.3214728,-0.65892356,-1.1085554,-1.3330031,-1.588118,-1.4641924,-1.2457034,-2.1202732,4,6,7,5,6,6,7,1,7,7,4,5,6,8,7,5,5,4,2,6,-2.5715425,0.26120402,1.2098904,0.31602824,0.89386216
-16.718051,1,0.72482342,2,3,0,16.883237,0.77982821,3.8784594,3.024532,0.85392734,-1.4994266,-1.5748545,-1.3252497,-0.64258785,-1.1056525,-1.3349614,-1.5748545,-1.4736801,-1.2485639,-2.1028726,6,4,5,7,4,5,3,2,3,8,7,1,5,7,5,3,5,5,3,8,-2.428757,0.47885582,2.882732,1.380413,1.502319
-16.334442,0.98670508,0.72482342,2,3,0,17.065476,0.87162091,2.2283357,1.942264,0.28607171,-1.4674679,-1.4331438,-1.391317,-0.45382744,-1.1022786,-1.3869038,-1.4331438,-1.6085565,-1.3045607,-1.9154993,3,7,2,5,4,1,4,4,7,8,7,6,2,7,6,4,2,3,3,7,-1.4488299,0.014815523,2.285079,0.03385464,2.2512244
-16.608878,0.97832726,0.72482342,2,7,0,16.657832,0.68997913,2.5861579,1.784395,0.8017629,-1.5961729,-1.7432548,-1.3737413,-0.88297896,-1.2271472,-1.4090215,-1.7432548,-1.4351515,-1.3072372,-2.2403425,2,2,4,6,5,5,4,2,5,7,4,5,6,7,7,5,2,4,2,8,-1.0585397,0.34740492,2.6611618,0.9245007,1.7366611
-16.347157,1,0.72482342,2,7,0,16.63356,0.84823769,1.8714854,1.5874644,0.28402094,-1.4989175,-1.4757006,-1.4137482,-0.52386725,-1.1362595,-1.4115391,-1.4757006,-1.5976613,-1.3291554,-1.9416854,5,5,4,4,6,2,4,3,7,7,4,4,3,6,5,6,3,1,2,7,-1.1196203,0.34948519,2.8650669,1.0012984,1.8637685
-16.333138,0.91626969,0.72482342,2,3,0,17.270009,0.75131615,1.8934217,1.4225583,0.47086338,-1.5650368,-1.6277022,-1.4104228,-0.74579271,-1.1997906,-1.4249926,-1.6277022,-1.5118894,-1.3356447,-2.0891308,6,1,3,7,7,2,3,4,3,7,6,3,4,8,7,6,1,7,4,8,-0.75591675,0.72853643,3.3863423,2.4670737,0.91926855
-16.623126,0.94610147,0.72482342,3,7,0,16.820988,0.90033393,2.8127526,2.5324166,0.28033599,-1.4292842,-1.3799706,-1.366748,-0.36568166,-1.0642902,-1.3606071,-1.3799706,-1.6295535,-1.2772205,-1.8813442,3,5,3,3,6,5,3,3,5,8,5,6,6,7,8,3,4,3,2,3,-2.1116994,0.33341298,2.1245593,0.70835563,1.4162036
-16.85572,0.97728972,0.72482342,3,7,0,17.247004,0.65223712,2.1297449,1.3890987,0.74064622,-1.6387957,-1.8103194,-1.404018,-0.98015528,-1.2863923,-1.4516749,-1.8103194,-1.4363333,-1.3412402,-2.2873749,5,6,5,7,3,7,5,4,5,7,7,6,3,8,6,5,2,2,2,7,-0.68151712,0.35358637,0.68008891,0.24047017,0.43961874
-16.990439,0.99008437,0.72482342,2,3,0,17.500608,0.89242719,3.899552,3.4800662,0.41948578,-1.4121072,-1.3794472,-1.3331003,-0.35999484,-1.0349862,-1.3267774,-1.3794472,-1.6051414,-1.2439567,-1.902968,3,5,2,7,6,2,2,4,6,7,6,4,6,8,7,4,4,4,1,7,-3.0299766,0.38702075,1.3769596,0.53291195,0.84404769
-19.940025,0.80284875,0.72482342,2,3,0,20.265047,0.98108913,1.5043112,1.4758633,0.028447835,-1.4528401,-1.325678,-1.4681355,-0.26464522,-1.142602,-1.4660618,-1.325678,-1.7664899,-1.3739072,-1.7834988,6,2,4,5,7,5,3,6,2,6,6,3,5,7,5,4,3,3,1,8,-2.9917131,0.71342908,1.8148232,1.2947476,0.52007554
-19.087114,0.91549394,0.72482342,2,3,0,21.310287,0.95729684,1.2093818,1.1577373,0.051644427,-1.4957682,-1.3758555,-1.5013273,-0.35158113,-1.1791743,-1.4977474,-1.3758555,-1.7520494,-1.408777,-1.8146045,5,5,4,6,5,4,4,3,2,7,4,2,4,8,8,7,4,3,2,5,-2.3273594,0.62273613,1.2684601,0.78991593,0.47854416
-19.128869,0.98764241,0.72482342,1,1,0,19.461904,0.95621987,1.180366,1.1286895,0.051676575,-1.5000504,-1.3798979,-1.5056714,-0.35816543,-1.1836622,-1.5020733,-1.3798979,-1.7528079,-1.4132099,-1.8165772,3,2,5,7,6,4,5,7,4,6,5,5,4,8,8,8,2,4,3,6,-2.3293374,0.72258692,2.1821916,1.5768231,0.6053685
-18.298836,1,0.72482342,1,1,0,19.186498,0.93635845,1.2532955,1.1735338,0.07976167,-1.49984,-1.3941708,-1.491198,-0.38748557,-1.174147,-1.4866859,-1.3941708,-1.7260435,-1.3998909,-1.8338099,5,3,4,8,5,4,3,3,5,6,5,2,1,7,8,7,5,7,5,4,-1.9169247,0.40893954,2.1173572,0.86587106,1.2514861
-18.773506,0.92004505,0.72482342,3,7,0,20.062361,0.57438839,4.3178693,2.480134,1.8377353,-1.701123,-2.0238709,-1.3487679,-1.191156,-1.352165,-1.4472193,-2.0238709,-1.331998,-1.3004025,-2.6169315,3,2,7,8,3,5,5,3,3,8,5,3,3,6,8,6,4,5,4,7,-2.4900856,0.38605081,2.7792415,1.0729284,1.7063131
-17.496368,0.99098091,0.72482342,3,7,0,19.028459,0.92361557,1.5115214,1.3960647,0.11545671,-1.479975,-1.3901914,-1.4563744,-0.3845529,-1.1436755,-1.4512268,-1.3901914,-1.6965608,-1.3657354,-1.8441466,5,4,7,7,4,3,2,2,4,2,5,3,4,7,8,6,3,4,2,6,-1.6554184,0.24501382,1.5493535,0.37961301,1.1697405
-16.390168,0.99814037,0.72482342,2,3,0,17.530572,0.86952731,2.0035358,1.7421291,0.26140672,-1.4787797,-1.4414909,-1.4057135,-0.46891921,-1.1171309,-1.4015927,-1.4414909,-1.6141842,-1.3191864,-1.9148476,2,2,6,7,5,6,5,6,6,8,2,3,2,7,6,5,3,5,1,7,-1.3053485,0.57431311,1.2596525,0.72343497,0.53621757
-16.540347,0.98159253,0.72482342,2,3,0,16.742425,0.89637479,2.3241801,2.0833364,0.24084364,-1.4480314,-1.3952435,-1.3889899,-0.39267818,-1.0879359,-1.3832651,-1.3952435,-1.6349064,-1.3000113,-1.8821352,6,6,7,8,5,5,5,4,7,8,5,2,1,8,7,5,1,8,4,7,-1.6989027,0.25460198,2.2104223,0.5627779,1.6476444
-16.578485,0.99134648,0.72482342,2,3,0,16.881084,0.86503166,3.4923835,3.0210223,0.47136119,-1.4381864,-1.4267077,-1.3394793,-0.43441971,-1.0563943,-1.3350781,-1.4267077,-1.5741445,-1.2531379,-1.9433168,4,5,2,8,3,4,6,2,2,8,5,3,5,7,7,4,3,4,3,7,-2.4537932,0.25086422,2.0615657,0.51717307,1.5443926
-16.61798,0.99516656,0.72482342,2,7,0,16.783961,0.89416753,3.0391394,2.7174998,0.32163963,-1.4274092,-1.3857795,-1.3573788,-0.37386149,-1.0579742,-1.3513149,-1.3857795,-1.6178467,-1.2683223,-1.8925983,5,4,3,5,7,5,5,2,5,7,6,4,5,8,8,7,4,7,3,6,-2.253529,0.72741925,0.86296003,0.62773374,0.23522629
-16.254756,0.91621031,0.72482342,1,3,0,17.6834,0.77859147,1.9135553,1.4898778,0.42367746,-1.5441593,-1.5824432,-1.4081393,-0.68157979,-1.1768629,-1.4166137,-1.5824432,-1.5319485,-1.330469,-2.0461316,4,3,5,6,7,5,8,2,3,8,5,4,5,8,7,2,4,7,5,6,-0.84491385,0.39925337,0.56518411,0.22565166,0.33953245
-16.559061,0.96198628,0.72482342,2,3,0,16.694788,0.72552078,1.6983792,1.2322094,0.46616979,-1.5928921,-1.671321,-1.4286303,-0.81155017,-1.235376,-1.4492588,-1.671321,-1.5075391,-1.3562825,-2.1199212,3,1,7,7,5,5,6,2,2,7,2,3,7,7,6,5,3,6,5,7,-0.63089826,0.48340143,2.2542112,1.0896889,1.1645223
-17.221264,0.71265281,0.72482342,1,3,0,20.104692,0.81099388,4.7838006,3.879633,0.90416759,-1.4643334,-1.5156347,-1.3084519,-0.55464149,-1.0653923,-1.3115817,-1.5156347,-1.4951107,-1.2281285,-2.0563063,1,6,6,6,5,3,5,2,4,7,5,5,5,8,8,6,1,1,2,8,-3.3958134,0.53174202,1.4142884,0.75203659,0.66225184
-17.885373,0.90121027,0.72482342,1,1,0,17.917399,0.78486928,5.6965215,4.4710247,1.2254967,-1.480661,-1.565144,-1.2957138,-0.61718844,-1.076359,-1.3047469,-1.565144,-1.4587464,-1.2187527,-2.1201921,6,2,5,8,7,2,4,6,4,4,8,6,3,8,6,5,3,3,2,6,-4.1438327,0.82381587,2.1898287,1.8040156,0.38581305
-17.07185,1,0.72482342,1,1,0,17.769351,0.79279076,4.5101702,3.5756213,0.93454894,-1.4820455,-1.5500615,-1.3125607,-0.60377916,-1.083864,-1.3194574,-1.5500615,-1.4782367,-1.234424,-2.088335,6,1,4,6,6,5,6,3,3,5,3,4,5,8,7,7,1,6,4,8,-3.0691374,0.42173854,2.4948827,1.0521882,1.4426945
-16.749744,0.93169942,0.72482342,3,7,0,18.043611,0.77636137,1.4208468,1.1030905,0.31775622,-1.5735134,-1.5928895,-1.4565186,-0.70891154,-1.2197795,-1.4646246,-1.5928895,-1.566544,-1.3783528,-2.0261831,4,5,4,7,5,5,8,1,4,8,6,2,6,7,8,5,2,2,1,7,-0.76992911,0.11928136,2.6993441,0.32198145,2.3773627
-16.465061,1,0.72482342,1,1,0,16.714707,0.79363089,1.62127,1.2866899,0.33458005,-1.5487166,-1.5628052,-1.4339954,-0.65968364,-1.1885579,-1.4392784,-1.5628052,-1.563127,-1.3544572,-2.0110037,5,6,5,7,8,6,5,5,3,7,4,5,4,8,5,4,2,5,4,6,-0.8146148,0.55743125,2.5147231,1.4017852,1.1129379
-16.432541,0.97991091,0.72482342,2,3,0,16.770454,0.83106591,1.6918694,1.406055,0.28581442,-1.5200276,-1.5054478,-1.4282287,-0.57218409,-1.1596242,-1.4279991,-1.5054478,-1.5908961,-1.3451697,-1.9609108,7,4,5,7,8,5,2,2,5,7,4,3,7,6,6,8,1,3,3,5,-0.97914612,0.91366643,1.865379,1.7043341,0.16104483
-16.150439,0.96954545,0.72482342,1,3,0,16.790255,0.79296438,2.5808571,2.0465278,0.53432935,-1.5111823,-1.5538617,-1.3679091,-0.62886179,-1.131495,-1.3740544,-1.5538617,-1.515771,-1.2891895,-2.0465142,7,5,4,5,6,4,2,5,3,7,4,4,4,7,6,5,4,6,2,8,-1.3190187,0.64289741,2.6343088,1.6935903,0.94071852
-17.369123,0.44823583,0.72482342,2,3,0,21.016538,0.74927479,1.1582722,0.86786416,0.29040805,-1.6133132,-1.6385976,-1.4953753,-0.78403547,-1.2711374,-1.5080133,-1.6385976,-1.5786303,-1.4190979,-2.0474906,5,5,3,7,3,6,3,2,4,8,7,4,2,8,7,5,4,5,4,4,-0.84971619,0.36884417,0.70782808,0.26107826,0.44674982
-17.196942,1,0.72482342,1,1,0,17.452063,0.74131893,1.2319686,0.91328166,0.31868696,-1.6115767,-1.6487662,-1.4837758,-0.79611502,-1.2672128,-1.4984536,-1.6487662,-1.5639521,-1.4085075,-2.0632705,4,1,7,7,2,5,3,4,3,7,6,2,6,7,3,5,2,7,1,6,-0.76367497,0.7625611,1.0183336,0.7765416,0.24179201
-16.654183,0.75608278,0.72482342,1,3,0,20.23843,0.77032716,3.7125165,2.8598523,0.85266419,-1.5094569,-1.5928088,-1.3293713,-0.66848005,-1.1173196,-1.3413625,-1.5928088,-1.4673621,-1.2537987,-2.1180637,5,3,4,7,3,7,4,3,2,5,7,3,2,8,7,8,3,4,4,8,-2.243021,0.56234506,1.9109983,1.0746404,0.83635785
-16.182511,0.9532053,0.72482342,1,3,0,17.087043,0.84457524,2.3951779,2.0229079,0.37226995,-1.4792684,-1.4711308,-1.379405,-0.51065797,-1.1063978,-1.3774095,-1.4711308,-1.5734939,-1.2952084,-1.9583232,4,2,3,8,7,7,2,5,3,6,5,2,6,8,8,5,4,2,5,6,-1.403028,0.89729367,1.5513697,1.3920342,0.15933549
-17.16417,0.9060684,0.72482342,2,3,0,17.262008,0.81078272,1.2247474,0.99300402,0.23174337,-1.5692057,-1.5503203,-1.4840932,-0.64947934,-1.2221807,-1.4864117,-1.5503203,-1.6126698,-1.4024028,-1.9728166,7,2,1,8,6,6,4,3,5,7,4,3,3,8,8,7,3,7,2,6,-0.99238996,0.8055958,1.6871792,1.3591845,0.32799473
-16.579,0.88530534,0.72482342,3,7,0,19.073871,0.69245351,2.005736,1.3888789,0.61685706,-1.607467,-1.731897,-1.406665,-0.88313991,-1.2481739,-1.4387234,-1.731897,-1.4656565,-1.3387617,-2.1992838,5,6,3,8,4,4,7,4,5,8,4,4,5,7,8,4,4,5,2,6,-0.67670254,0.3714408,2.50981,0.93224582,1.5775641
-16.951952,0.96975766,0.72482342,2,3,0,17.301995,0.74007331,1.3495403,0.99875877,0.35078155,-1.6029715,-1.6490789,-1.4668788,-0.79231452,-1.2543781,-1.4823745,-1.6490789,-1.5491987,-1.3921039,-2.0733182,4,5,6,7,6,3,5,4,4,7,5,4,1,7,6,3,3,4,2,7,-0.69165819,0.41449773,0.98365134,0.40772125,0.57593009
-16.901128,0.90137519,0.72482342,2,7,0,18.09175,0.64981295,2.4508741,1.5926097,0.85826436,-1.6349463,-1.8214987,-1.3863483,-0.98504773,-1.2777239,-1.436912,-1.8214987,-1.4182819,-1.3246464,-2.3168152,5,5,5,4,6,4,3,1,4,8,3,4,2,8,8,5,5,4,3,8,-0.89349497,0.14114016,2.8144948,0.39723824,2.4172565
-16.213192,0.91916353,0.72482342,2,3,0,17.4926,0.76001998,2.4618228,1.8710345,0.59078829,-1.5399067,-1.6117264,-1.3741438,-0.71137419,-1.1630142,-1.387595,-1.6117264,-1.4909976,-1.2990657,-2.1000659,3,2,2,8,6,1,2,8,4,7,3,4,7,8,7,5,1,2,5,7,-1.1228683,0.73777744,1.9717694,1.454727,0.51704242
-16.999015,0.93883141,0.72482342,2,7,0,17.027218,0.80819558,1.2921425,1.0443039,0.24783864,-1.5641851,-1.5509884,-1.4739287,-0.64917735,-1.2146113,-1.4766439,-1.5509884,-1.6033916,-1.3925756,-1.9783643,5,7,4,6,6,3,4,6,7,8,5,5,6,6,8,6,5,3,3,7,-0.9362318,0.36840045,1.6886613,0.62210358,1.0665577
-16.564949,0.87330565,0.72482342,3,7,0,18.967435,0.69940771,1.9170674,1.3408117,0.5762557,-1.6045899,-1.7182541,-1.4124283,-0.86786428,-1.2458997,-1.4417736,-1.7182541,-1.4754974,-1.3435121,-2.1802127,5,5,6,7,7,2,4,4,3,8,7,5,6,8,6,1,5,5,5,7,-0.64793754,0.65052711,1.3711604,0.891977,0.47918338
-16.461244,0.8418702,0.72482342,1,3,0,17.768643,0.88334192,2.0934772,1.8492562,0.24422104,-1.4659259,-1.4194376,-1.4011338,-0.43306144,-1.1058325,-1.3961096,-1.4194376,-1.6263319,-1.3133681,-1.8972985,5,3,3,6,7,4,3,6,7,6,7,1,3,8,7,7,5,5,2,7,-1.4495824,0.72956057,4.5014363,3.2840704,1.2173659
-18.187946,0.86109241,0.72482342,2,7,0,18.279781,0.71906008,5.6388093,4.0546427,1.5841666,-1.5426433,-1.7006589,-1.2998038,-0.79328891,-1.1439691,-1.329108,-1.7006589,-1.3971674,-1.2316748,-2.2673205,6,6,2,8,3,2,5,1,4,8,7,5,6,6,2,6,3,4,3,7,-3.9119009,0.62330802,2.6908677,1.6772394,1.0136283
-17.078208,1,0.72482342,2,3,0,18.009196,0.75108337,4.284889,3.2183088,1.0665801,-1.5205709,-1.6308962,-1.3175595,-0.71369483,-1.1252703,-1.3352482,-1.6308962,-1.4404976,-1.2446397,-2.1700235,5,5,5,4,7,6,3,4,2,7,7,4,5,5,5,4,3,3,4,7,-2.7271303,0.56639271,2.1897698,1.2402696,0.94950016
-18.196441,0.87685999,0.72482342,2,7,0,18.957374,0.93211979,4.9271802,4.5927222,0.33445802,-1.371948,-1.310299,-1.3222518,-0.24722252,-1.0064846,-1.3154528,-1.310299,-1.6568629,-1.2291837,-1.8459595,4,6,5,6,6,4,5,3,3,8,5,4,5,7,6,5,6,7,2,5,-4.4149396,0.45756008,2.3271935,1.0648308,1.2623626
-16.982315,1,0.72482342,3,7,0,18.424553,0.8307835,1.3217546,1.0980919,0.22366267,-1.5480596,-1.518897,-1.4705239,-0.59878757,-1.1985249,-1.4703921,-1.518897,-1.6187838,-1.3872226,-1.9511684,5,1,3,7,8,6,3,6,7,8,6,5,4,8,4,3,3,4,1,5,-1.0180563,0.77202569,1.7760748,1.3711754,0.40489942
-16.599078,1,0.72482342,2,3,0,17.184552,0.69351601,2.6460115,1.8350513,0.81096017,-1.5919773,-1.7369381,-1.3705858,-0.87359366,-1.2213577,-1.4047772,-1.7369381,-1.4350452,-1.3037307,-2.2362657,5,3,6,8,7,3,5,3,4,7,5,4,6,8,4,5,4,6,3,6,-1.112351,0.37464035,1.383326,0.51824972,0.86507624
-17.510652,0.67488133,0.72482342,2,3,0,18.916028,0.61272061,1.4919595,0.91415434,0.57780517,-1.6913669,-1.8669191,-1.464731,-1.0770885,-1.3651419,-1.5224099,-1.8669191,-1.4713934,-1.4041719,-2.2978035,8,5,6,8,4,6,4,5,3,7,4,7,3,6,3,1,6,5,4,7,-0.44434197,0.56836198,3.7067933,2.1068004,1.5999929
-16.258014,0.95287832,0.72482342,2,3,0,17.823988,0.74951819,2.146036,1.608493,0.53754299,-1.5572341,-1.6303895,-1.3925795,-0.74342255,-1.1867694,-1.4081558,-1.6303895,-1.4964954,-1.3183563,-2.1048695,8,2,2,7,8,5,5,3,2,7,3,4,2,6,8,4,5,5,4,6,-0.88028148,0.64333525,0.80713048,0.51925549,0.28787499
-16.178483,0.96780913,0.72482342,2,3,0,16.562107,0.8351211,2.1763112,1.8174834,0.3588278,-1.4936871,-1.4891886,-1.3913328,-0.54051411,-1.1232801,-1.3905239,-1.4891886,-1.5712362,-1.308045,-1.967734,3,4,4,5,6,4,4,2,4,8,3,1,3,7,7,4,2,4,5,7,-1.2086609,0.5267056,3.8495008,2.0275536,1.8219472
-16.319962,0.98212723,0.72482342,2,3,0,16.391478,0.82562843,1.810715,1.4949778,0.31573722,-1.5167627,-1.5105639,-1.4173532,-0.57807921,-1.1529926,-1.4178106,-1.5105639,-1.5789168,-1.3348675,-1.9718947,4,4,3,4,7,5,3,5,2,6,5,6,7,8,7,5,2,5,2,6,-0.98570175,0.52994006,2.5529116,1.3528901,1.2000214
-16.67108,0.96866474,0.72482342,2,3,0,16.81175,0.71917695,1.6065464,1.1553912,0.45115527,-1.6020867,-1.6817768,-1.4380779,-0.82890775,-1.2479959,-1.4600436,-1.6817768,-1.5110471,-1.3661866,-2.1238175,5,4,7,7,6,1,6,4,3,6,4,2,3,7,8,5,6,4,5,6,-0.60377195,0.26885215,1.9095235,0.5133795,1.396144
-16.318197,0.99807802,0.72482342,3,7,0,16.769267,0.86948626,2.6409632,2.2962812,0.34468199,-1.4545567,-1.4289794,-1.3698045,-0.443964,-1.0828302,-1.3653313,-1.4289794,-1.5948509,-1.2831656,-1.9248803,4,3,3,7,5,3,4,5,4,6,4,2,4,7,4,5,4,5,3,5,-1.7358692,0.60579689,2.4020403,1.4551485,0.94689174
-17.1919,0.90254647,0.72482342,2,3,0,17.455656,0.93240904,2.9814162,2.7798995,0.20151678,-1.4045405,-1.3310542,-1.3662684,-0.2848024,-1.0510135,-1.3601084,-1.3310542,-1.6707529,-1.2739633,-1.8369773,3,3,5,7,5,5,6,4,3,8,3,4,3,8,7,3,3,6,3,8,-2.6094982,0.28588937,3.0832752,0.88147559,2.2017996
-18.082844,0.8117375,0.72482342,2,3,0,20.761993,0.76318784,5.8629288,4.474516,1.3884128,-1.4995084,-1.6086944,-1.294255,-0.67401807,-1.0951123,-1.309146,-1.6086944,-1.4352931,-1.2201634,-2.169039,4,5,3,8,5,4,3,2,4,6,6,2,4,8,7,7,4,3,3,8,-4.2268298,0.90841186,2.812922,2.5552917,0.25763029
-20.611487,0.75705619,0.72482342,2,3,0,21.105961,0.51729515,5.6178886,2.9061065,2.7117821,-1.7702157,-2.1897707,-1.3514267,-1.361584,-1.4417875,-1.4940281,-2.1897707,-1.2995548,-1.3128549,-2.8580912,4,7,3,4,6,4,2,5,3,7,5,3,6,8,5,6,1,5,4,7,-3.6808671,0.61385143,1.4733849,0.90443942,0.56894546
-17.656121,1,0.72482342,2,3,0,21.399778,0.89991884,4.8780781,4.3898744,0.48820371,-1.394679,-1.3609651,-1.3164814,-0.32790915,-1.0147588,-1.3096372,-1.3609651,-1.6085065,-1.2263884,-1.8974339,6,3,6,8,8,5,5,6,3,2,7,1,3,8,7,6,5,4,1,7,-4.0159235,0.93621705,2.1910467,2.0512953,0.13975142
-18.738577,0.89782975,0.72482342,2,3,0,19.834691,0.64943262,5.5344348,3.5942425,1.9401923,-1.6148488,-1.8562809,-1.31181,-0.98425247,-1.2327404,-1.3712167,-1.8562809,-1.3488938,-1.2535781,-2.4429198,6,4,5,5,6,4,3,2,3,8,4,4,4,6,7,7,2,4,2,8,-3.6968856,0.29561252,3.931961,1.1623369,2.7696241
-17.143841,0.97021684,0.72482342,2,3,0,19.370929,0.86889404,4.467528,3.8818085,0.58571954,-1.4216776,-1.4141865,-1.3184688,-0.41042742,-1.0339548,-1.313508,-1.4141865,-1.5685412,-1.2315936,-1.9468684,7,4,3,8,6,3,7,4,2,7,7,2,5,7,8,6,4,3,3,7,-3.3949797,0.74604259,1.3280626,0.99079129,0.33727135
-17.278347,0.99926119,0.72482342,2,3,0,17.672856,0.78290608,4.788637,3.749053,1.039584,-1.4882732,-1.5688916,-1.3079035,-0.6274223,-1.0883758,-1.3171964,-1.5688916,-1.4648859,-1.2310504,-2.1124861,4,2,6,7,3,4,5,2,1,7,4,2,3,8,8,6,4,4,3,5,-3.2970479,0.37712992,3.0879809,1.16457,1.9234109
-18.350144,0.83047241,0.72482342,1,1,0,18.357814,0.74000111,6.0699782,4.4917906,1.5781876,-1.5204943,-1.6570667,-1.2933129,-0.73554107,-1.1172384,-1.3155003,-1.6570667,-1.411717,-1.2224056,-2.2242827,3,4,4,8,6,5,6,6,1,7,7,1,4,7,8,3,2,7,4,4,-4.3506913,0.4904307,1.8025954,0.88404814,0.91854729
-16.21924,0.9996029,0.72482342,3,7,0,18.076717,0.8395255,2.8004391,2.35104,0.44939907,-1.4710608,-1.4743519,-1.3602178,-0.51115212,-1.0917712,-1.3587513,-1.4743519,-1.556958,-1.2765497,-1.9743272,3,4,7,5,4,5,3,4,7,6,4,4,3,7,5,5,4,4,2,8,-1.694985,0.20846587,2.4636488,0.51358669,1.9500621
-16.198567,0.96853032,0.72482342,2,3,0,16.559303,0.84668899,2.5683159,2.1745648,0.39375112,-1.4723243,-1.465455,-1.3709225,-0.50024485,-1.097195,-1.3686408,-1.465455,-1.5707397,-1.2865195,-1.9585182,4,2,6,6,5,3,8,3,5,8,2,2,5,7,8,5,4,5,3,8,-1.544094,0.2421325,1.8640036,0.45133585,1.4126678
-16.513196,0.91607678,0.72482342,1,3,0,17.133114,0.7040782,1.9867822,1.3988501,0.58793216,-1.5985139,-1.7104857,-1.4067649,-0.85548702,-1.2374449,-1.4349291,-1.7104857,-1.4738933,-1.3374663,-2.1765537,5,5,6,7,6,4,2,3,5,8,6,1,3,7,5,5,2,7,3,8,-0.68916208,0.26393638,2.0208356,0.53337203,1.4874635
-17.196529,0.7443354,0.72482342,3,7,0,18.155708,0.92885169,3.2190669,2.9900357,0.22903116,-1.40082,-1.332218,-1.3576594,-0.28636979,-1.0435691,-1.3512918,-1.332218,-1.6630165,-1.2655158,-1.8431824,4,2,4,8,5,8,1,6,3,5,4,2,6,8,8,2,3,5,2,7,-2.7729644,0.81870731,0.91532791,0.74938565,0.16594226
-17.41139,0.87503158,0.72482342,2,3,0,19.039559,0.65869945,3.7378009,2.4620874,1.2757135,-1.6128795,-1.8207327,-1.3401623,-0.95968534,-1.2387262,-1.3916612,-1.8207327,-1.3819772,-1.2792362,-2.3644792,7,3,4,7,6,3,3,4,2,3,3,4,2,5,5,3,2,4,2,8,-2.027135,0.59343515,4.5407505,2.694641,1.8461096
-17.425913,1,0.72482342,3,7,0,17.707132,0.92149233,1.5316937,1.411444,0.1202497,-1.4793579,-1.3915664,-1.453843,-0.38714893,-1.1418777,-1.4486466,-1.3915664,-1.6931254,-1.3633401,-1.8464338,3,5,2,8,6,3,3,4,6,5,3,2,2,7,6,6,7,8,3,5,-1.6290615,0.77189978,2.6147214,2.0183029,0.59641852
-16.70644,0.98846831,0.72482342,3,7,0,17.770385,0.7048244,1.6433762,1.1582916,0.48508456,-1.6111366,-1.7062612,-1.4356172,-0.86090636,-1.2582979,-1.4618896,-1.7062612,-1.4992439,-1.3653852,-2.1502845,3,6,5,5,2,4,5,1,4,8,5,4,2,8,7,5,5,6,2,4,-0.57791761,0.14839875,2.3377746,0.34692282,1.9908518
-16.467766,0.90509853,0.72482342,3,7,0,18.204564,0.84195115,1.6906616,1.4234545,0.26720712,-1.5132442,-1.4897664,-1.4289838,-0.5480173,-1.1539978,-1.4275061,-1.4897664,-1.601199,-1.3449233,-1.946095,4,4,7,7,4,4,7,7,5,8,5,1,5,8,4,5,1,5,4,7,-1.0325025,0.082896094,2.3459569,0.19447066,2.1514862
-16.322653,1,0.72482342,1,1,0,16.450028,0.83696128,1.8473085,1.5461257,0.30118281,-1.5074351,-1.4928597,-1.4149282,-0.55060247,-1.1438971,-1.4139603,-1.4928597,-1.5877345,-1.3313809,-1.9568583,7,4,4,8,5,4,3,2,3,5,6,3,2,8,8,5,4,3,4,5,-1.0521209,0.54386854,0.82612713,0.44930456,0.37682257
-16.145304,0.99861748,0.72482342,3,7,0,16.324232,0.80925105,2.1664163,1.7531747,0.41324163,-1.5120627,-1.5301598,-1.390767,-0.60133477,-1.1397712,-1.3937384,-1.5301598,-1.5463795,-1.3100921,-2.0071436,5,2,6,5,7,6,6,4,3,6,4,2,4,8,7,4,3,4,1,7,-1.0883261,0.59915768,2.0072315,1.2026482,0.80458334
-16.49654,0.92162126,0.72482342,2,3,0,16.719508,0.88677488,2.0820843,1.8463401,0.23574424,-1.4643462,-1.4148953,-1.4023188,-0.42581512,-1.1053468,-1.3971401,-1.4148953,-1.630663,-1.3142599,-1.8925089,5,1,6,8,8,3,2,4,2,6,4,6,2,8,8,3,5,5,2,6,-1.4691784,0.87523718,1.6952908,1.4837815,0.21150926
-16.70286,0.98863422,0.72482342,3,7,0,16.967587,0.85847512,1.5541256,1.3341781,0.21994743,-1.5125089,-1.4714576,-1.4439369,-0.52077136,-1.1590572,-1.4409918,-1.4714576,-1.6255894,-1.3583814,-1.9216772,7,3,5,4,8,3,4,7,4,8,6,2,4,8,7,7,2,5,5,7,-1.1100664,0.48929974,3.3295419,1.629144,1.7003979
-16.594319,1,0.72482342,1,1,0,16.734333,0.8506148,1.6075276,1.3673868,0.24014083,-1.5133758,-1.4802498,-1.4377342,-0.53417292,-1.1573613,-1.4354335,-1.4802498,-1.6145808,-1.3528732,-1.9327695,5,5,3,3,3,8,3,5,1,6,5,3,3,6,7,4,2,4,1,8,-1.0671929,0.46534026,0.90127121,0.41939778,0.48187343
-18.04236,0.87950531,0.72482342,2,3,0,18.310161,0.92206511,1.2325043,1.1364492,0.096055085,-1.5090857,-1.411854,-1.4921381,-0.41924886,-1.1792289,-1.4874027,-1.411854,-1.712389,-1.4017792,-1.848602,6,5,4,6,7,1,3,2,5,8,4,5,1,8,5,4,4,7,1,8,-1.7448048,0.24293054,1.6803698,0.40821314,1.2721566
-16.775544,0.97326941,0.72482342,3,7,0,17.945821,0.7488761,3.7691702,2.8226415,0.94652873,-1.5274623,-1.6341988,-1.3287947,-0.72305527,-1.1362549,-1.3467335,-1.6341988,-1.4468979,-1.2559345,-2.1628293,4,6,5,8,6,4,3,5,7,5,4,4,6,8,6,5,2,6,2,7,-2.2350482,0.2868538,1.5577653,0.44685091,1.1109144
-16.124701,0.97742307,0.72482342,1,3,0,17.043439,0.8088318,2.4029819,1.9436082,0.45937373,-1.5043519,-1.5284147,-1.3770879,-0.59513399,-1.1279012,-1.3802067,-1.5284147,-1.5368512,-1.296564,-2.01482,2,2,5,6,4,3,3,7,4,7,5,4,6,6,7,4,2,6,2,6,-1.2448991,0.61621291,1.4638097,0.90201843,0.56179127
-16.349115,0.93752708,0.72482342,2,3,0,16.71202,0.77224599,1.7770229,1.3722988,0.40472409,-1.554974,-1.5939976,-1.4194497,-0.70123919,-1.1911668,-1.429035,-1.5939976,-1.5352519,-1.3422748,-2.049868,1,4,6,6,6,5,6,5,4,8,8,2,4,7,8,3,3,7,4,8,-0.77485875,0.40107089,2.3472985,0.94143311,1.4058654
-16.542411,0.96863398,0.72482342,3,7,0,16.7614,0.72259116,1.7369215,1.2550841,0.48183737,-1.5933604,-1.6763803,-1.4253044,-0.81724748,-1.235239,-1.4468965,-1.6763803,-1.5026954,-1.3533651,-2.1273802,7,3,4,4,4,6,4,4,3,8,3,4,3,5,6,8,4,7,5,8,-0.63310132,0.55990271,1.8638753,1.0435889,0.82028649
-16.594673,0.98869138,0.72482342,2,3,0,16.750557,0.6886588,2.0439985,1.4076176,0.63638097,-1.6095103,-1.7393822,-1.4044427,-0.89178736,-1.2501853,-1.4379787,-1.7393822,-1.4610794,-1.3370732,-2.2091227,5,4,6,8,6,3,7,2,3,8,5,3,6,7,7,2,2,4,1,8,-0.6897621,0.52268719,3.4256817,1.79056,1.6351218
-16.794345,0.95277276,0.72482342,2,3,0,17.114324,0.90813659,3.0679778,2.7861429,0.28183489,-1.4175723,-1.3645337,-1.358657,-0.33975594,-1.0528045,-1.3522368,-1.3645337,-1.6359514,-1.2683383,-1.8721558,4,5,6,6,7,6,5,5,4,7,5,4,4,8,6,5,2,5,2,8,-2.4050115,0.39925011,2.4196418,0.96604226,1.4535995
-16.146089,0.98620915,0.72482342,2,3,0,17.091776,0.83073343,2.3804857,1.977549,0.40293666,-1.4893747,-1.4931549,-1.3792527,-0.5437922,-1.1149865,-1.3789971,-1.4931549,-1.5594392,-1.2964437,-1.9793463,5,3,1,7,6,4,3,4,4,8,5,4,4,7,5,3,3,7,4,5,-1.3237248,0.50616199,1.9888254,1.0066678,0.9821576
-16.603093,0.91776922,0.72482342,1,3,0,16.846169,0.85904542,1.6374787,1.4066686,0.23081012,-1.5062512,-1.4674964,-1.4353985,-0.51363415,-1.1507172,-1.4323426,-1.4674964,-1.6209709,-1.3498069,-1.9224532,6,6,5,6,4,3,1,5,3,8,7,3,5,8,8,6,2,5,2,8,-1.1184322,0.078897568,0.97842209,0.077195124,0.90122697
-16.25276,1,0.72482342,2,3,0,16.677208,0.78989004,1.8894882,1.4924879,0.39700029,-1.5371797,-1.5644921,-1.4099921,-0.65630733,-1.1702455,-1.4162195,-1.5644921,-1.54272,-1.3311202,-2.0275261,6,3,2,6,8,4,6,2,6,7,7,5,1,8,4,5,5,1,1,8,-0.87278549,0.73005571,2.3090459,1.6857321,0.62331376
-16.463901,0.97412143,0.72482342,2,3,0,16.578355,0.77477445,1.6394233,1.2701833,0.36924001,-1.5604463,-1.5915844,-1.4322286,-0.70121151,-1.2001627,-1.4410573,-1.5915844,-1.5468867,-1.3545953,-2.0393948,5,5,6,5,5,5,4,4,4,8,7,2,6,6,6,4,1,3,4,3,-0.75325768,0.2031377,2.0474458,0.41591343,1.6315324
-17.468403,0.89688895,0.72482342,2,3,0,17.730496,0.84445681,5.1239985,4.3269954,0.79700305,-1.4342519,-1.4540354,-1.3055723,-0.46588016,-1.0377374,-1.3032145,-1.4540354,-1.5319943,-1.2213266,-1.9963728,4,5,5,7,5,4,2,2,4,8,6,3,3,8,6,4,2,5,2,5,-3.8680243,0.34405942,1.5769475,0.54256363,1.0343838
-18.288447,0.88904836,0.72482342,1,1,0,18.354878,0.88045655,6.1022921,5.372803,0.72948907,-1.3991913,-1.3883584,-1.2984222,-0.36624389,-1.0076293,-1.2923099,-1.3883584,-1.5746392,-1.2101257,-1.9375992,4,3,2,8,4,1,4,5,7,8,6,3,5,8,6,4,3,4,1,7,-4.9828439,0.70199918,1.6815585,1.1804527,0.50110581
-17.803966,0.92588423,0.72482342,2,3,0,20.402873,0.95148078,1.9035347,1.8111767,0.092358014,-1.4372159,-1.3364315,-1.4257698,-0.29208912,-1.1054238,-1.4211372,-1.3364315,-1.715937,-1.3328788,-1.8106703,3,5,5,7,5,3,6,2,5,6,5,1,3,8,7,7,2,5,1,7,-2.1581631,0.19176036,0.92188966,0.17678189,0.74510777
-18.611403,0.92246636,0.72482342,2,3,0,18.748921,0.56611028,3.9300584,2.2248464,1.7052119,-1.7111776,-2.0376346,-1.3588114,-1.2122146,-1.3681637,-1.4607561,-2.0376346,-1.3372316,-1.3111047,-2.6221596,5,3,5,7,7,4,6,2,5,6,4,4,3,8,5,5,4,3,5,5,-2.1192371,0.66159911,0.88365257,0.58462375,0.29902882
-16.927357,1,0.72482342,1,1,0,18.216842,0.67059012,3.0490472,2.0446609,1.0043863,-1.6073696,-1.787725,-1.3579939,-0.92991907,-1.2367691,-1.4023578,-1.787725,-1.4069307,-1.2946491,-2.3061548,6,3,5,6,5,3,2,5,4,7,6,3,4,8,7,2,7,3,2,8,-1.4145421,0.60914776,2.5413908,1.5480825,0.99330827
-16.345689,1,0.72482342,2,7,0,16.845048,0.87557687,2.3766548,2.080944,0.29571082,-1.4592238,-1.4242951,-1.3834101,-0.43872909,-1.0926247,-1.378643,-1.4242951,-1.6086929,-1.2962592,-1.91206,2,1,6,3,4,6,5,3,2,7,6,3,5,8,6,3,2,2,2,8,-1.5762101,0.29894355,0.87036442,0.26018983,0.61017459
-16.196576,1,0.72482342,2,3,0,16.347121,0.76322017,2.3538784,1.7965275,0.55735092,-1.5402878,-1.6062195,-1.3797424,-0.7058292,-1.1649842,-1.3922556,-1.6062195,-1.4979363,-1.3041997,-2.0901195,4,1,4,5,6,3,3,2,5,8,4,6,4,8,6,7,3,5,2,7,-1.0540135,0.25148467,1.5621513,0.39285711,1.1692942
-16.561868,0.91916713,0.72482342,2,3,0,17.074502,0.81015729,1.5452139,1.2518663,0.29334761,-1.5428204,-1.5399259,-1.4422714,-0.62719324,-1.185118,-1.4448476,-1.5399259,-1.5824844,-1.3610589,-1.984905,8,4,3,7,5,5,3,8,4,6,8,4,2,8,5,5,4,5,1,7,-0.87439282,0.84524591,0.81625644,0.68993741,0.12631903
-16.179644,0.7632076,0.72482342,3,7,0,18.940338,0.7739527,2.1797239,1.6870032,0.49272069,-1.5374182,-1.5883174,-1.3896921,-0.68431309,-1.1647393,-1.399494,-1.5883174,-1.5144527,-1.3127902,-2.0647568,7,6,5,8,6,4,5,7,1,6,4,2,5,8,6,7,5,2,4,7,-0.97129517,0.81342875,2.8346853,2.3058145,0.52887076
-17.390925,0.59330936,0.72482342,3,7,0,19.459858,0.65580427,3.6592361,2.3997427,1.2594934,-1.6163262,-1.8262189,-1.3426152,-0.96748501,-1.2436266,-1.3952152,-1.8262189,-1.3820657,-1.2820007,-2.3683547,4,2,3,7,6,2,1,4,3,6,7,5,4,8,8,3,3,5,3,6,-1.9496151,0.79555673,0.94297968,0.75019383,0.19278585
-19.07377,0.72685745,0.72482342,3,7,0,19.854885,0.47616394,2.5093955,1.1948836,1.3145118,-1.8143513,-2.2127265,-1.4337729,-1.4406308,-1.526406,-1.5839878,-2.2127265,-1.3713144,-1.3948139,-2.7689062,5,4,3,5,4,2,5,4,3,8,6,5,5,6,4,4,5,5,5,8,-0.84560573,0.38951454,0.950176,0.37010737,0.58006863
-19.322963,1,0.72482342,3,7,0,19.432127,0.98086261,2.3386736,2.2939175,0.04475611,-1.3994248,-1.2841379,-1.4053186,-0.19989552,-1.0796226,-1.4028871,-1.2841379,-1.7492825,-1.3101395,-1.7742719,5,2,3,8,7,5,5,6,5,6,5,3,4,8,7,5,2,3,4,8,-3.3079949,0.92497557,2.0835847,1.9272649,0.15631976
-16.888027,0.94431878,0.72482342,3,7,0,19.802466,0.68880755,3.2733709,2.2547226,1.0186483,-1.5876761,-1.7523395,-1.3480122,-0.88175005,-1.2104279,-1.3857079,-1.7523395,-1.4119155,-1.2825512,-2.2755478,3,2,4,6,7,3,3,4,3,6,1,4,3,8,7,5,5,6,5,8,-1.645443,0.69150991,2.7408632,1.8953341,0.84552912
-16.63103,1,0.72482342,2,3,0,16.948542,0.69626561,2.8109858,1.9571928,0.85379304,-1.5868239,-1.7330988,-1.3632818,-0.86535537,-1.2134009,-1.3969714,-1.7330988,-1.4308335,-1.2963102,-2.238844,5,2,3,8,6,3,3,6,2,6,5,3,5,7,5,4,4,5,2,8,-1.2529209,0.89870318,2.3392328,2.102276,0.23695685
-19.024154,0.50435052,0.72482342,3,7,0,20.573049,0.97653524,3.037499,2.9662248,0.071274181,-1.3772947,-1.2708947,-1.3749033,-0.17975354,-1.0491726,-1.3718075,-1.2708947,-1.7366549,-1.2793887,-1.778098,6,3,8,6,8,4,3,4,7,8,5,4,3,8,8,7,5,6,4,7,-3.670326,0.57367761,3.1377686,1.8000676,1.337701
-19.745457,0.9784001,0.72482342,1,1,0,19.747064,0.98340756,3.2422367,3.18844,0.053796632,-1.3681141,-1.2580726,-1.3703696,-0.15709773,-1.0437219,-1.3680402,-1.2580726,-1.7466386,-1.2742751,-1.7691411,3,2,3,8,6,3,6,5,4,5,5,3,4,7,8,7,4,5,3,6,-4.1926374,0.53210676,1.6460562,0.87587762,0.77017857
-21.109892,0.993732,0.72482342,2,3,0,21.438795,0.99234952,2.7868031,2.7654827,0.021320378,-1.3763394,-1.2570451,-1.388353,-0.15267576,-1.0614572,-1.387254,-1.2570451,-1.7634175,-1.292087,-1.7587388,3,6,3,7,7,2,5,2,5,8,5,2,3,7,8,6,4,4,4,8,-4.5597072,0.37499146,2.1117879,0.79190242,1.3198854
-17.682902,0.71611325,0.72482342,2,7,0,23.679099,0.75174486,1.0571687,0.79472115,0.26244757,-1.622637,-1.6379991,-1.5136491,-0.78672534,-1.2846591,-1.5253269,-1.6379991,-1.59518,-1.436769,-2.0376654,5,3,6,8,6,5,5,5,2,6,5,4,3,8,6,7,5,4,2,7,-0.98123007,0.75899835,5.2576598,3.9905551,1.2671047
-16.731952,0.91794322,0.72482342,2,3,0,18.940671,0.90037318,3.1689027,2.853195,0.31570768,-1.4202704,-1.3747062,-1.3540101,-0.35566832,-1.051704,-1.3476919,-1.3747062,-1.6241466,-1.2643437,-1.8844943,4,2,8,7,6,5,4,6,3,6,6,2,3,8,8,3,4,6,2,6,-2.4223255,0.56674031,1.5125898,0.85724561,0.6553442
-16.44273,1,0.72482342,2,3,0,16.891036,0.88360927,2.1625162,1.9108194,0.25169685,-1.4626577,-1.4172992,-1.3967419,-0.42917216,-1.1014553,-1.3916528,-1.4172992,-1.6243712,-1.3089311,-1.8978252,4,3,7,7,4,4,4,5,3,8,6,4,3,7,7,4,2,4,3,7,-1.4920541,0.4041283,1.307531,0.52841027,0.7791207
-16.314365,0.95646086,0.72482342,2,7,0,16.968271,0.8237858,3.1694586,2.610955,0.55850363,-1.4746304,-1.4977903,-1.3457432,-0.54171796,-1.0891904,-1.3465027,-1.4977903,-1.5317211,-1.2637853,-2.0077004,5,5,1,7,7,5,6,4,3,7,4,4,2,6,5,5,2,5,3,6,-1.9414538,0.63339134,4.5728424,2.8963988,1.6764436
-17.075911,0.93115282,0.72482342,2,3,0,17.216605,0.83260343,1.2822942,1.0676425,0.21465164,-1.5507787,-1.5183345,-1.4762142,-0.59845562,-1.2027427,-1.4758915,-1.5183345,-1.6241113,-1.3927162,-1.9479705,7,5,2,7,5,5,4,4,4,7,4,3,4,6,6,5,2,6,2,6,-1.0484242,0.86633541,2.1006974,1.8199086,0.28078887
-16.294726,0.85758476,0.72482342,1,3,0,18.713699,0.83160815,3.0937081,2.5727528,0.52095524,-1.4702389,-1.4850223,-1.34874,-0.52394452,-1.086475,-1.3483193,-1.4850223,-1.5417845,-1.2659247,-1.9929306,4,3,5,7,6,4,2,6,3,7,4,3,3,8,5,5,4,4,2,6,-1.9098391,0.4646647,1.5020482,0.69794877,0.80409941
-16.297745,0.97334694,0.72482342,3,7,0,16.656031,0.78272818,1.8273457,1.430315,0.39703073,-1.5451252,-1.5766609,-1.4150407,-0.67520771,-1.1797412,-1.422574,-1.5766609,-1.5404327,-1.3368426,-2.0359738,5,3,7,3,6,7,3,6,4,7,7,1,5,7,7,3,3,2,4,7,-0.82477419,0.77455469,1.5116661,1.1708681,0.34079804
-17.269984,0.62442322,0.72482342,1,3,0,19.131567,0.93844269,2.2743797,2.134375,0.1400047,-1.4251959,-1.3392625,-1.3990301,-0.29889366,-1.0820719,-1.3934944,-1.3392625,-1.6900506,-1.3067295,-1.8262654,4,3,4,8,6,2,5,6,6,8,7,3,7,8,7,5,3,3,3,7,-2.1401148,0.25554015,5.8805937,1.5027278,4.3778659
-18.872023,0.91431892,0.72482342,2,3,0,19.07514,0.96472482,4.2798214,4.12885,0.15097147,-1.3592038,-1.2683459,-1.3409381,-0.17715015,-1.0162541,-1.3363609,-1.2683459,-1.7119102,-1.2455138,-1.7954684,6,2,5,7,5,5,6,3,4,4,3,5,4,8,7,7,3,7,1,4,-4.4259553,0.53319723,3.6749255,1.9594601,1.7154654
-16.448341,1,0.72482342,2,3,0,18.6957,0.80701724,1.6387553,1.3225038,0.31625152,-1.5387996,-1.5422612,-1.4324546,-0.62882266,-1.1783615,-1.4355545,-1.5422612,-1.5730155,-1.351634,-1.9926459,5,4,3,6,7,4,4,3,2,6,4,3,3,8,4,6,2,5,3,6,-0.86690294,0.76090164,2.227348,1.6947927,0.53255527
-16.963641,0.84920707,0.72482342,2,7,0,17.900753,0.65164556,2.731555,1.7800057,0.95154933,-1.6291896,-1.8226434,-1.3732254,-0.97971003,-1.2674525,-1.4243912,-1.8226434,-1.4073256,-1.3118479,-2.3312579,3,4,6,7,3,5,5,4,4,8,4,5,4,7,7,3,3,2,3,8,-1.1160358,0.57152137,1.4735288,0.84215321,0.63137561
-17.004289,0.91571453,0.72482342,3,7,0,18.143585,0.66537747,1.5824963,1.0529574,0.52953889,-1.6446798,-1.7742453,-1.4463254,-0.95362239,-1.301578,-1.4849391,-1.7742453,-1.4836938,-1.38026,-2.2127157,4,3,2,4,4,4,4,6,4,7,5,2,4,6,4,5,5,4,4,7,-0.50483485,0.77427123,0.94095919,0.72855763,0.21240156
-17.786077,0.86370187,0.72482342,3,7,0,18.262357,0.95098054,3.233805,3.0752857,0.15851938,-1.386961,-1.3010342,-1.36211,-0.23352039,-1.0411987,-1.3567195,-1.3010342,-1.6955758,-1.2682307,-1.8122775,2,3,1,6,4,3,2,1,4,8,5,4,5,8,6,5,2,5,4,6,-3.1352751,0.37410418,1.2353822,0.46216165,0.77322056
-16.331382,0.99762965,0.72482342,2,3,0,17.771632,0.83871075,1.8423932,1.545235,0.29715821,-1.5065654,-1.4903936,-1.4154398,-0.54689461,-1.1433348,-1.4142701,-1.4903936,-1.5896875,-1.3317266,-1.9542785,4,4,4,8,6,5,3,5,2,7,2,8,6,8,7,2,2,6,3,4,-1.0590175,0.62312431,1.2344054,0.76918804,0.4652174
-16.216776,0.99313167,0.72482342,2,3,0,16.422712,0.82402155,1.9849533,1.6356443,0.349309,-1.5092737,-1.5095593,-1.4036168,-0.57380356,-1.1415157,-1.4042972,-1.5095593,-1.5684835,-1.3213663,-1.9792498,4,4,6,7,5,2,6,6,1,8,4,6,3,6,8,3,2,7,4,8,-1.0506937,0.12176577,0.98983397,0.12052789,0.86930608
-16.943111,0.90871775,0.72482342,2,3,0,17.066064,0.89935678,1.6447052,1.4791767,0.16552843,-1.4824615,-1.4134019,-1.4390762,-0.42507826,-1.1355701,-1.4338963,-1.4134019,-1.6627177,-1.3501596,-1.8723103,6,3,3,7,7,6,3,4,3,7,3,3,2,8,8,7,1,3,3,8,-1.4103498,0.88779509,3.5055745,3.1122318,0.39334266
-16.574741,1,0.72482342,2,3,0,17.061649,0.84545734,1.6048781,1.356856,0.24802213,-1.5166889,-1.4875431,-1.4376375,-0.54567754,-1.1600756,-1.4358355,-1.4875431,-1.6098324,-1.3532317,-1.939431,4,7,6,4,3,5,5,3,7,8,6,1,3,6,4,6,3,5,5,5,-1.0391298,0.082839611,2.1859488,0.18108315,2.0048656
-17.304625,0.93319775,0.72482342,2,3,0,17.746355,0.73031217,1.20145,0.87743359,0.32401645,-1.6214787,-1.6656447,-1.4891644,-0.82148409,-1.2795878,-1.5061799,-1.6656447,-1.5614327,-1.4148505,-2.0761575,4,6,4,7,6,4,4,3,3,8,4,3,1,8,8,2,5,5,3,5,-0.76175545,0.51693984,2.8180137,1.4567436,1.3612702
-16.304396,1,0.72482342,2,3,0,17.334703,0.73893926,2.1207734,1.5671227,0.55365067,-1.5663267,-1.6489117,-1.3947705,-0.76931126,-1.1974276,-1.4130851,-1.6489117,-1.4898678,-1.32171,-2.1220826,1,3,5,6,5,3,7,2,6,7,6,5,6,8,6,4,5,3,3,8,-0.83823023,0.30347473,2.3163477,0.70295299,1.6133947
-16.253613,0.98963978,0.72482342,2,3,0,16.436839,0.85509648,2.7119877,2.3190111,0.39297657,-1.4623669,-1.4503784,-1.3652089,-0.47609878,-1.0867342,-1.3619847,-1.4503784,-1.5765006,-1.2799616,-1.9480297,5,2,4,2,8,5,6,1,3,8,5,7,4,8,8,6,5,7,3,7,-1.7054245,0.029580455,1.9577127,0.057910031,1.8998026
-17.599675,0.88240151,0.72482342,3,7,0,17.823458,0.87175427,5.1550564,4.4939425,0.66111397,-1.4127927,-1.4063711,-1.3081909,-0.39601363,-1.0223256,-1.30287,-1.4063711,-1.5673939,-1.220929,-1.9472986,4,5,3,5,4,2,5,4,7,8,6,6,3,8,7,8,2,4,2,8,-4.0580422,0.10760196,0.98173455,0.10563656,0.876098
-16.234289,0.95665895,0.72482342,2,3,0,18.411907,0.75281725,2.2452921,1.6902946,0.55499747,-1.5515803,-1.6245754,-1.3863158,-0.73327427,-1.1789496,-1.4012401,-1.6245754,-1.4942952,-1.31184,-2.1037236,7,6,7,6,5,3,5,4,4,8,6,2,3,7,7,3,2,6,3,7,-0.95119527,0.092313297,3.5010987,0.32319796,3.1779007
-16.788108,0.76084931,0.72482342,2,7,0,17.806238,0.90278329,1.8623371,1.6812868,0.18105029,-1.4663809,-1.3999862,-1.4204422,-0.40226586,-1.1159825,-1.4149512,-1.3999862,-1.657089,-1.331151,-1.869498,5,5,5,6,5,4,5,3,2,7,5,1,6,8,7,6,3,6,2,6,-1.4991211,0.11481462,2.5226278,0.28963454,2.2329932
-17.493469,0.97517891,0.72482342,3,7,0,17.516041,0.94666592,2.6506805,2.5093089,0.14137161,-1.4060342,-1.3183903,-1.3822421,-0.26319516,-1.0628045,-1.3768535,-1.3183903,-1.6952811,-1.2890603,-1.816533,1,4,3,7,5,6,6,4,4,6,7,5,5,8,8,4,2,7,5,7,-2.5535121,0.50781388,3.6343984,1.845598,1.7888004
-18.440049,0.95569319,0.72482342,3,7,0,18.755256,0.51624707,1.6100279,0.83117218,0.77885571,-1.7749212,-2.0637122,-1.4766232,-1.3103361,-1.4816018,-1.5836928,-2.0637122,-1.4372483,-1.4279502,-2.5174302,4,1,6,7,6,7,2,8,4,8,3,6,4,8,6,3,4,4,3,7,-0.39172164,0.86992924,3.1834312,2.7693598,0.41407132
-19.388335,0.96148615,0.72482342,2,3,0,19.667857,0.45823786,1.3722242,0.62880506,0.74341911,-1.8335358,-2.1626047,-1.5203464,-1.4408942,-1.5717611,-1.6545257,-2.1626047,-1.4630331,-1.4763669,-2.598213,6,3,4,7,5,2,5,5,3,3,2,5,3,8,6,7,5,3,1,8,-0.4275872,0.69624706,0.96381803,0.67105547,0.29276257
-19.604367,0.55749096,0.72482342,2,7,0,24.35196,0.87553869,0.75651527,0.66235839,0.094156879,-1.6106783,-1.5172857,-1.5900341,-0.59365857,-1.2893101,-1.5872264,-1.5172857,-1.7327601,-1.5025059,-1.9059702,5,5,6,7,6,1,5,6,4,8,3,2,2,8,6,7,3,4,5,6,-2.2619425,0.62938696,2.7802748,1.7498687,1.0304061
-19.042244,1,0.72482342,1,1,0,19.838113,0.87753055,0.84309214,0.73983911,0.10325303,-1.5905929,-1.5022698,-1.5653701,-0.57051963,-1.2652779,-1.562269,-1.5022698,-1.7177926,-1.4778878,-1.9004964,5,4,5,8,7,7,1,3,4,7,6,2,3,6,4,6,3,4,1,4,-1.9862815,0.91108455,1.7421715,1.5872655,0.15490595
-19.672763,0.91733606,0.72482342,1,1,0,20.035212,0.90760747,0.80117241,0.72715007,0.074022344,-1.5868991,-1.4782153,-1.5795733,-0.52472391,-1.2682671,-1.5758198,-1.4782153,-1.7489977,-1.4900721,-1.8768284,4,2,6,7,7,6,4,4,4,8,3,1,3,8,8,4,6,4,8,8,-2.3648195,0.54675378,2.4697251,1.3503315,1.1193936
-19.290011,1,0.72482342,2,7,0,20.635205,0.81448516,0.7515751,0.61214676,0.13942833,-1.6389369,-1.5822221,-1.5887949,-0.70550366,-1.3144184,-1.590401,-1.5822221,-1.6929422,-1.5055214,-1.9595476,6,6,2,8,7,2,2,2,4,8,3,3,2,8,7,7,6,6,3,8,-1.9540972,0.67284164,1.8621881,1.2529577,0.60923042
-17.090248,1,0.72482342,2,3,0,19.655317,0.73750963,4.1903389,3.0904153,1.0999236,-1.5337047,-1.6578728,-1.3202428,-0.74975667,-1.1404376,-1.3420478,-1.6578728,-1.4300125,-1.2490515,-2.1970649,5,4,8,8,2,7,4,5,4,6,8,3,4,8,7,6,3,4,4,8,-2.6029487,0.58616042,2.2273099,1.3055609,0.92174898
-16.270803,1,0.72482342,2,3,0,17.004946,0.86088687,2.6528109,2.2837701,0.36904085,-1.460043,-1.4420807,-1.3683549,-0.46400298,-1.0863042,-1.3645963,-1.4420807,-1.5845507,-1.2825434,-1.9381131,7,2,3,6,5,5,7,1,3,8,5,2,5,8,8,5,3,4,3,4,-1.6914932,0.48939173,1.4718226,0.72029781,0.75152479
-16.73469,0.9548323,0.72482342,2,3,0,16.867238,0.71131301,1.5809546,1.1245535,0.45640101,-1.6092539,-1.6948641,-1.441364,-0.84768477,-1.2571035,-1.4654071,-1.6948641,-1.5085236,-1.3702477,-2.1346742,6,4,2,6,7,7,5,5,3,7,7,5,4,7,7,6,4,4,1,7,-0.58567696,0.61673948,1.0570879,0.65194785,0.40514005
-17.252317,0.92605052,0.72482342,2,3,0,17.752175,0.8394588,1.2211616,1.0251149,0.19604675,-1.553191,-1.5125932,-1.4857805,-0.59004267,-1.2079022,-1.4847767,-1.5125932,-1.6360599,-1.4016422,-1.9385206,7,6,4,6,6,3,4,6,4,8,5,4,3,6,7,5,4,7,2,1,-1.1248148,0.31972186,5.2598993,1.6817048,3.5781945
-16.327703,0.9578749,0.72482342,2,3,0,18.216823,0.87305145,2.4960453,2.179176,0.31686933,-1.4567296,-1.4258869,-1.3770015,-0.44029823,-1.0877962,-1.3723382,-1.4258869,-1.6025722,-1.2900563,-1.9174589,3,4,6,5,2,4,5,4,3,8,5,4,5,7,6,5,2,8,3,8,-1.6466517,0.19023396,1.3637949,0.25944012,1.1043548
-16.753027,0.84165397,0.72482342,2,3,0,18.088954,0.83369526,1.4483824,1.2075095,0.24087286,-1.5354049,-1.5096054,-1.4542991,-0.58235651,-1.1820207,-1.4538097,-1.5096054,-1.6103153,-1.3708526,-1.9508136,6,3,5,7,6,4,3,5,3,7,6,1,3,7,6,4,2,5,4,7,-0.98857032,0.63019417,2.6087643,1.644028,0.96473624
-16.492032,1,0.72482342,3,7,0,16.799275,0.77798074,1.6084779,1.2513648,0.35711306,-1.560042,-1.5870383,-1.435313,-0.69542169,-1.2005088,-1.4434557,-1.5870383,-1.5517037,-1.3573096,-2.0331547,1,4,4,7,6,4,7,3,7,8,5,3,6,7,7,5,3,1,5,7,-0.76028983,0.39385707,1.1740349,0.46240194,0.71163295
-16.434925,0.82997019,0.72482342,3,7,0,18.538944,0.77550182,1.6676171,1.2932401,0.37437701,-1.5583649,-1.5900689,-1.4294548,-0.69831167,-1.1972789,-1.4381868,-1.5900689,-1.5453613,-1.35179,-2.0396746,3,3,4,4,3,4,2,4,4,7,4,4,5,8,7,5,1,6,2,8,-0.75962742,0.51944341,2.6266716,1.3644073,1.2622644
-16.6148,0.97386131,0.72482342,1,1,0,16.624628,0.75451777,1.5432845,1.1644355,0.37884892,-1.5801185,-1.6245612,-1.4427586,-0.75111692,-1.2238462,-1.4556606,-1.6245612,-1.5398065,-1.3670117,-2.0645076,7,2,4,8,7,6,3,4,2,5,4,5,7,7,5,7,4,3,3,6,-0.68855677,0.98496713,1.4545622,1.4326959,0.021866247
-16.302715,0.9977395,0.72482342,3,7,0,16.679118,0.83141198,3.1156859,2.5904186,0.52526731,-1.4699403,-1.4852006,-1.3479801,-0.52399496,-1.0859135,-1.3475865,-1.4852006,-1.5411231,-1.2651874,-1.9936679,6,5,2,3,3,2,4,3,3,8,6,2,2,6,6,7,4,3,2,7,-1.9284419,0.43739444,2.1253265,0.929606,1.1957205
-16.519706,0.97071136,0.72482342,2,3,0,16.674836,0.78568745,3.5457513,2.7858523,0.75989901,-1.4987016,-1.5641637,-1.3335208,-0.63122726,-1.1077201,-1.3417089,-1.5641637,-1.4851488,-1.2560228,-2.0845161,2,6,5,6,7,3,3,5,5,8,5,2,6,7,5,8,3,5,4,7,-2.1370461,0.17392961,2.2339928,0.38855749,1.8454353
-16.455288,0.98771532,0.72482342,2,3,0,16.78855,0.8385611,3.4390132,2.8838227,0.55519051,-1.4585997,-1.471053,-1.3384618,-0.50055532,-1.0722953,-1.3370435,-1.471053,-1.5433161,-1.2549087,-1.9869683,6,4,1,7,6,4,4,4,5,7,6,4,6,8,6,5,2,6,4,5,-2.2565219,0.82890014,1.0326818,0.8559901,0.17669171
-16.193079,0.97589553,0.72482342,3,7,0,16.818121,0.84672965,2.3258333,1.969352,0.35648128,-1.4801998,-1.4688364,-1.3833411,-0.50796372,-1.1087583,-1.3811231,-1.4688364,-1.5780165,-1.2989297,-1.9536298,3,4,7,5,4,5,5,4,6,7,5,5,3,7,5,5,4,4,4,6,-1.3655965,0.14618215,1.4963634,0.21874163,1.2776218
-16.158072,0.88311539,0.72482342,2,3,0,17.630331,0.77812436,2.3169842,1.8029018,0.51408235,-1.529878,-1.5805649,-1.3814948,-0.67081867,-1.1545623,-1.3905375,-1.5805649,-1.5120434,-1.3042515,-2.0630216,4,7,6,8,5,5,3,5,4,5,7,6,3,6,7,7,3,4,1,7,-1.0740936,0.46571301,1.1877152,0.55313444,0.63458078
-16.280768,0.96509348,0.72482342,2,3,0,16.515014,0.80534445,1.8348978,1.4777247,0.35717304,-1.5290751,-1.5409814,-1.4146191,-0.62306644,-1.1636178,-1.4180921,-1.5409814,-1.5591757,-1.3341323,-2.0021304,8,5,8,8,8,3,2,7,1,7,7,5,5,8,7,3,4,4,6,6,-0.90887608,0.81367994,1.3658215,1.1113415,0.25447994
-17.235997,0.72655455,0.72482342,1,3,0,19.245761,0.91112239,3.9427229,3.5923031,0.35041979,-1.3986304,-1.349986,-1.3353665,-0.31343127,-1.0282811,-1.3285696,-1.349986,-1.6309386,-1.244462,-1.873834,3,5,7,5,7,5,4,3,5,6,6,3,4,8,8,7,3,5,6,5,-3.2408101,0.45250713,6.2434228,2.8251933,3.4182295
-17.049805,0.99512671,0.72482342,3,7,0,17.822083,0.65882023,3.090336,2.0359759,1.0543601,-1.6181891,-1.8128906,-1.3585431,-0.96038688,-1.2501625,-1.408029,-1.8128906,-1.3988564,-1.2968062,-2.3350376,5,2,6,8,7,4,2,3,5,6,7,6,2,6,4,5,2,5,5,6,-1.4336429,0.70829719,2.0755624,1.470115,0.6054474
-16.666402,0.73225024,0.72482342,2,3,0,19.198803,0.90664537,2.5914746,2.3495484,0.24192615,-1.4320254,-1.3748415,-1.377179,-0.35831208,-1.0718049,-1.3710419,-1.3748415,-1.6417895,-1.2872012,-1.8703807,7,4,3,8,6,6,3,4,1,8,8,3,5,7,6,6,5,4,2,8,-1.9898574,0.66094751,1.5919801,1.0522153,0.53976482
-16.312876,0.99857405,0.72482342,2,3,0,16.746144,0.86329847,2.1036745,1.816099,0.28757553,-1.4780813,-1.4480991,-1.3982431,-0.47838905,-1.1133163,-1.394534,-1.4480991,-1.6035975,-1.3122672,-1.9252089,8,4,4,8,5,6,6,2,2,4,6,2,5,8,8,5,2,7,4,6,-1.3197759,0.67004324,2.1463812,1.4381682,0.70821297
-18.552782,0.8062383,0.72482342,2,3,0,18.666345,0.8808303,6.4905034,5.7170321,0.77347137,-1.3965825,-1.3866508,-1.2948408,-0.36273329,-1.0039156,-1.2886554,-1.3866508,-1.5736513,-1.2064637,-1.9388455,7,1,4,7,6,4,1,3,2,6,5,2,3,7,8,6,3,5,2,7,-5.3300353,0.49165572,1.7449269,0.8579033,0.88702361
-17.81635,1,0.72482342,1,1,0,18.516733,0.86412167,5.5433092,4.7900936,0.75321558,-1.4155657,-1.4182145,-1.3022776,-0.41217097,-1.0214268,-1.2975943,-1.4182145,-1.5548073,-1.2158037,-1.9636349,6,4,8,7,3,5,4,3,4,8,7,2,3,8,6,6,4,7,5,5,-4.3671947,0.34615468,5.2442396,1.8153181,3.4289215
-17.708555,1,0.72482342,3,7,0,18.036463,0.70126753,1.0959452,0.76855077,0.32739441,-1.6503999,-1.7100863,-1.5093305,-0.88908743,-1.3171867,-1.5326952,-1.7100863,-1.561557,-1.4373505,-2.1069216,4,5,7,6,4,6,7,3,4,8,8,1,5,8,5,5,7,3,3,6,-0.81239844,0.39983842,1.6691436,0.66738775,1.0017559
-16.586059,0.96247709,0.72482342,3,7,0,18.386153,0.80487381,3.7310366,3.0030137,0.72802294,-1.4804954,-1.5288198,-1.3289974,-0.58053479,-1.0883464,-1.3331751,-1.5288198,-1.5014997,-1.2492715,-2.0521083,2,4,5,7,5,1,4,3,4,6,5,2,4,8,5,6,2,8,5,8,-2.3794981,0.48340409,2.5200624,1.2182085,1.3018539
-16.684851,0.85571367,0.72482342,3,7,0,17.742452,0.87525948,1.6619606,1.4546467,0.20731383,-1.4949919,-1.4444516,-1.4345463,-0.47636695,-1.1418381,-1.4303345,-1.4444516,-1.6360302,-1.3475729,-1.9021659,3,5,7,7,5,2,4,4,3,8,5,4,2,8,7,5,2,4,3,5,-1.2253447,0.21125995,3.1366018,0.66263833,2.4739634
-16.452249,0.91940011,0.72482342,3,7,0,17.619604,0.84809144,1.7330565,1.4697903,0.26326612,-1.5068193,-1.4797233,-1.4254976,-0.53183322,-1.1473089,-1.4233689,-1.4797233,-1.6046996,-1.3408925,-1.9388168,4,5,6,8,6,7,1,3,4,8,4,5,5,6,8,3,2,4,2,5,-1.074209,0.4690467,2.2441004,1.0525879,1.1915125
-16.656041,0.91674956,0.72482342,2,3,0,17.567389,0.90085834,2.9189889,2.6295955,0.28939342,-1.4260547,-1.3775108,-1.3627479,-0.36125335,-1.0601056,-1.3565376,-1.3775108,-1.6284718,-1.2731317,-1.8815549,6,4,3,8,8,2,2,5,4,6,6,2,3,8,5,6,2,5,5,8,-2.2067862,0.38893901,1.6960092,0.65964414,1.0363651
-16.135048,0.98015386,0.72482342,1,3,0,16.921204,0.82346617,2.3486948,1.9340707,0.41462409,-1.4955566,-1.5051638,-1.3805907,-0.56196962,-1.120986,-1.3813669,-1.5051638,-1.5531477,-1.298518,-1.9899447,8,2,5,8,5,4,2,4,3,5,4,4,7,4,5,3,3,5,4,7,-1.2680243,0.9099715,1.2856398,1.1698956,0.11574423
-16.252613,0.94094478,0.72482342,2,3,0,16.684798,0.79368116,2.977746,2.3633809,0.61436512,-1.5016513,-1.5509538,-1.3514442,-0.61934876,-1.1166809,-1.3576448,-1.5509538,-1.5051639,-1.2728158,-2.0562728,3,4,4,7,5,4,7,2,2,5,3,3,6,7,7,5,3,6,1,8,-1.6514435,0.19326988,3.2193476,0.62220292,2.5971447
-16.588996,0.73861747,0.72482342,3,7,0,18.565233,0.79664997,1.5197884,1.2107394,0.30904902,-1.5532617,-1.5604601,-1.4448268,-0.65851114,-1.196047,-1.4494959,-1.5604601,-1.5733898,-1.3648673,-2.0025274,3,5,6,7,8,6,4,6,4,8,4,3,5,5,8,5,5,2,4,6,-0.82355342,0.43841025,1.7240781,0.75585351,0.96822457
-16.466,0.98807478,0.72482342,3,7,0,16.856328,0.74856689,1.7050675,1.2763571,0.42871044,-1.5755348,-1.6329795,-1.4266717,-0.75824972,-1.2152072,-1.4414191,-1.6329795,-1.5226508,-1.3518661,-2.0831556,5,4,5,4,5,3,5,4,3,8,7,5,2,7,8,8,1,3,4,7,-0.68871719,0.35609849,2.259903,0.80474806,1.455155
-16.291629,0.99215298,0.72482342,2,3,0,16.57889,0.86774459,2.4066712,2.088376,0.31829528,-1.4632737,-1.43543,-1.3809393,-0.45588913,-1.0944292,-1.3767126,-1.43543,-1.5988172,-1.2945081,-1.9238897,4,5,6,6,3,4,4,3,5,8,6,2,3,8,8,3,6,6,5,8,-1.5456767,0.18748411,1.3176032,0.24702968,1.0705736
-16.501013,0.98500407,0.72482342,2,3,0,16.563424,0.70992104,1.9267094,1.3678116,0.55889786,-1.5958047,-1.6994947,-1.4106505,-0.84263327,-1.2350543,-1.4367344,-1.6994947,-1.4813602,-1.3405511,-2.1620083,6,4,6,8,8,7,1,3,4,8,6,4,3,8,8,3,3,5,3,8,-0.67283673,0.80060762,0.62900922,0.50358957,0.12541965
-17.382109,0.91821796,0.72482342,2,3,0,17.742151,0.8468779,4.9832893,4.2202376,0.76305175,-1.4335088,-1.4501362,-1.3077902,-0.46088686,-1.0381229,-1.3051255,-1.4501362,-1.5360888,-1.2232752,-1.9906399,3,6,3,5,6,5,6,4,5,7,6,1,2,7,6,6,4,6,2,5,-3.7497703,0.47604567,4.7111035,2.2427004,2.4684031
-17.431567,0.99329722,0.72482342,1,1,0,17.60317,0.85780295,5.0033185,4.2918613,0.71145713,-1.424796,-1.4309261,-1.3086154,-0.43285875,-1.0315541,-1.3046516,-1.4309261,-1.5499014,-1.2228808,-1.9709699,3,3,6,5,8,4,6,2,5,7,8,3,3,8,7,3,4,5,5,6,-3.8296657,0.33444578,1.4039053,0.46953021,0.93437509
-17.394845,1,0.72482342,3,7,0,17.695955,0.89124822,4.6052518,4.1044225,0.50082931,-1.4037761,-1.3765184,-1.3193106,-0.35280175,-1.0220366,-1.31285,-1.3765184,-1.5978494,-1.2301254,-1.9101075,5,4,4,8,7,3,4,3,4,7,7,2,5,8,7,6,3,4,2,7,-3.6863282,0.64799357,4.6694076,3.0257461,1.6436615
-16.713549,0.99730624,0.72482342,2,3,0,17.677723,0.90697621,2.8420129,2.5776381,0.2643748,-1.4242127,-1.369768,-1.3666815,-0.34908778,-1.0612703,-1.360393,-1.369768,-1.6377673,-1.2765606,-1.8720142,5,3,5,8,5,5,2,4,4,4,4,3,6,7,8,5,3,5,1,6,-2.1979988,0.58012867,1.7046759,0.98893138,0.71574457
-16.167227,1,0.72482342,2,3,0,16.675446,0.81653156,2.0946961,1.7103855,0.38431063,-1.5097257,-1.51949,-1.3956594,-0.58683076,-1.1392106,-1.3974494,-1.51949,-1.5563452,-1.3142046,-1.9937041,6,2,7,8,5,6,3,7,4,5,5,1,4,8,7,8,2,6,4,7,-1.0761229,0.8492401,4.0216106,3.415313,0.60629762
-16.336807,0.85855908,0.72482342,2,3,0,17.584879,0.82055516,3.2293194,2.6498347,0.5794847,-1.4759767,-1.5030008,-1.3436446,-0.54862756,-1.0896026,-1.3449273,-1.5030008,-1.5270506,-1.2620507,-2.0144506,3,6,2,8,6,6,2,3,2,8,5,2,3,8,7,4,4,7,4,7,-1.9810848,0.68501867,1.215153,0.8324025,0.38275051
-16.191368,0.86864424,0.72482342,3,7,0,17.510408,0.81424144,2.8252828,2.3004623,0.52482045,-1.4890777,-1.5161455,-1.3578019,-0.57184923,-1.1068537,-1.3600941,-1.5161455,-1.5295152,-1.2768287,-2.0167257,4,7,6,7,6,2,6,5,5,8,5,4,3,8,7,6,2,4,2,5,-1.6001332,0.63203762,1.0022888,0.63348425,0.36880459
-16.626674,0.94522259,0.72482342,2,3,0,16.796972,0.76497953,1.5153173,1.1591867,0.35613058,-1.57464,-1.6085413,-1.4455415,-0.72900937,-1.2184731,-1.4561111,-1.6085413,-1.549666,-1.3686797,-2.047424,7,2,2,8,4,6,3,4,6,7,7,5,2,6,7,3,2,6,5,7,-0.71968288,0.59483381,1.8063165,1.0744581,0.73185837
-16.42276,0.83069565,0.72482342,2,3,0,18.615493,0.7647893,1.7036937,1.3029667,0.400727,-1.5639504,-1.6066763,-1.4262315,-0.72116695,-1.2024221,-1.437268,-1.6066763,-1.5345864,-1.3497225,-2.0577471,5,4,2,7,7,4,3,4,2,7,7,2,6,5,3,5,5,6,5,6,-0.73368231,0.80351129,4.2931811,3.4496195,0.84356164
-16.388976,0.89023018,0.72482342,1,3,0,17.486211,0.88069143,2.5566991,2.251663,0.30503612,-1.4497329,-1.4133961,-1.3750151,-0.42027957,-1.0818862,-1.3698336,-1.4133961,-1.6101641,-1.2873474,-1.9071035,3,4,4,7,6,3,5,1,6,3,7,2,3,8,6,5,2,6,1,7,-1.746448,0.7739744,1.3663826,1.0575452,0.30883745
-17.014098,0.94978162,0.72482342,2,3,0,17.151837,0.91627174,3.3318956,3.0529218,0.27897381,-1.406309,-1.3489027,-1.3517821,-0.31353895,-1.0425046,-1.3451991,-1.3489027,-1.643935,-1.2606453,-1.8621003,4,6,3,4,6,3,5,4,6,7,5,1,3,7,6,4,3,5,6,6,-2.7261989,0.24994251,1.9708761,0.49260572,1.4782704
-16.710305,0.97366036,0.72482342,3,7,0,17.782559,0.81941623,1.4526742,1.1903448,0.26232938,-1.5437501,-1.5294154,-1.4531519,-0.61296595,-1.1892394,-1.4544046,-1.5294154,-1.5976428,-1.3709891,-1.9693826,5,2,4,8,6,7,2,5,4,7,4,2,6,4,5,3,2,4,4,8,-0.92263032,0.93277363,2.7187233,2.5359534,0.1827699
-17.058761,0.93356055,0.72482342,2,3,0,17.654972,0.78153263,1.2620854,0.9863609,0.27572448,-1.5832445,-1.5894686,-1.4781199,-0.70819115,-1.2349184,-1.4849705,-1.5894686,-1.5868119,-1.3991343,-2.0112644,3,5,3,4,5,4,5,4,2,8,4,2,2,8,5,4,5,6,5,7,-0.85831702,0.4845242,2.4937986,1.2083058,1.2854928
-17.776054,0.96946823,0.72482342,3,7,0,17.8503,0.75595689,1.0295827,0.77832014,0.25126257,-1.6234114,-1.6331921,-1.5189784,-0.7805203,-1.2863549,-1.5297235,-1.6331921,-1.6021582,-1.4416105,-2.0307427,7,2,6,8,5,3,3,4,2,8,6,7,3,7,2,4,3,3,3,6,-1.0351418,0.69259001,2.1992589,1.5231847,0.67607416
-16.190799,0.94712781,0.72482342,3,7,0,18.623605,0.78779723,2.7410606,2.1594,0.58166065,-1.5112856,-1.5621139,-1.3607362,-0.6381271,-1.1292953,-1.3680407,-1.5621139,-1.5059888,-1.2826757,-2.0602353,3,3,2,8,8,6,2,7,4,5,6,3,4,7,6,7,3,6,3,7,-1.4298036,0.8760723,0.70268432,0.61560227,0.087082051
-16.493131,0.91179123,0.72482342,1,3,0,17.109409,0.75924312,1.6419446,1.2466351,0.39530946,-1.571153,-1.616124,-1.4323313,-0.73626966,-1.2116668,-1.4444446,-1.616124,-1.5350959,-1.3562915,-2.0629689,6,8,4,4,6,5,4,3,4,7,5,2,4,8,5,5,3,7,3,7,-0.70714172,0.52655927,4.5655913,2.4040544,2.1615369
-16.173781,1,0.72482342,2,3,0,16.503254,0.77243719,2.2621929,1.7474019,0.51479098,-1.5358947,-1.5905281,-1.3847259,-0.68579741,-1.1617433,-1.3949666,-1.5905281,-1.5094964,-1.3080663,-2.0705852,5,6,7,5,3,3,4,3,6,7,6,5,3,8,7,7,1,5,2,5,-1.0192504,0.36432866,1.2511484,0.45582922,0.7953192
-16.230144,0.9562884,0.72482342,1,3,0,16.475619,0.85539248,2.3113109,1.977078,0.33423294,-1.474892,-1.4557962,-1.3848872,-0.48822901,-1.1051037,-1.3817793,-1.4557962,-1.5878546,-1.2996374,-1.9404254,5,2,3,8,8,5,3,5,2,8,5,5,4,8,7,1,2,5,6,7,-1.4036311,0.76793816,1.9106804,1.4672844,0.44339601
-16.730963,0.93388905,0.72482342,2,3,0,16.946394,0.87055447,1.59219,1.3860881,0.20610188,-1.5026438,-1.4535903,-1.4410174,-0.49167506,-1.1502743,-1.4371622,-1.4535903,-1.6351738,-1.3544429,-1.9071199,4,3,4,5,5,6,4,4,2,6,7,3,3,6,8,8,2,6,4,6,-1.1862639,0.30836129,1.1949291,0.36846987,0.82645922
-16.439721,0.9979719,0.72482342,2,7,0,16.887957,0.79457759,1.6448777,1.306983,0.33789474,-1.5466702,-1.5609116,-1.431643,-0.65636431,-1.1858613,-1.4367862,-1.5609116,-1.5621932,-1.35204,-2.0106189,4,4,5,4,2,3,5,1,1,6,6,2,5,8,8,2,1,4,2,7,-0.82075519,0.33480827,2.4090277,0.8065624,1.6024653
-16.330035,0.99868219,0.72482342,2,7,0,16.589595,0.72991727,2.301193,1.6796806,0.62151249,-1.5683313,-1.6655839,-1.3843847,-0.78762429,-1.1971388,-1.405693,-1.6655839,-1.4744589,-1.3126213,-2.1475233,3,2,3,8,5,5,6,6,3,6,6,4,4,7,7,3,4,3,6,6,-0.93066789,0.60866293,1.4168738,0.86239858,0.55447525
-16.562946,0.91556718,0.72482342,2,3,0,17.018063,0.71060186,1.7945411,1.2752043,0.51933686,-1.6001798,-1.6973462,-1.4212379,-0.84381291,-1.2424301,-1.44654,-1.6973462,-1.490849,-1.3507613,-2.1517205,6,3,4,6,4,2,3,3,1,5,7,4,5,4,5,4,6,6,2,4,-0.62387629,0.29812075,1.8435098,0.54958852,1.2939212
-16.864424,0.77837732,0.72482342,3,7,0,19.354618,0.83856453,1.394185,1.1691141,0.22507091,-1.5370171,-1.5051601,-1.461285,-0.576136,-1.185761,-1.4602872,-1.5051601,-1.6190406,-1.3773731,-1.9433374,4,3,4,8,7,6,2,5,4,7,6,1,6,6,8,5,5,2,3,8,-1.0264623,0.89998836,6.4449356,5.800367,0.64456855
-17.53353,0.89605398,0.72482342,1,1,0,17.564725,0.83042912,1.1142678,0.92532039,0.18894737,-1.570509,-1.530639,-1.5032511,-0.62012672,-1.2286775,-1.5032082,-1.530639,-1.6410206,-1.4197191,-1.9467817,4,3,5,4,7,4,5,5,1,8,5,2,3,8,8,7,4,4,4,6,-1.1868586,0.53207731,0.83811344,0.44594115,0.39217229
-16.743837,0.96170535,0.72482342,2,3,0,18.128433,0.68522812,1.741532,1.1933467,0.54818531,-1.6223337,-1.7416001,-1.4285146,-0.90454507,-1.2706079,-1.4615389,-1.7416001,-1.4800709,-1.3607535,-2.1921204,1,5,6,7,4,5,2,4,7,7,6,2,4,4,6,4,5,1,6,6,-0.56100679,0.48336011,1.3528194,0.65389893,0.69892047
-18.575179,0.70461086,0.72482342,3,7,0,19.230957,0.96692256,3.4975579,3.3818676,0.11569025,-1.37163,-1.2752398,-1.3586753,-0.18867001,-1.0340831,-1.3544768,-1.2752398,-1.7187076,-1.2634958,-1.7910691,4,4,4,6,4,1,3,2,6,7,7,4,2,6,6,8,2,5,3,6,-3.7534158,0.31633654,2.3033225,0.72862507,1.5746974
-19.022385,0.9474472,0.72482342,1,1,0,19.126126,0.96884574,4.1568667,4.0273626,0.12950409,-1.3585613,-1.2639845,-1.3443826,-0.16947118,-1.0190111,-1.3402347,-1.2639845,-1.7191532,-1.2487208,-1.7894221,6,4,7,2,5,3,5,4,4,7,5,3,5,8,7,4,3,4,2,6,-4.429767,0.18596639,0.64207439,0.11940426,0.52267013
-18.072406,1,0.72482342,2,3,0,19.505611,0.95544009,1.7485133,1.6705997,0.077913592,-1.4453106,-1.3391472,-1.4390486,-0.29536436,-1.1178155,-1.4347789,-1.3391472,-1.7255009,-1.3460544,-1.8070819,6,6,7,7,3,3,5,3,4,8,6,2,3,8,8,6,2,6,3,8,-2.1854184,0.025209262,10.612902,0.26754343,10.345359
-17.641339,0.98990849,0.72482342,3,7,0,18.972575,0.75241052,1.0688127,0.8041859,0.26462677,-1.6208907,-1.6366889,-1.5113811,-0.78437906,-1.2823236,-1.5229836,-1.6366889,-1.593733,-1.4344862,-2.0375867,4,5,7,7,4,5,2,5,6,6,4,4,5,8,6,7,4,4,1,6,-0.96628882,0.33361881,3.8714633,1.2915929,2.5798703
-18.876262,0.92989072,0.72482342,3,7,0,19.066304,0.96250564,4.4677783,4.3002618,0.16751649,-1.357935,-1.2695804,-1.3370229,-0.17931643,-1.0126821,-1.3322043,-1.2695804,-1.7076357,-1.2416803,-1.7990231,2,7,3,8,7,5,2,7,4,8,7,3,7,7,8,7,2,7,3,7,-4.5447123,0.35945276,0.97305407,0.34976697,0.62328709
-19.685403,1,0.72482342,2,3,0,20.234232,0.98136118,3.6149904,3.5476113,0.067379153,-1.3608752,-1.2543579,-1.3597162,-0.15148873,-1.0329859,-1.3570754,-1.2543579,-1.7418029,-1.2635062,-1.7717674,2,4,4,8,5,5,4,5,4,5,8,4,4,8,7,5,1,6,4,5,-4.4212353,0.82751072,3.2911881,2.7234935,0.56769467
-18.839037,0.9201373,0.72482342,2,3,0,21.935846,0.93777712,5.7134136,5.3579085,0.35550507,-1.360868,-1.2970582,-1.3137012,-0.2245303,-0.99570868,-1.3069753,-1.2970582,-1.6633568,-1.2199379,-1.8396473,4,2,2,7,8,7,5,4,4,8,7,3,5,8,7,3,2,7,3,7,-5.221736,0.83666373,1.3694734,1.1457888,0.22368468
-17.711773,1,0.72482342,1,1,0,18.730329,0.91233393,4.7160299,4.3025941,0.41343581,-1.3876843,-1.3422016,-1.3212634,-0.29892085,-1.0136121,-1.3142428,-1.3422016,-1.6276126,-1.2300271,-1.8763252,4,2,4,6,7,5,2,5,2,6,6,1,5,8,6,4,3,6,2,2,-3.9826795,0.62076772,1.3494151,0.83767334,0.51174177
-18.794912,0.97240735,0.72482342,2,3,0,19.193004,0.95756683,4.6841484,4.4853852,0.19876327,-1.3582382,-1.2746415,-1.3321762,-0.18797534,-1.0088231,-1.3268896,-1.2746415,-1.698787,-1.2371186,-1.8066922,5,5,4,7,6,3,4,4,3,8,6,3,4,8,6,5,4,6,2,5,-4.6299285,0.45442309,1.3319012,0.60524668,0.72665457
-18.051852,0.94260271,0.72482342,3,7,0,20.875092,0.81044159,0.96488065,0.7819794,0.18290124,-1.6016567,-1.5660548,-1.5324305,-0.67851801,-1.2657356,-1.5346242,-1.5660548,-1.6478439,-1.4502093,-1.9656392,5,5,5,6,6,5,2,3,3,7,4,6,7,3,8,6,4,4,2,5,-1.3340998,0.2049198,2.7573097,0.56502734,2.1922824
-16.845387,1,0.72482342,2,3,0,18.37619,0.87598896,1.537609,1.3469285,0.19068049,-1.5036275,-1.4487421,-1.4473399,-0.48410099,-1.1537298,-1.4432141,-1.4487421,-1.6439945,-1.3603182,-1.8997204,3,4,2,8,6,3,3,5,2,8,1,5,3,8,7,5,3,6,1,6,-1.2222993,0.33965057,3.6764171,1.2486971,2.4277199
-16.681529,0.99420131,0.72482342,2,3,0,17.083722,0.70049625,3.0176141,2.1138273,0.90378674,-1.5800003,-1.7264522,-1.3549805,-0.85309111,-1.2031915,-1.387677,-1.7264522,-1.4270198,-1.2877224,-2.239354,4,6,2,4,5,2,3,5,3,8,5,5,6,7,6,2,1,7,2,8,-1.4384601,0.2928795,1.2207308,0.35752702,0.86320375
-16.621404,0.99984671,0.72482342,2,7,0,16.706529,0.90004514,2.133431,1.9201842,0.2132468,-1.4539092,-1.3949743,-1.4008027,-0.39310048,-1.097891,-1.3951236,-1.3949743,-1.6446613,-1.3116003,-1.8752986,3,5,7,8,8,8,4,5,2,8,4,3,6,8,7,6,2,4,3,7,-1.6084526,0.49080343,1.5282454,0.75006809,0.77817732
-16.343138,0.99688965,0.72482342,2,3,0,16.733562,0.87155286,2.7113383,2.3630747,0.34826364,-1.4511193,-1.4247835,-1.3669699,-0.43693156,-1.0789781,-1.3623098,-1.4247835,-1.5957103,-1.2801199,-1.9227766,5,4,5,8,4,7,5,5,1,8,6,3,5,8,7,5,3,7,3,6,-1.8063819,0.50971947,2.4600574,1.2539392,1.2061183
-16.712654,0.96446002,0.72482342,2,3,0,16.931167,0.82149832,1.4537555,1.1942577,0.2594978,-1.5423861,-1.5264385,-1.4531,-0.60837048,-1.1879575,-1.4540815,-1.5264385,-1.5993198,-1.3707494,-1.9666971,7,2,3,7,5,2,3,5,3,6,2,5,2,7,8,3,3,1,1,8,-0.93148288,0.80636931,3.4628659,2.7923488,0.67051712
-16.276633,0.99366269,0.72482342,2,3,0,16.886072,0.75845147,2.7599845,2.0933143,0.66667019,-1.5343361,-1.6145177,-1.3604526,-0.71004486,-1.1531414,-1.3746917,-1.6145177,-1.4793231,-1.2858034,-2.1139811,5,2,5,8,7,6,2,3,3,7,8,2,5,6,4,5,5,4,2,7,-1.3538866,0.77229413,2.7526998,2.1258939,0.62680592
-16.697432,0.92843452,0.72482342,3,7,0,17.09439,0.81617753,1.4571786,1.1893164,0.26786218,-1.5454038,-1.5338584,-1.4525007,-0.61969024,-1.1905929,-1.4541884,-1.5338584,-1.5945432,-1.3706379,-1.9737812,7,5,6,6,5,2,6,6,7,8,2,4,2,7,7,2,5,4,2,7,-0.90797039,0.32649327,3.1106994,1.0156224,2.095077
-16.195434,0.98169053,0.72482342,3,7,0,17.071557,0.76582582,2.4697514,1.8913994,0.57835201,-1.5351096,-1.6014441,-1.3735648,-0.69709279,-1.1577384,-1.3856013,-1.6014441,-1.49554,-1.2978282,-2.0900408,3,3,5,5,5,5,7,7,4,5,5,3,4,7,5,5,2,4,4,6,-1.1456569,0.47972168,3.0412206,1.4589394,1.5822812
-16.445118,0.91641803,0.72482342,2,3,0,16.938325,0.81145924,1.6451904,1.3350049,0.31018544,-1.5355031,-1.5354889,-1.4319341,-0.61855204,-1.175049,-1.4343617,-1.5354889,-1.5763817,-1.350693,-1.9866325,3,4,5,8,7,6,1,3,6,7,6,3,4,8,4,6,4,8,4,6,-0.88552738,0.62838507,1.9671388,1.2361207,0.73101815
-16.533844,0.98314287,0.72482342,3,7,0,16.849422,0.80176475,3.6274569,2.9083671,0.71908984,-1.4844199,-1.5346867,-1.3315385,-0.58965176,-1.0930164,-1.3363107,-1.5346867,-1.4999399,-1.2521569,-2.0559575,2,4,7,7,5,5,3,2,2,8,5,3,2,6,6,2,5,6,6,8,-2.2707703,0.46963327,1.4322459,0.67263033,0.75961559
-16.357846,0.94310369,0.72482342,3,7,0,17.278261,0.76061313,3.0258105,2.3014712,0.72433928,-1.5275482,-1.610686,-1.3501095,-0.70084867,-1.1428364,-1.3640796,-1.610686,-1.4734983,-1.2753852,-2.1186824,2,4,7,6,8,3,6,2,5,7,5,3,3,8,5,4,6,6,3,8,-1.5873603,0.33005476,3.334097,1.1004346,2.2336624
-16.357846,0.67661278,0.72482342,1,3,0,18.560888,0.76061313,3.0258105,2.3014712,0.72433928,-1.5275482,-1.610686,-1.3501095,-0.70084867,-1.1428364,-1.3640796,-1.610686,-1.4734983,-1.2753852,-2.1186824,4,6,4,8,3,2,5,3,3,5,4,2,7,6,6,6,4,7,5,7,-1.5873603,0.30395838,1.1306682,0.34367607,0.78699211
-17.117433,0.91093211,0.72482342,3,7,0,17.453152,0.84742946,1.2900052,1.0931884,0.19681678,-1.5415898,-1.4984337,-1.4759332,-0.56660022,-1.1946639,-1.4741377,-1.4984337,-1.6360501,-1.3911948,-1.930446,2,4,2,5,6,4,2,3,1,8,4,3,8,7,8,3,4,6,3,4,-1.1189202,0.31224118,1.5540459,0.48523714,1.0688088
-16.514124,0.99292295,0.72482342,2,3,0,17.416678,0.84051489,3.5511009,2.9847532,0.56634772,-1.4552723,-1.4670776,-1.3355203,-0.49388088,-1.0682548,-1.3338286,-1.4670776,-1.5438169,-1.2517553,-1.9853114,7,6,4,5,6,4,1,3,5,7,7,4,2,8,4,8,3,4,2,6,-2.3700406,0.17926132,2.2746117,0.4077499,1.8668618
-16.527548,0.99111713,0.72482342,3,7,0,16.718465,0.78376775,1.5719961,1.2320799,0.33991626,-1.558349,-1.578749,-1.4390805,-0.68425966,-1.1997031,-1.446068,-1.578749,-1.5590299,-1.3604468,-2.0230217,5,5,5,6,6,2,4,6,5,8,6,4,5,8,5,5,5,6,4,8,-0.77739307,0.418814,3.6241699,1.5178531,2.1063168
-16.718466,0.99183306,0.72482342,3,7,0,16.738479,0.77260319,1.4431698,1.1149976,0.32817221,-1.5743751,-1.5980798,-1.4538246,-0.71588775,-1.2200733,-1.4626954,-1.5980798,-1.5617019,-1.3760675,-2.0326024,4,4,3,3,7,2,3,5,5,6,5,4,3,7,5,2,4,6,4,8,-0.75287247,0.55599724,1.7428719,0.96903195,0.77383994
-16.999776,0.98327,0.72482342,3,7,0,17.198173,0.84400035,1.336498,1.1280048,0.20849322,-1.5390442,-1.5005421,-1.4692136,-0.56950685,-1.1901948,-1.4677036,-1.5005421,-1.628806,-1.3847957,-1.9354171,3,6,7,6,6,3,4,4,4,8,2,1,4,6,7,7,3,3,4,3,-1.0765588,0.10606833,2.9045001,0.30807549,2.5964246
-16.368336,0.95757109,0.72482342,2,3,0,17.746952,0.8624888,3.01132,2.5972298,0.41409021,-1.4496772,-1.4352352,-1.3542551,-0.45065876,-1.0719786,-1.3502248,-1.4352352,-1.5788145,-1.2682384,-1.9410798,5,1,5,6,6,5,5,1,2,7,6,3,3,8,7,6,3,6,3,8,-2.003334,0.58905589,1.8610155,1.0962421,0.76477335
-16.662455,0.93400037,0.72482342,2,3,0,17.66781,0.72920628,1.5742879,1.1479807,0.42630728,-1.5963895,-1.6651378,-1.4407144,-0.8070805,-1.2418531,-1.4598479,-1.6651378,-1.5201625,-1.3676702,-2.105465,3,6,5,7,5,2,3,4,1,4,3,5,1,5,7,6,2,3,1,7,-0.62460272,0.5353672,2.1388239,1.1450562,0.99376775
-16.460819,0.97963824,0.72482342,2,3,0,16.92345,0.88914081,2.3768694,2.1133715,0.26349782,-1.4505374,-1.4044398,-1.3851224,-0.40721683,-1.0875173,-1.3796269,-1.4044398,-1.6247646,-1.2967522,-1.8927746,6,4,5,7,6,5,3,2,4,7,5,3,2,7,5,4,1,4,2,6,-1.6764173,0.77923059,1.6171797,1.2601559,0.3570238
-16.874024,0.8950789,0.72482342,2,7,0,17.685215,0.85042373,4.1559755,3.5343402,0.62163533,-1.4392575,-1.4470381,-1.3223077,-0.46059646,-1.0493202,-1.3192939,-1.4470381,-1.5479817,-1.2374421,-1.9758855,6,4,7,8,6,4,5,7,4,7,7,2,3,8,6,6,5,6,2,8,-2.9904404,0.44649999,2.3961415,1.0698772,1.3262644
-16.715317,0.99985202,0.72482342,3,7,0,16.892628,0.84780695,3.8941987,3.3015287,0.59266996,-1.4446491,-1.4527953,-1.3276714,-0.47061061,-1.056076,-1.3250082,-1.4527953,-1.5477851,-1.243105,-1.9773533,4,7,8,5,7,5,3,1,1,7,5,3,4,7,7,5,3,6,6,4,-2.7292477,0.31016386,3.8677659,1.1996412,2.6681247
-17.525759,0.89825455,0.72482342,3,7,0,18.409404,0.93947932,1.7915275,1.683103,0.10842446,-1.4505989,-1.3561523,-1.4322697,-0.32654702,-1.1150183,-1.4271781,-1.3561523,-1.7038669,-1.3402963,-1.8250134,6,3,2,4,5,1,3,2,6,8,5,4,4,7,8,3,5,6,2,8,-1.9085348,0.15874172,1.874307,0.29753071,1.5767763
-17.150594,0.78568515,0.72482342,1,3,0,21.042578,0.66215761,1.4712244,0.97418243,0.49704198,-1.6523415,-1.7775782,-1.4589456,-0.96285855,-1.3132609,-1.4976554,-1.7775782,-1.4934142,-1.3927825,-2.2067301,4,7,7,6,7,5,5,3,3,8,7,2,6,6,6,3,3,4,6,6,-0.50611643,0.42487468,2.1784212,0.92555603,1.2528652
-17.404016,0.97010561,0.72482342,2,3,0,17.882703,0.78347888,1.1326889,0.88743782,0.24525107,-1.595073,-1.5914567,-1.4990696,-0.71464299,-1.2518404,-1.5053227,-1.5914567,-1.6042572,-1.41959,-2.0026133,4,6,5,5,5,4,3,2,2,8,7,4,2,7,7,8,4,4,2,8,-0.97920922,0.45356672,2.2675679,1.0284933,1.2390745
-17.601227,0.97671543,0.72482342,3,7,0,18.221956,0.91476785,4.4789853,4.0972317,0.38175356,-1.3887764,-1.3400259,-1.3256527,-0.29605728,-1.016938,-1.3186843,-1.3400259,-1.6325673,-1.2342556,-1.871213,5,4,3,7,3,2,6,5,4,8,5,3,4,7,6,3,2,2,4,5,-3.7849659,0.72882822,1.8684965,1.361813,0.50668351
-18.212154,0.63501911,0.72482342,2,3,0,23.259746,0.90837635,1.1019385,1.0009749,0.10096363,-1.5325481,-1.4390308,-1.5118478,-0.46523147,-1.2028592,-1.5073645,-1.4390308,-1.7101487,-1.4224492,-1.8646736,3,3,4,6,5,3,5,5,4,7,4,1,3,8,6,6,3,5,4,8,-1.727879,0.40383545,1.3081287,0.52826874,0.77985995
-16.702782,1,0.72482342,2,3,0,18.511739,0.83688005,3.9195613,3.2802026,0.63935863,-1.4526693,-1.4714678,-1.326191,-0.49761175,-1.0621265,-1.3249655,-1.4714678,-1.5344529,-1.242824,-1.9968784,4,5,5,5,4,3,4,6,3,8,5,4,3,8,5,4,3,4,3,8,-2.6967629,0.14034157,1.9292687,0.27075659,1.6585121
-16.336251,0.99451835,0.72482342,2,3,0,16.821653,0.85672981,2.9979575,2.5684396,0.42951795,-1.4540456,-1.4445771,-1.3541419,-0.46488627,-1.075308,-1.3506669,-1.4445771,-1.5722537,-1.2687053,-1.9500454,5,5,3,4,6,5,4,3,2,7,4,3,2,7,6,3,3,2,5,6,-1.957319,0.64190314,1.5613435,1.0022313,0.5591122
-16.246757,1,0.72482342,2,3,0,16.352505,0.82638345,2.9793328,2.4620713,0.51726148,-1.4765356,-1.4946042,-1.352473,-0.53902027,-1.0934762,-1.3528269,-1.4946042,-1.5385464,-1.2702095,-1.9995358,5,5,3,6,6,4,3,4,5,7,2,4,4,8,6,6,2,8,5,6,-1.7850215,0.71241341,1.6082639,1.1457487,0.46251513
-16.171124,0.99851237,0.72482342,3,7,0,16.276667,0.80561106,2.7420894,2.2090575,0.53303185,-1.4975538,-1.5313351,-1.3609493,-0.59463249,-1.1159344,-1.3647425,-1.5313351,-1.5230715,-1.2808985,-2.02937,6,5,3,6,7,2,4,6,4,8,7,4,5,6,6,3,5,7,4,7,-1.4959732,0.61916233,4.1030703,2.5404666,1.5626038
-16.426683,0.9760863,0.72482342,3,7,0,16.496734,0.77398486,1.6789882,1.2995114,0.37947675,-1.5587961,-1.5923129,-1.4283821,-0.7012567,-1.1974627,-1.4374397,-1.5923129,-1.5433649,-1.3508885,-2.042503,5,6,1,8,3,2,6,3,5,8,7,4,8,7,8,3,6,6,3,4,-0.75679858,0.28516582,2.2377209,0.63812153,1.5995994
-17.20463,0.68730643,0.72482342,1,3,0,18.688948,0.92763858,1.8489436,1.7151514,0.13379218,-1.4532748,-1.3683174,-1.4254528,-0.34827319,-1.1118117,-1.4199728,-1.3683174,-1.6872645,-1.3342726,-1.8389162,2,3,3,6,4,5,5,6,3,7,6,3,3,7,7,8,3,6,2,6,-1.7621762,0.46171546,2.19258,1.0123481,1.1802319
-16.890343,0.95595707,0.72482342,3,7,0,18.223785,0.82463883,4.2634743,3.5158264,0.74764786,-1.4581665,-1.4918288,-1.3181969,-0.52446458,-1.0636305,-1.3188439,-1.4918288,-1.5160889,-1.2362267,-2.023693,6,6,3,7,4,5,5,2,6,8,4,2,4,7,7,5,5,7,3,7,-2.9637415,0.39253435,2.1054253,0.82645174,1.2789736
-17.298106,0.9419703,0.72482342,1,1,0,17.319264,0.82249091,4.906816,4.0358116,0.87100444,-1.4537902,-1.4942168,-1.3070998,-0.5240464,-1.055222,-1.3081251,-1.4942168,-1.5071429,-1.2254087,-2.0355685,8,3,3,7,6,4,3,4,5,7,4,5,6,8,7,7,4,6,2,8,-3.5597423,0.59620383,4.5819251,2.7317613,1.8501638
-16.192429,1,0.72482342,2,3,0,17.232124,0.76996473,2.5429749,1.9580009,0.58497391,-1.5299878,-1.5940113,-1.3698519,-0.68555752,-1.151267,-1.3809858,-1.5940113,-1.4963945,-1.2937003,-2.0853829,4,3,2,7,5,5,4,3,6,6,4,2,4,8,7,4,6,2,4,7,-1.2136797,0.45284512,1.3596004,0.61568838,0.74391197
-16.192429,0.66025666,0.72482342,2,3,0,18.411843,0.76996473,2.5429749,1.9580009,0.58497391,-1.5299878,-1.5940113,-1.3698519,-0.68555752,-1.151267,-1.3809858,-1.5940113,-1.4963945,-1.2937003,-2.0853829,3,2,5,6,6,3,2,4,3,7,7,5,4,8,7,5,4,4,4,5,-1.2136797,0.69271309,2.4844215,1.7209913,0.7634302
-16.731861,0.92577781,0.72482342,3,7,0,17.102247,0.82297911,1.4439093,1.1883072,0.25560211,-1.5422505,-1.5247,-1.454345,-0.60586357,-1.1882154,-1.4551364,-1.5247,-1.6013925,-1.3718513,-1.9644684,6,3,7,6,4,4,4,5,2,7,8,5,3,7,7,6,5,6,4,6,-0.9399802,0.5315259,2.6332777,1.3996553,1.2336224
-17.052944,0.84664179,0.72482342,3,7,0,18.554179,0.74180523,4.168949,3.0925481,1.0764008,-1.5299621,-1.6491705,-1.3203808,-0.73864606,-1.1363649,-1.3408089,-1.6491705,-1.4340322,-1.2486184,-2.1873084,3,6,6,8,7,2,4,4,4,8,5,2,3,8,6,6,5,4,2,7,-2.5934353,0.34006235,1.8958259,0.64469903,1.2511269
-16.13502,1,0.72482342,2,3,0,16.997592,0.80438224,2.5394007,2.0426489,0.49675187,-1.5036702,-1.5347319,-1.3700727,-0.60224725,-1.1248868,-1.3740217,-1.5347319,-1.5279603,-1.2900818,-2.0260038,5,5,4,8,6,5,5,2,5,7,7,2,4,8,6,5,3,5,3,5,-1.3292661,0.79531323,1.1105864,0.88326405,0.22732233
-16.331234,0.86804423,0.72482342,2,3,0,17.29648,0.79785363,1.7641723,1.4075513,0.35662104,-1.5378014,-1.5537613,-1.4205337,-0.64328328,-1.1738999,-1.4252174,-1.5537613,-1.5569467,-1.3407328,-2.0105939,3,3,4,6,7,4,5,4,3,8,4,4,3,8,4,3,3,6,3,5,-0.85779008,0.34443185,6.2249495,2.1440709,4.0808786
-16.402997,0.88236782,0.72482342,2,3,0,17.345743,0.88154678,2.2704576,2.0015146,0.26894301,-1.4594457,-1.4177446,-1.3900175,-0.42914765,-1.095963,-1.3849613,-1.4177446,-1.6186769,-1.3023558,-1.9021055,4,5,3,7,5,6,3,3,5,6,3,3,2,8,7,6,3,3,4,8,-1.5455015,0.67938154,2.6013685,1.7673217,0.83404675
-17.334598,0.92073831,0.72482342,3,7,0,17.405293,0.94108319,2.3032866,2.1675843,0.13570229,-1.4224533,-1.3349547,-1.3979598,-0.2914557,-1.0802239,-1.3925106,-1.3349547,-1.6930548,-1.3054442,-1.8229803,4,2,3,8,8,3,4,4,2,7,5,2,3,8,8,6,4,5,4,8,-2.2005907,0.42400559,2.0874985,0.88511103,1.2023875
-18.726003,0.90050338,0.72482342,2,3,0,19.367095,0.96572348,3.9286889,3.7940271,0.1346618,-1.3641406,-1.2709375,-1.3481487,-0.18151846,-1.0234876,-1.3437366,-1.2709375,-1.7148114,-1.2528184,-1.7934117,4,3,5,8,5,4,3,3,4,7,5,4,3,8,8,7,5,7,1,8,-4.1221882,0.55955567,3.305483,1.8496017,1.4558812
-16.74352,0.97816865,0.72482342,3,7,0,19.045192,0.9095132,2.8208841,2.5656313,0.25525277,-1.4231989,-1.3664472,-1.3679388,-0.34376937,-1.0614307,-1.3616316,-1.3664472,-1.6414726,-1.2776088,-1.8682104,3,5,5,8,6,7,5,4,3,6,6,3,2,7,8,6,5,4,2,7,-2.2050181,0.67013826,1.4457949,0.96888251,0.47691243
-16.618697,0.99610554,0.72482342,3,7,0,17.001067,0.69410632,2.7274484,1.8931392,0.83430923,-1.5900862,-1.7365814,-1.3669835,-0.87146024,-1.2182107,-1.4012134,-1.7365814,-1.4323781,-1.3001712,-2.2392314,6,8,5,8,6,3,6,4,3,5,4,6,2,7,4,4,3,5,6,6,-1.1795183,0.55514559,2.5053694,1.3908448,1.1145246
-16.618697,0.65282321,0.72482342,1,1,0,17.657392,0.69410632,2.7274484,1.8931392,0.83430923,-1.5900862,-1.7365814,-1.3669835,-0.87146024,-1.2182107,-1.4012134,-1.7365814,-1.4323781,-1.3001712,-2.2392314,6,3,5,7,7,6,4,4,1,7,6,3,5,8,5,4,4,3,4,8,-1.1795183,0.77850477,3.270128,2.5458102,0.72431774
-17.062934,0.64379951,0.72482342,2,3,0,19.247366,0.87327558,1.3925251,1.2160582,0.17646693,-1.5173992,-1.4594964,-1.4641323,-0.50244281,-1.1710044,-1.4603264,-1.4594964,-1.651227,-1.3773282,-1.9014302,2,5,5,5,7,3,5,5,1,7,5,4,5,5,6,6,4,5,2,5,-1.2285244,0.51880147,0.94625641,0.49091921,0.45533719
-16.148943,1,0.72482342,2,3,0,16.918081,0.81084844,2.6406864,2.1411965,0.49948995,-1.4961419,-1.5231396,-1.3655344,-0.58421593,-1.116189,-1.3683704,-1.5231396,-1.5311747,-1.2848791,-2.0179175,3,4,5,7,7,2,4,3,2,5,5,3,6,6,6,6,3,7,5,8,-1.4343992,0.45751297,4.0162916,1.8375055,2.1787861
-16.259203,0.98512693,0.72482342,2,7,0,16.276039,0.85495649,2.1373421,1.8273345,0.31000761,-1.4820323,-1.459729,-1.3952856,-0.49610855,-1.1151442,-1.3922952,-1.459729,-1.5933654,-1.3100828,-1.9377244,4,4,5,6,7,5,5,5,4,8,3,4,6,8,8,7,2,6,4,8,-1.2898433,0.29253855,0.99686332,0.29162095,0.70524237
-16.42305,0.98902436,0.72482342,2,3,0,16.484238,0.88514662,2.3883977,2.1140822,0.27431555,-1.4526448,-1.4099993,-1.3839783,-0.41602627,-1.0883377,-1.3786589,-1.4099993,-1.6196686,-1.2959585,-1.8985496,5,2,4,8,7,7,3,4,2,8,3,4,4,7,7,8,4,4,7,5,-1.6537507,0.96161235,1.4202047,1.3656864,0.054518324
-16.661153,0.87398963,0.72482342,3,7,0,18.59987,0.90663872,2.5199276,2.2846639,0.23526367,-1.4344484,-1.3763242,-1.3805198,-0.3610076,-1.0751107,-1.3744287,-1.3763242,-1.6432188,-1.290577,-1.8697836,4,5,3,8,8,6,3,3,2,8,5,3,7,7,7,6,3,8,1,8,-1.9343505,0.82327905,1.7880724,1.4720826,0.31598985
-18.736316,0.757271,0.72482342,2,3,0,19.843687,0.94383139,1.1702438,1.1045128,0.065730965,-1.5068877,-1.3938696,-1.505203,-0.384373,-1.1859727,-1.5010667,-1.3938696,-1.7400794,-1.4134883,-1.8286115,4,3,2,7,8,5,2,7,6,7,4,4,1,8,8,6,2,6,5,7,-2.1029018,0.66112471,2.3074291,1.5254984,0.78193071
-18.736316,0.98671873,0.72482342,1,1,0,19.243416,0.94383139,1.1702438,1.1045128,0.065730965,-1.5068877,-1.3938696,-1.505203,-0.384373,-1.1859727,-1.5010667,-1.3938696,-1.7400794,-1.4134883,-1.8286115,4,5,6,8,7,4,2,4,3,3,3,3,4,7,5,3,6,4,4,6,-2.1029018,0.78970631,1.0817759,0.85428528,0.22749065
-16.531973,1,0.72482342,2,3,0,18.523042,0.72436273,3.0264827,2.1922713,0.83421144,-1.55855,-1.6794693,-1.3522568,-0.79221123,-1.1776307,-1.3768118,-1.6794693,-1.4439715,-1.2819855,-2.1901076,7,1,6,6,6,2,6,1,2,7,4,3,6,8,5,4,4,6,3,4,-1.4957782,0.45584325,3.9133549,1.7838764,2.1294785
-16.628769,0.99770697,0.72482342,3,7,0,16.6426,0.73360297,3.3513202,2.4585384,0.89278176,-1.5458891,-1.6628687,-1.340972,-0.76574411,-1.1601807,-1.3630962,-1.6628687,-1.4427554,-1.2698011,-2.1825118,8,3,7,7,6,5,5,1,2,4,1,1,3,8,7,4,5,5,5,5,-1.8088807,0.40382106,1.0371937,0.41884068,0.61835306
-16.611031,1,0.72482342,1,1,0,16.722042,0.73396536,3.3196123,2.4364805,0.88313188,-1.5459785,-1.6620422,-1.3418961,-0.76509044,-1.1605476,-1.3638639,-1.6620422,-1.4437966,-1.2706567,-2.180749,5,4,3,8,7,4,2,2,4,8,6,5,3,7,3,6,3,6,4,7,-1.7807935,0.80265409,1.1904545,0.95552315,0.23493132
-16.139084,0.97211323,0.72482342,1,3,0,16.846197,0.8268665,2.4032167,1.9871394,0.41607733,-1.4913632,-1.4990616,-1.3778254,-0.55224438,-1.1162166,-1.378109,-1.4990616,-1.5547272,-1.2954164,-1.9859553,4,5,6,5,5,4,5,3,5,7,5,2,3,6,6,7,3,3,2,7,-1.3221071,0.39370158,1.2914822,0.50845859,0.78302363
-16.214674,0.97753406,0.72482342,1,3,0,16.349311,0.76358622,2.1313717,1.627486,0.50388564,-1.5468975,-1.6061468,-1.3929967,-0.71023934,-1.1756619,-1.4050899,-1.6061468,-1.5082482,-1.3171863,-2.0801322,3,2,2,8,8,5,2,3,2,6,5,4,2,7,5,1,2,5,1,5,-0.91079321,0.92609153,4.2469999,3.9331106,0.31388925
-16.330041,0.9866961,0.72482342,2,3,0,16.387555,0.84608643,1.8849562,1.5948359,0.29012035,-1.4995877,-1.47851,-1.4125189,-0.52804487,-1.1363389,-1.4105254,-1.47851,-1.5948519,-1.3281274,-1.9449791,8,4,6,6,7,6,5,6,6,4,4,6,6,7,7,5,2,5,3,7,-1.1134537,0.72062273,2.6192279,1.8874751,0.73175274
-16.239271,0.95442266,0.72482342,2,3,0,16.834191,0.76796702,2.7412109,2.1051596,0.63605135,-1.5270052,-1.5972893,-1.360949,-0.6868399,-1.1455043,-1.3727706,-1.5972893,-1.4880819,-1.285169,-2.0958038,5,3,4,8,6,3,6,5,6,8,5,4,4,6,5,5,2,2,3,7,-1.3660843,0.63861638,1.3285465,0.84843158,0.48011495
-16.229635,0.99156481,0.72482342,2,3,0,16.364701,0.80176313,2.9381918,2.3557338,0.58245795,-1.4961373,-1.5369513,-1.3530427,-0.60014028,-1.1118534,-1.3576194,-1.5369513,-1.5140824,-1.2734841,-2.0409649,3,5,5,5,6,3,4,4,5,6,7,3,5,7,8,4,6,7,1,7,-1.6469678,0.37946261,2.2239186,0.84389397,1.3800247
-16.14516,0.87972702,0.72482342,2,3,0,17.27952,0.83013648,2.4317628,2.018695,0.41306779,-1.4881367,-1.4934798,-1.376514,-0.54362704,-1.1128703,-1.3763371,-1.4934798,-1.5571494,-1.2937754,-1.9814916,7,4,6,7,8,5,4,3,2,6,6,3,5,7,5,5,4,7,3,7,-1.3579899,0.34296503,1.0391489,0.35639175,0.68275719
-16.15212,0.99264015,0.72482342,1,3,0,16.227925,0.78139317,2.409287,1.8826004,0.5266866,-1.5246735,-1.5745468,-1.3764331,-0.66074121,-1.1477174,-1.384857,-1.5745468,-1.5112667,-1.2988961,-2.0607665,7,4,4,7,5,4,5,4,2,5,6,2,4,8,6,3,3,8,4,6,-1.1498487,0.51290103,2.6211915,1.3444118,1.2767797
-16.239236,0.95982318,0.72482342,1,3,0,16.420154,0.84906917,2.1166108,1.797149,0.31946183,-1.4867772,-1.4689712,-1.3961322,-0.51055993,-1.1193214,-1.3937356,-1.4689712,-1.5879224,-1.3114857,-1.9458084,7,5,2,5,8,3,6,4,5,7,3,2,7,8,6,6,4,5,4,6,-1.244819,0.53162197,7.5397162,4.0082788,3.5314374
-16.15967,0.98277728,0.72482342,1,3,0,16.425622,0.78109482,2.4995572,1.9523912,0.54716603,-1.5224212,-1.5746828,-1.3718173,-0.65941456,-1.144021,-1.3803844,-1.5746828,-1.5076926,-1.2943746,-2.0643681,3,2,5,7,7,5,3,6,2,7,3,2,5,8,7,5,3,3,3,6,-1.2157489,0.62717805,1.0049238,0.63026613,0.37465763
-16.563081,0.85481188,0.72482342,1,3,0,17.130385,0.88789598,1.9565209,1.7371871,0.21933386,-1.4699001,-1.4169656,-1.4112353,-0.42990024,-1.1134702,-1.406112,-1.4169656,-1.6364218,-1.3231248,-1.8895296,7,5,4,8,5,3,4,6,4,8,6,4,3,8,5,3,4,3,3,7,-1.4133947,0.57709024,3.3045979,1.9070512,1.3975467
-16.264179,0.9998266,0.72482342,2,3,0,16.567518,0.77356103,2.8824958,2.2297864,0.65270938,-1.5195852,-1.5870621,-1.3551055,-0.67069397,-1.1359878,-1.3657101,-1.5870621,-1.4888687,-1.2787597,-2.0900562,4,2,4,6,7,2,6,6,3,7,6,3,3,5,7,5,2,4,3,6,-1.501913,0.6094726,2.475047,1.5084733,0.96657369
-16.461344,0.87113231,0.72482342,1,3,0,17.224774,0.87864916,1.9954585,1.753308,0.24215056,-1.4735228,-1.4287309,-1.4072926,-0.44865618,-1.1140519,-1.4025954,-1.4287309,-1.6245481,-1.319963,-1.9023323,4,1,6,6,4,4,4,3,2,7,4,1,2,8,6,4,5,5,4,6,-1.3633551,0.51787473,0.75258387,0.38974416,0.3628397
-16.380089,0.92028494,0.72482342,1,3,0,17.386866,0.73816629,2.8139803,2.0771854,0.73679488,-1.5501801,-1.652193,-1.3592691,-0.75976164,-1.170134,-1.3792037,-1.652193,-1.4610601,-1.2870982,-2.1545204,1,5,3,5,6,4,3,4,4,7,3,5,3,7,8,5,3,4,5,8,-1.3454437,0.1479565,1.5304938,0.2264465,1.3040473
-16.475402,0.88279433,0.72482342,1,3,0,17.425856,0.83656868,1.6649431,1.3928393,0.27210384,-1.5182248,-1.4982489,-1.4311031,-0.56151607,-1.1590393,-1.4302287,-1.4982489,-1.597676,-1.3475236,-1.9527031,4,5,6,7,6,4,4,4,3,7,5,4,4,6,8,6,2,7,4,6,-1.000871,0.47308881,2.0924931,0.98993508,1.102558
-16.23725,1,0.72482342,3,7,0,16.456731,0.84504676,2.808998,2.3737346,0.43526333,-1.4668907,-1.4653171,-1.3602966,-0.49763851,-1.0883118,-1.3581491,-1.4653171,-1.5628798,-1.2760596,-1.965601,5,3,4,8,5,6,2,3,2,8,4,4,2,8,6,4,1,3,3,7,-1.7306208,0.60692418,2.3000655,1.3959654,0.90410014
-16.135927,0.98531082,0.72482342,1,3,0,16.401227,0.80534393,2.2185711,1.7867127,0.43185833,-1.5129634,-1.5359038,-1.3874393,-0.60883996,-1.1395413,-1.391093,-1.5359038,-1.5405503,-1.3071982,-2.0149346,4,4,5,7,6,2,4,3,7,7,6,2,4,7,8,4,3,7,2,7,-1.1054162,0.31214602,2.3038597,0.71914063,1.5847191
-16.489887,0.90748458,0.72482342,1,3,0,16.89775,0.88730658,2.8236914,2.50548,0.31821143,-1.4374758,-1.3991856,-1.3643722,-0.39620601,-1.0681986,-1.3587021,-1.3991856,-1.612724,-1.2760159,-1.9005821,5,4,2,8,6,4,2,4,2,3,5,4,6,7,7,5,6,6,3,8,-2.012635,0.78525056,2.9212421,2.293907,0.6273351
-16.48273,0.97435902,0.72482342,3,7,0,17.004467,0.73270229,3.0198293,2.2126358,0.80719343,-1.5513714,-1.6633312,-1.3518348,-0.77115306,-1.1694049,-1.3737507,-1.6633312,-1.4505889,-1.2805177,-2.1730221,5,3,6,7,6,6,3,2,2,8,6,2,4,8,6,7,5,7,1,6,-1.5092158,0.30750376,2.0120043,0.6186989,1.3933054
-16.258935,1,0.72482342,2,3,0,16.583932,0.82608536,3.0160657,2.4915277,0.52453798,-1.4759747,-1.4948522,-1.3511274,-0.53900227,-1.0924601,-1.3515268,-1.4948522,-1.5374146,-1.2689005,-2.0007739,2,4,4,5,3,3,4,2,5,7,4,2,5,7,8,8,2,6,3,8,-1.8157561,0.18208235,2.6486999,0.4822815,2.1664184
-16.862022,0.92360896,0.72482342,2,3,0,16.940677,0.91229981,1.9584504,1.7866939,0.17175646,-1.4554921,-1.3839171,-1.4145666,-0.37513688,-1.1064511,-1.4088675,-1.3839171,-1.664926,-1.3244703,-1.8581285,3,3,6,6,6,4,4,3,1,4,3,1,2,8,8,7,3,4,2,6,-1.6326847,0.50590793,1.3831287,0.6997358,0.68339294
-17.283347,0.91954977,0.72482342,3,7,0,18.502348,0.93319083,3.2022811,2.9883394,0.21394175,-1.3985141,-1.3263001,-1.3590853,-0.27651572,-1.043494,-1.3528478,-1.3263001,-1.669457,-1.2665985,-1.8369338,5,2,4,8,8,4,1,8,2,8,6,2,6,8,8,5,2,7,2,6,-2.8161033,0.95569408,3.3285453,3.181071,0.14747427
-17.18066,0.97291587,0.72482342,2,7,0,17.919355,0.65587987,3.294154,2.1605693,1.1335847,-1.6191135,-1.8217714,-1.3525887,-0.96772697,-1.2497476,-1.4040579,-1.8217714,-1.3912733,-1.2915236,-2.3519626,2,3,6,5,7,4,4,4,2,7,6,3,4,5,5,5,3,3,4,6,-1.6127298,0.32773191,2.8113823,0.92137968,1.8900026
-17.18539,0.95363588,0.72482342,2,3,0,18.368219,0.83465266,4.7182575,3.9381062,0.78015132,-1.4455841,-1.4726322,-1.3108222,-0.49448816,-1.0495686,-1.3098805,-1.4726322,-1.5232461,-1.227707,-2.0105728,6,6,4,6,3,4,6,4,2,8,5,4,5,7,5,4,4,4,2,7,-3.4392496,0.20257521,1.8697421,0.3787634,1.4909787
-20.433204,0.58930116,0.72482342,2,7,0,21.853626,0.98874574,3.0783972,3.0437522,0.03464508,-1.3694781,-1.2546404,-1.3770007,-0.1500068,-1.0500717,-1.3753829,-1.2546404,-1.7561067,-1.2807041,-1.7625127,8,4,3,8,3,6,3,4,2,8,1,1,2,8,6,5,1,6,2,6,-4.4287413,0.76745502,1.3580899,1.0422729,0.31581698
-21.772342,0.96971805,0.72482342,2,3,0,22.35082,0.99432683,2.0220984,2.0106267,0.011471708,-1.408709,-1.2811085,-1.4275416,-0.189837,-1.1010194,-1.426788,-1.2811085,-1.7732601,-1.3319535,-1.7613499,2,7,6,8,8,4,3,3,4,8,7,3,4,7,7,5,3,5,3,7,-4.3161058,0.26989267,2.8430418,0.76731614,2.0757257
-16.418712,0.85523008,0.72482342,2,5,0,21.029108,0.71370658,2.3558859,1.6814112,0.67447462,-1.5803914,-1.6957501,-1.3826854,-0.82644716,-1.2106193,-1.4091012,-1.6957501,-1.4605632,-1.3129219,-2.1807671,4,3,4,8,8,6,1,5,3,7,5,2,4,8,6,7,2,3,6,5,-0.9326111,0.93413348,2.0847774,1.9474603,0.13731704
-17.169841,0.87386189,0.72482342,2,7,0,17.400873,0.93443404,2.6698217,2.4947723,0.17504941,-1.4125483,-1.334403,-1.3788208,-0.29075621,-1.0629945,-1.3728898,-1.334403,-1.6777368,-1.2865439,-1.8328015,7,7,6,8,7,5,4,4,5,7,5,2,5,8,5,6,3,4,4,5,-2.3754419,0.41321141,2.7737291,1.1461365,1.6275926
-17.264862,0.91729398,0.72482342,2,7,0,18.699814,0.71082903,4.19544,2.9822406,1.2131995,-1.558607,-1.7126872,-1.3225545,-0.81995518,-1.169209,-1.3535409,-1.7126872,-1.4083666,-1.2549101,-2.2564708,6,3,4,8,6,3,4,6,7,8,7,3,3,6,8,5,5,3,2,6,-2.5478112,0.52505402,1.7781442,0.93362174,0.84452241
-17.455834,0.96598861,0.72482342,3,7,0,18.293265,0.91081533,1.4066272,1.2811776,0.12544958,-1.4960615,-1.4120589,-1.4667381,-0.42200554,-1.1581814,-1.461707,-1.4120589,-1.6884506,-1.3770743,-1.8588026,2,6,6,7,6,4,4,2,2,8,5,2,2,8,7,6,5,6,4,6,-1.5334289,0.33551884,3.8155085,1.280175,2.5353335
-17.45727,0.94520913,0.72482342,2,3,0,19.186793,0.94242209,3.040088,2.8650461,0.17504193,-1.3969251,-1.3161151,-1.3663777,-0.2594268,-1.0479368,-1.3605834,-1.3161151,-1.6845766,-1.2732582,-1.823402,6,3,6,8,8,5,3,4,2,8,4,3,6,8,8,7,1,5,3,6,-2.8105218,0.83134703,3.1387108,2.6093579,0.52935291
-18.276969,0.89671414,0.72482342,3,7,0,19.238882,0.84656521,0.94414196,0.79927774,0.14486422,-1.5864577,-1.5246556,-1.5384435,-0.61094435,-1.2531573,-1.5370319,-1.5246556,-1.6773136,-1.4533559,-1.9279481,4,5,8,5,3,6,3,4,3,8,3,2,4,6,5,6,2,4,3,8,-1.5444794,0.17942196,4.4143556,0.79203235,3.6223233
-18.260599,0.70033884,0.72482342,3,7,0,22.955983,0.89360997,5.8966073,5.2692671,0.6273402,-1.3906862,-1.3668033,-1.3026342,-0.33420343,-1.0043258,-1.295827,-1.3668033,-1.5944545,-1.2129935,-1.9134611,2,3,7,3,6,2,6,2,7,7,5,2,3,8,7,7,5,2,4,7,-4.8996548,0.19849316,0.76721218,0.15228637,0.61492581
-18.051901,0.94909435,0.72482342,3,7,0,19.541764,0.7108767,0.98762877,0.70208228,0.28554649,-1.6559015,-1.6971897,-1.5300114,-0.87591579,-1.3261573,-1.5500058,-1.6971897,-1.5851719,-1.4565316,-2.0837477,7,5,7,6,5,3,7,2,5,8,5,2,3,6,8,3,4,2,3,6,-0.99947205,0.57218534,1.2398278,0.7094113,0.53041652
-17.079594,0.94791185,0.72482342,2,3,0,18.951094,0.92821344,2.1047472,1.9536546,0.15109256,-1.4388547,-1.3579941,-1.4072636,-0.33100611,-1.0935286,-1.401559,-1.3579941,-1.6804688,-1.3158491,-1.8387289,7,3,6,8,3,3,1,2,2,6,6,3,5,8,4,5,3,4,4,3,-1.8919906,0.56525563,3.4228994,1.9348131,1.4880862
-17.079909,0.97332052,0.72482342,3,7,0,17.87158,0.92695181,2.0391623,1.8902051,0.14895711,-1.4428869,-1.3618793,-1.4113633,-0.33760398,-1.0980321,-1.4056904,-1.3618793,-1.6806077,-1.3200912,-1.8401118,8,5,6,4,5,1,7,4,5,6,6,1,6,8,7,3,4,7,2,5,-1.8398127,0.43641837,0.53992722,0.23563416,0.30429306
-18.262202,0.94385283,0.72482342,2,3,0,18.811895,0.96540186,2.8229472,2.7252785,0.09766872,-1.3897984,-1.2898628,-1.3796668,-0.21324245,-1.0558492,-1.3755315,-1.2898628,-1.7210006,-1.2850431,-1.792435,5,2,5,2,6,5,5,3,5,8,7,5,3,8,7,7,4,7,4,6,-3.1085251,0.037099257,1.8847931,0.069924423,1.8148686
-16.764063,0.98581167,0.72482342,2,3,0,18.593929,0.86491886,1.5381453,1.3303709,0.20777441,-1.5099445,-1.4634211,-1.4462196,-0.50799084,-1.1579709,-1.4427981,-1.4634211,-1.6329185,-1.3601154,-1.9133465,6,2,5,2,3,3,4,4,2,8,7,4,3,8,6,4,3,2,3,6,-1.1494943,0.50730667,1.4236489,0.72222656,0.70142229
-16.370248,0.98863671,0.72482342,3,7,0,17.197317,0.72283088,2.390414,1.7278651,0.66254895,-1.5719346,-1.6790088,-1.3800259,-0.80353667,-1.2001795,-1.4036834,-1.6790088,-1.4653747,-1.3092229,-2.1652306,4,6,3,5,7,3,6,5,7,6,3,4,2,8,8,2,3,1,4,7,-0.97680152,0.38344306,1.8828045,0.72194831,1.1608562
-16.974387,0.94764644,0.72482342,2,3,0,17.041401,0.6392074,2.0556247,1.3139705,0.74165419,-1.6520613,-1.8342355,-1.4111181,-1.0126108,-1.3046846,-1.4636279,-1.8342355,-1.4347348,-1.3497217,-2.307863,4,2,3,6,7,8,4,8,2,7,2,6,6,8,5,4,5,3,2,5,-0.6230951,0.7539161,0.95455172,0.71965191,0.23489981
-17.681611,0.89588077,0.72482342,3,7,0,18.36204,0.94018268,1.6541742,1.555226,0.098948274,-1.4599525,-1.362239,-1.4446098,-0.33619155,-1.1271023,-1.4396875,-1.362239,-1.7096497,-1.3527116,-1.8248312,5,5,6,6,4,6,4,3,2,7,4,4,5,7,7,5,3,4,3,3,-1.8875573,0.27775546,1.3017295,0.36156248,0.94016706
-18.002028,0.75842381,0.72482342,2,3,0,20.986883,0.9286745,4.7332409,4.3956401,0.33760076,-1.3763784,-1.3168659,-1.3243835,-0.25823691,-1.0099483,-1.3175266,-1.3168659,-1.6523128,-1.2316713,-1.8505732,7,5,4,8,7,5,7,4,5,6,7,3,2,8,8,6,5,7,3,8,-4.1873773,0.4197172,1.4715913,0.6176522,0.85393914
-17.696896,1,0.72482342,2,3,0,18.192389,0.9020154,4.904353,4.423802,0.48055105,-1.3929224,-1.3574489,-1.3164646,-0.32236779,-1.0136969,-1.3095578,-1.3574489,-1.6114039,-1.2261626,-1.8941207,2,7,6,7,6,2,6,2,4,6,4,2,4,8,8,5,4,6,3,4,-4.0593556,0.44317798,2.6528165,1.1756698,1.4771466
-16.280144,1,0.72482342,2,3,0,17.597423,0.74161616,2.4109567,1.7880045,0.62295227,-1.5559799,-1.6446934,-1.3776235,-0.75719497,-1.18152,-1.3958437,-1.6446934,-1.4783779,-1.3046285,-2.1312463,5,7,6,6,4,4,4,2,4,5,6,1,5,7,8,5,4,3,1,7,-1.0361337,0.31907749,1.4540397,0.46395134,0.99008836
-16.264938,0.92445359,0.72482342,2,7,0,16.764229,0.85835493,2.181564,1.8725562,0.30900779,-1.4779694,-1.4537578,-1.392808,-0.48641582,-1.1108923,-1.3894821,-1.4537578,-1.5954277,-1.3072845,-1.9336726,2,3,7,6,5,6,6,2,3,8,6,4,6,7,6,4,3,5,4,5,-1.3363438,0.50358583,1.0965256,0.55219473,0.54433083
-16.173783,0.98399109,0.72482342,2,3,0,16.458212,0.77722053,2.1726041,1.6885925,0.4840116,-1.5352061,-1.5828369,-1.3900936,-0.67674386,-1.1625535,-1.3991752,-1.5828369,-1.5175321,-1.3128281,-2.0590317,5,6,6,7,7,6,4,3,3,8,1,3,3,8,5,4,1,4,7,5,-0.97726728,0.33388575,2.5546833,0.85297234,1.7017109
-16.487932,0.92401279,0.72482342,1,3,0,16.733748,0.73432795,3.0536687,2.2423942,0.81127443,-1.5494351,-1.66034,-1.3505215,-0.76669067,-1.166868,-1.3719914,-1.66034,-1.4509198,-1.2790311,-2.1709874,6,2,3,8,8,6,4,7,3,7,7,3,3,8,5,6,4,6,2,8,-1.5428584,0.89574526,1.4665025,1.3136127,0.15288984
-16.665041,0.99218226,0.72482342,2,7,0,16.941623,0.85919595,3.7222374,3.1981313,0.52410608,-1.4386493,-1.4346381,-1.3328623,-0.44486538,-1.0536522,-1.3289607,-1.4346381,-1.5638622,-1.2470955,-1.9557732,6,4,5,8,4,8,7,2,5,6,7,4,4,8,8,6,5,5,3,6,-2.6322248,0.40237246,1.9486324,0.78407603,1.1645564
-18.642817,0.86741274,0.72482342,3,7,0,18.963713,0.66306793,0.89882796,0.595984,0.30284397,-1.696809,-1.7662983,-1.5546071,-0.9785818,-1.3802742,-1.5857037,-1.7662983,-1.5829684,-1.4849236,-2.135423,4,3,4,7,7,2,1,8,4,6,3,4,5,3,8,4,4,8,3,7,-1.1055147,0.55516163,2.4287778,1.3483642,1.0804136
-19.534478,0.7109403,0.72482342,3,7,0,21.63704,0.89514383,0.79612229,0.71264395,0.083478337,-1.5931895,-1.4912905,-1.5798213,-0.54860939,-1.2726003,-1.5762781,-1.4912905,-1.739912,-1.491099,-1.8874494,6,3,4,7,6,3,3,5,4,6,6,3,5,7,7,3,7,7,5,2,-2.2689993,0.46521495,7.0454479,3.2776477,3.7678002
-18.242471,1,0.72482342,1,1,0,19.404375,0.890314,1.0312737,0.9181574,0.11311629,-1.5514413,-1.4661721,-1.5232167,-0.51183096,-1.2203086,-1.519239,-1.4661721,-1.7012258,-1.4350477,-1.883734,5,3,4,7,3,4,7,6,2,8,5,5,5,8,5,8,4,4,4,6,-1.6685629,0.66278163,2.0290539,1.3448197,0.68423425
-17.512069,1,0.72482342,3,7,0,18.554128,0.92901378,3.887227,3.6112875,0.27593956,-1.3876985,-1.3236324,-1.3401663,-0.27087978,-1.0258309,-1.3335505,-1.3236324,-1.6575722,-1.247714,-1.8463075,4,2,4,8,7,5,4,7,2,7,6,3,3,7,6,6,3,7,3,2,-3.3938795,0.95452249,1.7495133,1.6699498,0.079563503
-17.009319,1,0.72482342,1,1,0,17.461567,0.91348837,3.4205923,3.1246713,0.29592101,-1.4062793,-1.3519076,-1.348718,-0.31814107,-1.0406019,-1.3420992,-1.3519076,-1.6390801,-1.2577876,-1.8668203,6,3,6,5,6,5,6,7,2,7,5,4,6,5,7,4,2,5,3,8,-2.7778286,0.66480111,1.1226149,0.74631561,0.37629925
-17.707813,0.95339502,0.72482342,2,3,0,18.031564,0.89385448,5.0573344,4.520521,0.5368134,-1.3972896,-1.3698841,-1.3128549,-0.34115983,-1.014293,-1.3061848,-1.3698841,-1.598772,-1.2233249,-1.9085944,6,4,4,7,6,5,7,5,1,7,5,3,2,8,7,6,2,5,4,7,-4.1312542,0.62610214,2.020688,1.2651571,0.7555309
-17.02985,1,0.72482342,2,3,0,17.760405,0.83613165,4.4693384,3.7369553,0.73238309,-1.4468361,-1.470732,-1.3151431,-0.4931343,-1.0524791,-1.3139931,-1.470732,-1.5273782,-1.2318593,-2.005077,5,5,5,8,7,4,5,1,2,7,4,2,4,8,7,8,3,5,1,6,-3.2120652,0.18718653,1.8909118,0.3539532,1.5369586
-16.938391,0.98230035,0.72482342,2,7,0,17.635562,0.92403334,2.5036227,2.3134309,0.19019185,-1.4244496,-1.3524089,-1.3843327,-0.32137953,-1.07208,-1.3782565,-1.3524089,-1.666302,-1.2929737,-1.8459492,3,4,4,5,6,2,6,6,5,6,1,2,3,8,8,7,4,4,2,3,-2.1091213,0.63310893,2.1126371,1.3375294,0.77510768
-16.447446,0.90605282,0.72482342,1,3,0,18.521869,0.78410237,1.6438264,1.2889282,0.35489823,-1.5538023,-1.5770094,-1.4317141,-0.67997113,-1.1931157,-1.438742,-1.5770094,-1.5538295,-1.3531487,-2.0258121,4,3,4,6,4,4,3,5,7,7,6,2,4,6,6,7,4,4,3,7,-0.78415168,0.51697405,1.5651918,0.80916355,0.75602826
-16.82357,0.95078063,0.72482342,2,3,0,17.105911,0.74482138,1.4153058,1.0541501,0.36115579,-1.5950494,-1.6410424,-1.4581196,-0.77861647,-1.2437076,-1.4727905,-1.6410424,-1.5452663,-1.3830533,-2.0708877,3,3,4,8,7,7,3,5,1,7,5,2,3,7,7,6,3,5,4,8,-0.68093729,0.80038347,2.9395725,2.3527852,0.58678725
-17.938435,0.92829115,0.72482342,3,7,0,17.944836,0.80880853,5.8494552,4.7310893,1.1183659,-1.4588389,-1.5186441,-1.2944173,-0.55343203,-1.0547628,-1.2980727,-1.5186441,-1.4840762,-1.2144369,-2.0722103,3,5,4,7,6,2,5,1,4,6,5,4,2,8,5,5,2,2,8,6,-4.3705756,0.13850295,1.5088131,0.20897507,1.299838
-16.973721,0.90596666,0.72482342,2,3,0,19.286307,0.83957764,1.3403195,1.1253023,0.21501721,-1.541233,-1.5062394,-1.4684325,-0.57853435,-1.1918153,-1.4673552,-1.5062394,-1.6246011,-1.3843928,-1.9408601,3,5,7,5,7,5,5,1,2,8,4,4,2,8,7,5,3,6,5,7,-1.0521242,0.29876122,2.3395674,0.69897201,1.6405954
-16.893416,0.93768019,0.72482342,2,7,0,17.995327,0.65399609,1.8833116,1.2316784,0.65163318,-1.6434668,-1.8016143,-1.4210389,-0.97732516,-1.2956492,-1.4662719,-1.8016143,-1.4532949,-1.3573326,-2.2626303,3,4,7,5,5,2,5,1,4,6,6,4,5,6,5,5,3,4,7,7,-0.56025045,0.25266081,1.526261,0.38562635,1.1406347
-18.133194,0.52374187,0.72482342,3,7,0,21.16288,0.55236551,1.4630975,0.80816459,0.6549329,-1.7444291,-1.9801346,-1.4814825,-1.2189914,-1.4398413,-1.5660562,-1.9801346,-1.4586648,-1.4276057,-2.4117478,4,5,6,8,8,7,6,4,3,8,2,5,5,8,4,3,4,4,6,7,-0.40733798,0.47934489,1.1930659,0.57189004,0.62117586
-18.549437,0.90549537,0.72482342,1,1,0,18.853921,0.51423008,1.4892965,0.76584105,0.72345544,-1.7787125,-2.0583246,-1.4892293,-1.3111441,-1.4889345,-1.5944115,-2.0583246,-1.4501295,-1.4399166,-2.4982031,5,3,3,7,4,6,3,3,2,8,3,4,7,8,6,3,5,3,3,6,-0.39330558,0.73840925,2.2394269,1.6536135,0.58581334
-17.634534,0.98179214,0.72482342,2,3,0,19.095044,0.94381221,3.4071776,3.2157359,0.19144177,-1.3873768,-1.3082647,-1.3553838,-0.24586957,-1.0363512,-1.3495114,-1.3082647,-1.6833501,-1.2619516,-1.8227926,5,7,1,7,6,4,4,2,6,8,5,1,3,8,8,5,2,6,4,8,-3.1644177,0.21947235,1.6197099,0.35548154,1.2642284
-18.343153,0.92018841,0.72482342,2,7,0,19.406029,0.9631242,1.8162293,1.7492544,0.0669749,-1.4368083,-1.3266836,-1.4350351,-0.27326583,-1.1122412,-1.4312298,-1.3266836,-1.7336184,-1.3414842,-1.7979452,5,5,5,5,5,5,3,6,4,6,5,1,5,7,8,6,5,4,3,4,-2.3871472,0.79771222,3.3491386,2.6716488,0.67748981
-16.228714,0.96807337,0.72482342,3,7,0,19.326787,0.75366678,2.299682,1.7331939,0.56648807,-1.5493232,-1.623058,-1.3831159,-0.73005999,-1.1756412,-1.3979199,-1.623058,-1.4925223,-1.3086043,-2.1046396,4,6,2,7,7,4,6,3,6,7,7,5,4,3,4,2,3,3,5,8,-0.98966731,0.43108151,4.7343202,2.0408779,2.6934423
-16.643006,0.93379622,0.72482342,2,3,0,16.700595,0.89866035,2.0301369,1.8244035,0.20573336,-1.4596974,-1.3999044,-1.4074386,-0.40161958,-1.1049841,-1.4018823,-1.3999044,-1.6462705,-1.3183996,-1.8761705,3,4,4,7,6,6,5,2,4,8,7,1,3,8,6,2,2,7,4,7,-1.5387101,0.28013499,1.8550273,0.51965804,1.3353692
-17.139704,0.93675235,0.72482342,3,7,0,17.946263,0.80618255,4.6507731,3.7493722,0.90140097,-1.4694952,-1.5247708,-1.3104365,-0.56810591,-1.0709945,-1.3145028,-1.5247708,-1.4910958,-1.2306821,-2.0639628,6,3,5,5,7,4,4,6,1,7,4,7,3,6,7,5,5,1,3,5,-3.2516371,0.50771612,1.9003082,0.96481709,0.93549109
-16.308206,0.99160217,0.72482342,2,3,0,17.266111,0.76140464,2.8972686,2.2059938,0.69127484,-1.5292134,-1.6091654,-1.3548427,-0.70065484,-1.1460228,-1.3684735,-1.6091654,-1.4777265,-1.2799407,-2.1130951,4,3,6,6,7,4,4,4,4,7,7,3,5,8,7,3,4,4,1,6,-1.4780971,0.68969201,3.0136675,2.0785024,0.93516511
-16.201427,0.98484358,0.72482342,2,3,0,16.432676,0.83521934,2.7689389,2.3126713,0.45626758,-1.4749589,-1.4816772,-1.3612086,-0.52230603,-1.0954969,-1.3603102,-1.4816772,-1.5530229,-1.2779864,-1.9806871,6,4,3,5,8,4,3,6,1,7,5,2,6,7,8,3,2,3,3,8,-1.6473593,0.77635378,2.9605061,2.2984001,0.66210598
-16.470982,0.78824887,0.72482342,3,7,0,18.403604,0.87620054,1.9386262,1.6986254,0.24000088,-1.4779254,-1.4338035,-1.41117,-0.45720674,-1.1189819,-1.4066604,-1.4338035,-1.6240702,-1.3240669,-1.9048134,5,8,2,4,8,2,1,3,5,5,5,2,5,8,7,4,4,7,1,5,-1.3192069,0.51741443,1.4101853,0.72965022,0.68053506
-16.577009,0.87026204,0.72482342,2,3,0,17.644263,0.6905709,2.4472819,1.6900216,0.75726023,-1.5982653,-1.7405735,-1.3803956,-0.88268597,-1.2312467,-1.4149682,-1.7405735,-1.4413825,-1.3135912,-2.2312977,2,7,4,7,7,3,5,6,3,7,7,2,5,7,6,8,4,2,3,8,-0.9537441,0.40399611,2.8934265,1.1689331,1.7244935
-16.172774,1,0.72482342,2,3,0,16.605482,0.82238307,2.7309395,2.2458784,0.48506109,-1.4852873,-1.5031714,-1.3620575,-0.55420943,-1.1049379,-1.3630175,-1.5031714,-1.5403775,-1.2801851,-2.0009145,3,3,6,7,7,4,7,4,2,8,5,4,2,8,6,7,5,6,5,7,-1.5564153,0.4289987,2.6663038,1.1438409,1.5224629
-17.423928,0.88999549,0.72482342,2,7,0,17.460861,0.86711201,1.2143572,1.0529837,0.16137348,-1.5389167,-1.4780809,-1.4887454,-0.53367902,-1.1971765,-1.4855336,-1.4780809,-1.6607319,-1.4023782,-1.9070348,7,2,4,8,8,6,3,5,3,7,4,2,2,7,6,6,3,6,3,6,-1.2869495,0.91106138,2.8321508,2.5802632,0.25188759
-19.590055,0.85742382,0.72482342,2,3,0,20.66948,0.98007482,3.6776133,3.6043362,0.07327711,-1.3603541,-1.2550963,-1.3578299,-0.15297732,-1.0311908,-1.3550218,-1.2550963,-1.7394451,-1.2616648,-1.7735049,6,2,3,4,6,2,3,4,5,6,1,4,6,8,7,6,3,5,4,6,-4.4142397,0.5084104,2.6225661,1.3333399,1.2892262
-17.066377,0.99465398,0.72482342,2,3,0,19.609294,0.9195275,3.3290451,3.0611485,0.26789659,-1.404274,-1.3441565,-1.3524857,-0.30580652,-1.0418921,-1.3459198,-1.3441565,-1.648557,-1.2610704,-1.8572973,5,5,4,6,3,3,3,3,5,5,6,2,2,8,8,6,1,5,4,7,-2.759711,0.31168763,1.2465271,0.3885271,0.85800005
-18.269016,0.77879905,0.72482342,2,3,0,20.223235,0.89514824,1.0386874,0.92977916,0.1089082,-1.5480285,-1.460036,-1.522243,-0.50117185,-1.2175682,-1.5181158,-1.460036,-1.7046736,-1.4337409,-1.8788764,4,7,6,6,5,5,4,4,3,4,6,7,6,8,4,3,1,6,1,3,-1.6965097,0.73729079,2.25065,1.6593835,0.59126647
-16.140972,0.79885594,0.72482342,2,3,0,20.939942,0.78741006,2.3296262,1.8343711,0.4952551,-1.5224767,-1.5647249,-1.3807442,-0.64826513,-1.1467936,-1.3878422,-1.5647249,-1.5196958,-1.3024896,-2.0478413,3,5,5,5,7,4,6,3,4,7,2,4,6,8,6,3,3,5,1,6,-1.1136855,0.31410004,3.1005557,0.97388466,2.1266711
-16.247923,0.96163735,0.72482342,2,7,0,16.448444,0.85731877,2.6164129,2.2430999,0.373313,-1.4635508,-1.4481338,-1.3696388,-0.47356118,-1.089598,-1.3662278,-1.4481338,-1.5813615,-1.2841802,-1.9429766,4,1,3,8,4,2,2,5,6,6,2,2,5,8,7,1,3,3,3,7,-1.6412772,0.4989947,1.0578961,0.52788452,0.53001154
-16.166221,0.9988846,0.72482342,2,3,0,16.281059,0.81905301,2.7135519,2.2225428,0.49100904,-1.4881839,-1.5088558,-1.3626447,-0.56266972,-1.1077854,-1.3641282,-1.5088558,-1.5374052,-1.281125,-2.0060342,3,2,5,4,4,3,2,3,3,8,4,2,2,7,8,6,3,3,5,7,-1.5276337,0.3931547,3.6680615,1.4421156,2.2259459
-16.854234,0.8903198,0.72482342,2,3,0,17.192114,0.89553107,3.5752674,3.201763,0.37350438,-1.415324,-1.3774922,-1.3414352,-0.35830891,-1.0416262,-1.3351013,-1.3774922,-1.6126682,-1.2520838,-1.895389,5,4,2,7,4,5,5,3,6,8,8,3,3,7,6,3,2,6,3,6,-2.7521486,0.65744223,2.989592,1.965484,1.024108
-17.88233,0.90906857,0.72482342,2,3,0,18.383949,0.74193644,5.4128665,4.0160029,1.3968636,-1.5216165,-1.6517579,-1.3005897,-0.73245694,-1.1208857,-1.3218137,-1.6517579,-1.4190835,-1.2292504,-2.2104396,7,3,7,6,4,4,4,3,1,5,6,4,5,6,7,7,2,7,6,8,-3.7584164,0.68065558,0.96357379,0.65586188,0.30771192
-16.641153,0.95778004,0.72482342,2,3,0,18.987418,0.90471363,2.324132,2.1026739,0.22145811,-1.4429121,-1.3834899,-1.3902484,-0.37349286,-1.0855265,-1.3843238,-1.3834899,-1.6452008,-1.3005638,-1.8707426,1,3,6,6,6,2,2,3,4,7,3,3,2,8,6,4,3,3,2,7,-1.7735036,0.2162884,3.9265782,0.84927332,3.0773049
-16.482956,1,0.72482342,1,1,0,16.635183,0.89155489,2.426676,2.1635148,0.26316115,-1.4471846,-1.3999018,-1.3828563,-0.39965079,-1.084163,-1.3772294,-1.3999018,-1.6264449,-1.2942551,-1.8899494,5,6,2,6,4,5,5,4,6,8,5,2,2,7,6,3,2,6,2,5,-1.7316416,0.14196415,1.6931469,0.24036616,1.4527807
-16.3357,0.99461429,0.72482342,2,3,0,16.657403,0.84257106,1.8554088,1.5633137,0.29209504,-1.503391,-1.4843961,-1.4146333,-0.53750263,-1.1403317,-1.413027,-1.4843961,-1.5928095,-1.3305627,-1.9491985,8,6,3,8,8,4,1,3,2,4,3,3,6,8,8,6,3,6,3,6,-1.0834779,0.75560756,1.6419579,1.2406758,0.40128209
-16.396843,0.97941716,0.72482342,2,3,0,16.641367,0.75801489,3.0980939,2.3484013,0.74969259,-1.5285049,-1.6155782,-1.3476803,-0.70643911,-1.1431284,-1.3624118,-1.6155782,-1.4693593,-1.2733146,-2.1258964,4,6,6,5,3,2,2,2,6,8,3,2,3,7,5,6,2,8,2,7,-1.6438076,0.16298553,6.4441436,1.0503022,5.3938414
-16.837421,0.97162149,0.72482342,3,7,0,16.944789,0.82802037,1.3905824,1.1514306,0.23915185,-1.543571,-1.5197091,-1.4612102,-0.59900942,-1.191557,-1.4613857,-1.5197091,-1.6102148,-1.3782168,-1.9564578,4,5,5,4,7,6,4,4,3,5,6,7,4,7,8,7,3,6,4,7,-0.97700608,0.50337944,1.7063853,0.8589593,0.84742604
-16.124713,0.97299159,0.72482342,1,3,0,17.207696,0.80947986,2.3633727,1.9131026,0.4502701,-1.5051186,-1.5277127,-1.3792347,-0.59470536,-1.1293519,-1.382231,-1.5277127,-1.5388887,-1.2986259,-2.0126381,7,6,4,6,5,6,3,1,3,6,5,5,4,8,5,3,2,5,4,4,-1.2192219,0.32231103,1.6385903,0.52813574,1.1104546
-16.373138,0.94848162,0.72482342,1,3,0,16.512633,0.8484419,1.8340002,1.5560427,0.27795759,-1.500801,-1.4763781,-1.4168056,-0.52537869,-1.1389991,-1.4145931,-1.4763781,-1.5997135,-1.3321882,-1.9405757,3,2,4,8,6,3,3,5,6,7,5,4,6,8,8,2,4,7,4,3,-1.1066869,0.60827808,1.6669931,1.0139954,0.65299773
-17.475287,0.76311789,0.72482342,2,3,0,18.818163,0.94453921,2.1221266,2.0044318,0.11769482,-1.4289141,-1.336403,-1.4093179,-0.29342468,-1.0906745,-1.4041539,-1.336403,-1.7014474,-1.3167029,-1.8185138,4,6,2,5,8,3,4,4,2,7,8,2,7,7,6,5,2,5,4,3,-2.1426139,0.49354762,3.0479386,1.5043028,1.5436357
-17.327599,1,0.72482342,1,1,0,17.529038,0.93959565,2.1559094,2.0256831,0.13022631,-1.4299852,-1.3415439,-1.40622,-0.30258451,-1.0889478,-1.4008162,-1.3415439,-1.6941054,-1.3139288,-1.8246225,3,5,3,6,4,2,4,2,2,7,6,2,5,8,6,7,3,3,1,8,-2.0825139,0.26396075,3.233013,0.85338854,2.3796245
-16.231918,0.96028934,0.72482342,1,3,0,17.876037,0.84399016,2.0784534,1.7541942,0.32425918,-1.4917711,-1.4773767,-1.3982705,-0.52387706,-1.1243002,-1.3964328,-1.4773767,-1.5841658,-1.314105,-1.9523482,7,1,4,6,8,7,2,4,3,8,7,1,3,8,4,5,4,5,4,5,-1.1960675,0.56812823,1.5553433,0.88363441,0.67170884
-16.674735,0.95033797,0.72482342,2,3,0,16.8219,0.83531166,1.5018327,1.2544984,0.24733433,-1.5302738,-1.5053609,-1.4481296,-0.57494473,-1.1754379,-1.447444,-1.5053609,-1.6076265,-1.3645762,-1.9501275,5,4,4,3,4,3,3,3,2,7,7,2,3,7,7,5,3,3,3,6,-0.98848871,0.40479503,5.3598176,2.1696275,3.1901901
-16.687191,0.97542016,0.72482342,2,3,0,17.17875,0.75050708,1.4959393,1.122713,0.37322626,-1.5858239,-1.6313449,-1.4482147,-0.76221485,-1.2313433,-1.4618738,-1.6313449,-1.5412639,-1.3727723,-2.0676443,3,6,2,7,3,4,6,3,2,8,8,6,5,6,5,4,4,6,3,8,-0.68077317,0.24714527,1.726501,0.42669655,1.2998045
-16.962178,0.98689734,0.72482342,3,7,0,17.029574,0.73613931,1.350685,0.99429234,0.35639269,-1.605565,-1.6551406,-1.4669313,-0.80088189,-1.2573698,-1.4833523,-1.6551406,-1.5466139,-1.3925523,-2.0790913,6,5,5,6,5,4,6,3,2,7,2,5,5,7,5,6,5,5,3,8,-0.68148158,0.52993188,1.9198017,1.0173641,0.90243756
-16.207414,0.87976166,0.72482342,2,3,0,18.354305,0.78755947,1.990936,1.5679805,0.42295549,-1.5344397,-1.5671312,-1.4023032,-0.65802862,-1.1652692,-1.4090746,-1.5671312,-1.535216,-1.3237683,-2.03516,5,3,5,8,4,4,7,4,6,5,5,5,5,7,8,7,3,7,5,6,-0.91058762,0.66048807,3.9246182,2.5921635,1.3324547
-16.443442,0.98270567,0.72482342,3,7,0,16.460485,0.84909398,3.3493276,2.8438939,0.5054337,-1.4523505,-1.4539953,-1.3419372,-0.47618225,-1.0685872,-1.3392078,-1.4539953,-1.5570257,-1.257262,-1.9677872,4,2,6,4,8,3,7,6,5,6,8,4,6,8,6,2,3,4,5,7,-2.2291873,0.39610801,1.2650845,0.50111012,0.7639744
-16.506233,0.93833977,0.72482342,2,3,0,17.181239,0.89223743,2.2499227,2.0074653,0.24245745,-1.4535871,-1.4028789,-1.3926093,-0.40543028,-1.0933605,-1.3870786,-1.4028789,-1.6319084,-1.3040172,-1.8870265,5,8,4,8,5,5,3,6,1,6,6,5,2,8,8,6,5,3,2,7,-1.6145052,0.83637557,1.1081195,0.92680407,0.18131541
-16.697567,0.99430642,0.72482342,2,3,0,16.72055,0.90930971,2.407515,2.1891767,0.21833824,-1.4368759,-1.3750649,-1.3865435,-0.35933524,-1.0799533,-1.3804968,-1.3750649,-1.6490439,-1.2964338,-1.8651921,7,3,3,8,6,4,2,2,1,8,5,2,6,8,6,3,4,5,4,8,-1.8767833,0.79492806,1.8036486,1.4337709,0.36987772
-16.541641,0.99077856,0.72482342,3,7,0,16.960565,0.7898579,3.605317,2.8476882,0.75762888,-1.494444,-1.5564179,-1.3319464,-0.61997931,-1.1029388,-1.3392234,-1.5564179,-1.4881965,-1.2539676,-2.0778696,6,3,1,8,8,5,1,8,3,4,5,3,6,8,6,7,2,7,4,6,-2.2067758,0.95045668,1.1213361,1.0657814,0.055554716
-16.844649,0.94346538,0.72482342,2,7,0,17.126677,0.90689049,1.8600391,1.6868517,0.17318733,-1.4641668,-1.3946425,-1.4212237,-0.39330892,-1.1151006,-1.4156694,-1.3946425,-1.6619633,-1.3316088,-1.8643386,3,5,4,7,5,5,3,5,4,8,3,5,2,8,8,3,4,4,5,7,-1.5368688,0.69258624,3.7933166,2.6271989,1.1661177
-18.3695,0.91152133,0.72482342,2,7,0,18.466194,0.54339402,3.0733645,1.6700479,1.4033166,-1.7383223,-2.0724802,-1.3882542,-1.2677479,-1.4121134,-1.4992118,-2.0724802,-1.3550314,-1.3420868,-2.630873,3,3,1,8,7,5,3,5,1,8,6,4,4,8,8,3,5,4,1,4,-1.3198163,0.90476425,1.4991836,1.3564077,0.14277587
-16.815043,1,0.72482342,2,3,0,18.178666,0.89442049,1.7105288,1.529932,0.18059678,-1.4806657,-1.416966,-1.4322301,-0.43094243,-1.1309613,-1.4271092,-1.416966,-1.6540941,-1.3436757,-1.8787727,3,2,5,6,6,5,7,3,2,7,6,6,2,8,7,6,4,4,2,8,-1.379592,0.50362211,3.7233594,1.8751661,1.8481933
-16.380725,0.99263076,0.72482342,2,7,0,16.836305,0.74415643,2.9012667,2.1589963,0.74227043,-1.5435357,-1.6411881,-1.3554719,-0.74367515,-1.1617157,-1.3738023,-1.6411881,-1.4631636,-1.2826481,-2.1461504,2,4,3,8,8,7,4,3,5,5,3,3,3,5,8,4,6,7,3,8,-1.4346408,0.76259135,2.9211973,2.2276798,0.69351749
-16.331969,0.91059707,0.72482342,1,3,0,17.164888,0.85635201,1.963919,1.681806,0.28211302,-1.489038,-1.4615538,-1.4073198,-0.50081667,-1.1256947,-1.4042867,-1.4615538,-1.6017579,-1.3219879,-1.932339,4,3,5,7,6,3,5,3,5,8,7,5,6,8,7,3,2,8,3,8,-1.2050999,0.30978259,3.5037316,1.085395,2.4183365
-16.142269,0.98405144,0.72482342,1,3,0,16.491943,0.81766212,2.5839393,2.1127893,0.47115,-1.4926226,-1.512234,-1.3683981,-0.56918969,-1.1139327,-1.3700893,-1.512234,-1.5396924,-1.2869954,-2.0052051,7,3,3,7,5,4,3,6,1,7,7,5,5,8,8,2,2,6,3,7,-1.4177909,0.713751,4.3716713,3.1202848,1.2513865
-18.684083,0.74639011,0.72482342,2,3,0,19.012791,0.67325045,5.7961252,3.9022439,1.8938813,-1.5887186,-1.8027584,-1.304332,-0.91821773,-1.1989298,-1.3526902,-1.8027584,-1.3612706,-1.2427733,-2.3848309,4,5,4,8,7,6,4,2,5,7,6,2,2,6,6,3,4,7,1,6,-3.9697934,0.56810697,2.4944905,1.4171375,1.0773531
-18.41208,1,0.72482342,3,7,0,18.706549,0.6589872,5.2167903,3.437798,1.7789922,-1.6055718,-1.8321599,-1.313847,-0.95788471,-1.2221215,-1.3681243,-1.8321599,-1.3582596,-1.2540472,-2.4097536,1,4,1,8,3,2,5,4,4,8,5,5,4,6,6,5,2,6,2,6,-3.4171468,0.29545258,0.6050443,0.1787619,0.4262824
-20.125012,0.67574771,0.72482342,1,1,0,20.338629,0.60564357,6.7344453,4.0786735,2.6557718,-1.6621482,-1.969877,-1.3108637,-1.1088043,-1.2906924,-1.3960186,-1.969877,-1.3149651,-1.2597823,-2.5960034,3,4,4,7,4,5,3,6,1,5,4,5,3,6,7,2,5,3,4,8,-4.7212517,0.78221284,2.6215141,2.050582,0.57093212
-16.608734,1,0.72482342,2,3,0,19.705639,0.88945801,3.1461695,2.7983856,0.34778385,-1.4280617,-1.391566,-1.3530605,-0.38243472,-1.0560723,-1.347141,-1.391566,-1.6101145,-1.2644055,-1.9007867,4,4,5,3,6,3,6,6,4,8,6,2,5,8,6,7,2,4,1,8,-2.3102081,0.52014637,1.9688106,1.0240697,0.94474092
-16.361159,0.99196562,0.72482342,3,7,0,16.757645,0.83742786,3.2334284,2.707763,0.52566536,-1.4631488,-1.4742845,-1.3445396,-0.50699148,-1.0786704,-1.3432951,-1.4742845,-1.5455715,-1.2611056,-1.9855683,4,1,4,8,4,2,4,3,5,6,7,4,3,7,7,4,1,4,1,7,-2.0631887,0.42514901,1.312485,0.5580017,0.7544833
-17.611278,0.70159142,0.72482342,1,3,0,19.782334,0.89254543,1.2309558,1.098684,0.13227183,-1.5238255,-1.4460992,-1.4886378,-0.47957759,-1.1862668,-1.4842236,-1.4460992,-1.6829179,-1.400351,-1.8793765,7,2,8,8,5,5,4,6,3,6,3,2,2,6,8,6,5,6,2,7,-1.4573291,0.82304218,1.4051231,1.1564756,0.24864753
-16.555156,0.9273311,0.72482342,2,3,0,18.75293,0.69438175,2.4755279,1.7189614,0.75656651,-1.5943663,-1.733506,-1.3785095,-0.8729198,-1.2261278,-1.4118232,-1.733506,-1.4425414,-1.3112827,-2.2252384,5,6,3,5,5,5,3,5,4,8,3,2,2,5,5,4,5,5,3,7,-0.98163674,0.094444272,2.0390437,0.192576,1.8464677
-16.61681,0.96077435,0.72482342,2,3,0,17.138189,0.75257329,1.5458739,1.1633834,0.38249051,-1.5813212,-1.6276107,-1.442549,-0.7553719,-1.2251326,-1.4558962,-1.6276107,-1.5382276,-1.3670064,-2.067584,8,1,4,8,8,5,1,2,3,6,4,4,4,7,5,4,2,7,2,7,-0.68319105,0.67112451,1.5567162,1.0447504,0.51196579
-16.532104,0.98314318,0.72482342,3,7,0,16.956989,0.77428948,1.5778377,1.2217031,0.35613457,-1.5643975,-1.5932195,-1.4385448,-0.70517063,-1.2058839,-1.4473577,-1.5932195,-1.5512971,-1.3608627,-2.0370704,7,7,6,7,6,5,3,3,3,6,5,1,3,7,5,7,3,5,2,8,-0.74682376,0.41952222,1.5735776,0.66015076,0.91342683
-17.511853,0.88638496,0.72482342,2,3,0,17.905765,0.92502619,4.0296931,3.7275716,0.30212145,-1.388048,-1.3281386,-1.3362611,-0.27796251,-1.0233913,-1.3295123,-1.3281386,-1.650646,-1.2440959,-1.8530064,7,5,4,7,8,7,1,4,2,8,7,4,3,6,6,7,3,6,2,7,-3.4777928,0.71546152,2.3780704,1.7014179,0.67665255
-18.059475,0.95047206,0.72482342,2,3,0,18.94867,0.5455678,2.4903444,1.3586517,1.1316927,-1.7379103,-2.0475094,-1.4098852,-1.2546028,-1.4172373,-1.5140279,-2.0475094,-1.3794058,-1.361775,-2.5701487,7,3,5,7,8,4,4,4,3,8,3,3,5,8,5,4,6,2,3,7,-0.83724963,0.47559087,1.882615,0.89535451,0.98726049
-18.225158,0.96575331,0.72482342,1,1,0,18.733976,0.52977381,2.3531672,1.2466463,1.1065208,-1.7552908,-2.0778296,-1.4215164,-1.2939832,-1.4433704,-1.5336221,-2.0778296,-1.38366,-1.3749733,-2.5964701,3,7,6,6,4,5,3,3,8,8,3,2,3,8,7,5,3,4,2,8,-0.73252787,0.36013649,0.93424108,0.3364543,0.59778678
-18.982373,0.98430107,0.72482342,2,3,0,20.741274,0.54437472,1.0428807,0.56771787,0.4751628,-1.7680232,-1.962329,-1.543981,-1.2265016,-1.479277,-1.6208689,-1.962329,-1.5210385,-1.487307,-2.340262,4,4,4,8,8,4,4,7,2,6,3,5,5,6,7,2,6,4,4,6,-0.71824045,0.90149725,2.6888024,2.423948,0.26485442
-18.708945,0.80264667,0.72482342,2,3,0,20.879774,0.83122405,0.84888147,0.7056107,0.14327078,-1.610856,-1.5520887,-1.5611784,-0.65617777,-1.2813026,-1.5611557,-1.5520887,-1.6828538,-1.4770144,-1.9432794,4,5,8,6,2,3,3,4,8,8,5,3,3,6,6,3,4,5,2,4,-1.7030746,0.21251142,1.5157236,0.32210858,1.193615
-19.999061,0.94931753,0.72482342,3,7,0,20.303822,0.76453491,0.65663141,0.50201764,0.15461377,-1.6851144,-1.6491348,-1.6214528,-0.81436694,-1.3685952,-1.628896,-1.6491348,-1.691853,-1.5413401,-2.0047705,5,4,5,7,6,3,5,4,1,6,4,3,1,7,4,3,5,3,4,7,-2.2090897,0.74870673,3.7709769,2.8233558,0.94762111
-16.42731,1,0.72482342,2,3,0,19.581882,0.71189742,2.239163,1.5940544,0.64510865,-1.5848051,-1.69826,-1.3894874,-0.83254276,-1.2173905,-1.4161126,-1.69826,-1.4649054,-1.3197526,-2.1777237,4,3,3,8,7,3,3,6,2,6,6,3,5,7,8,4,4,4,1,4,-0.84991181,0.84977927,1.9618273,1.6671201,0.29470712
-16.192113,0.95102926,0.72482342,1,3,0,16.785727,0.843297,2.2316813,1.8819701,0.34971116,-1.4859987,-1.4756585,-1.3885095,-0.51939579,-1.1156429,-1.3867045,-1.4756585,-1.5776054,-1.3044274,-1.9567742,7,6,4,5,4,2,7,4,4,8,4,4,4,8,4,4,2,4,2,5,-1.284654,0.30346777,1.1278503,0.34226622,0.78558407
-16.298914,0.90156201,0.72482342,2,3,0,17.353693,0.78652671,3.0686299,2.4135593,0.65507052,-1.5056087,-1.5634225,-1.3481548,-0.63558724,-1.1195235,-1.3559221,-1.5634225,-1.4960497,-1.2703868,-2.0715482,5,3,4,7,8,4,1,5,2,7,6,2,2,7,8,1,4,3,2,5,-1.706147,0.74685232,1.2823748,0.95774462,0.32463021
-16.523659,0.85564678,0.72482342,1,3,0,17.297294,0.8943077,2.2772812,2.0365901,0.24069109,-1.451185,-1.3992834,-1.391322,-0.39946507,-1.0911545,-1.3856979,-1.3992834,-1.63364,-1.3025406,-1.8844841,3,2,5,6,7,1,3,6,2,5,4,3,4,7,5,4,7,7,3,5,-1.6496571,0.46074229,4.0891726,1.8840548,2.2051179
-16.370663,0.97234154,0.72482342,3,7,0,17.059897,0.84768284,3.1883663,2.7027234,0.48564292,-1.4564691,-1.4575646,-1.346802,-0.48274409,-1.074043,-1.3442678,-1.4575646,-1.5581339,-1.2622826,-1.9676955,7,7,6,6,3,2,5,2,6,6,5,3,4,8,4,5,2,5,4,8,-2.0755657,0.059845529,3.0974382,0.18536783,2.9120704
-19.356471,0.72907758,0.72482342,3,7,0,20.10475,0.79669939,7.9031892,6.296466,1.6067232,-1.4610667,-1.5417322,-1.2772073,-0.57768061,-1.0501025,-1.283678,-1.5417322,-1.4597382,-1.1988891,-2.1135105,6,3,4,8,8,4,3,5,4,8,4,3,3,8,6,7,1,6,1,8,-6.0980528,0.77572921,3.0024233,2.3290675,0.67335584
-16.844446,0.9815722,0.72482342,2,7,0,19.480209,0.9186978,2.5372879,2.3310008,0.2062871,-1.4264603,-1.3590039,-1.3817568,-0.33235934,-1.0714846,-1.3756032,-1.3590039,-1.6585822,-1.2908059,-1.8533544,5,2,4,6,8,4,2,5,2,6,6,4,6,5,8,5,7,6,4,8,-2.0727469,0.58752448,2.3153322,1.3603143,0.95501786
-16.587781,0.99237274,0.72482342,2,3,0,17.164657,0.86945824,1.7150487,1.4911633,0.22388549,-1.4949154,-1.4503705,-1.4289753,-0.48554217,-1.1393437,-1.4250806,-1.4503705,-1.6271891,-1.3424879,-1.9103285,3,6,5,7,4,4,3,5,1,7,8,3,1,8,6,5,4,4,3,8,-1.1966713,0.85331672,0.95840484,0.81782287,0.14058196
-17.162869,0.9230438,0.72482342,2,3,0,17.685446,0.79911736,1.2201292,0.9750264,0.24510277,-1.5765663,-1.5664073,-1.4846033,-0.6743515,-1.2295647,-1.4885646,-1.5664073,-1.6043959,-1.4039338,-1.9870303,2,5,6,6,6,3,3,3,4,8,3,4,5,7,7,3,4,5,5,5,-0.9507189,0.49434462,1.8786353,0.92869327,0.94994205
-16.752718,1,0.72482342,1,1,0,17.132377,0.81579938,1.4233448,1.1611638,0.262181,-1.5482822,-1.5355273,-1.4566069,-0.62288361,-1.194519,-1.4583357,-1.5355273,-1.5970928,-1.3747419,-1.9731488,4,5,4,7,5,3,5,6,6,8,6,3,4,7,5,6,4,5,8,6,-0.91374522,0.2733706,2.3503278,0.64251054,1.7078173
-16.222711,0.99668566,0.72482342,3,7,0,16.808626,0.84171485,2.0828951,1.7532038,0.32969136,-1.4930887,-1.4807327,-1.3978097,-0.52893545,-1.1252296,-1.3962274,-1.4807327,-1.5816554,-1.3138632,-1.9557635,5,4,2,6,5,3,7,5,4,8,6,2,2,5,7,4,2,6,2,5,-1.1867604,0.57127426,1.1233015,0.64171326,0.48158829
-17.528767,0.90639147,0.72482342,3,7,0,17.5523,0.64270843,1.3113908,0.84284195,0.4685489,-1.675868,-1.8071147,-1.4819518,-1.0095491,-1.346785,-1.5256336,-1.8071147,-1.5040776,-1.4171043,-2.2207344,5,4,3,7,6,3,4,5,4,7,5,6,2,7,6,5,3,3,4,3,-0.5326548,0.67946216,3.5013423,2.3790296,1.1223127
-16.731586,0.80512096,0.72482342,2,3,0,19.099302,0.88112033,1.6637407,1.4659558,0.19778495,-1.4914637,-1.436514,-1.4350089,-0.4634057,-1.1395358,-1.4304774,-1.436514,-1.6420737,-1.3475485,-1.8948332,4,2,4,7,7,3,4,7,3,6,4,5,3,8,5,4,3,2,3,6,-1.2670748,0.61329595,1.2528065,0.76834118,0.48446536
-16.98787,0.95839902,0.72482342,2,3,0,17.421634,0.82071314,4.4236967,3.630586,0.79311071,-1.4596513,-1.4984828,-1.3149773,-0.532845,-1.06367,-1.3162956,-1.4984828,-1.5098092,-1.2334724,-2.0331248,6,4,4,8,6,6,6,6,4,8,7,6,4,8,4,4,4,7,3,7,-3.0976848,0.68031179,2.585703,1.7590842,0.82661877
-16.412576,0.98021989,0.72482342,3,7,0,17.484428,0.71646541,2.454593,1.758631,0.69596202,-1.5758035,-1.691261,-1.3772386,-0.81832769,-1.2039562,-1.4030567,-1.691261,-1.4581384,-1.3072878,-2.1806226,3,3,5,7,5,6,5,3,6,7,2,3,2,6,6,4,4,7,4,8,-1.0097367,0.51629651,1.6073823,0.82988589,0.77749644
-16.605847,0.81076753,0.72482342,2,3,0,17.843978,0.85814929,1.630635,1.3993282,0.23130673,-1.5072542,-1.4689814,-1.4360017,-0.51606658,-1.1517509,-1.4330244,-1.4689814,-1.6204932,-1.350487,-1.9234823,6,4,4,6,3,3,6,5,3,8,3,5,5,8,5,5,4,7,3,5,-1.1123357,0.73121689,1.4421379,1.0545156,0.38762232
-16.639241,0.95567881,0.72482342,2,3,0,17.510249,0.68055634,2.1093976,1.4355639,0.67383368,-1.6145923,-1.7554537,-1.4010947,-0.91072731,-1.255678,-1.4378094,-1.7554537,-1.4525357,-1.3348384,-2.229316,4,6,7,6,4,5,7,2,5,5,3,2,4,8,7,4,6,5,5,8,-0.71212555,0.60686782,1.2376606,0.75109639,0.4865642
-16.530268,0.96970016,0.72482342,2,7,0,17.105662,0.79768135,1.564836,1.2482405,0.31659552,-1.5495833,-1.5578823,-1.4399075,-0.65366424,-1.1910444,-1.4444495,-1.5578823,-1.5706599,-1.3599062,-2.0029321,2,4,8,6,2,2,6,2,4,7,6,4,5,7,8,2,4,6,3,7,-0.82617942,0.12287237,3.4005205,0.41783002,2.9826905
-16.550065,0.99958231,0.72482342,3,7,0,16.558518,0.81195944,3.6731678,2.9824633,0.69070451,-1.4755945,-1.5162574,-1.3306749,-0.56340949,-1.0843585,-1.3334971,-1.5162574,-1.5099646,-1.2501157,-2.0379961,3,4,4,7,6,4,5,4,3,7,6,1,4,7,7,6,6,6,2,8,-2.3535913,0.46249811,4.7922419,2.2164028,2.5758391
-16.44049,0.81849883,0.72482342,2,3,0,18.606774,0.8271344,3.4469047,2.8510535,0.59585127,-1.4671546,-1.4905446,-1.3374704,-0.52873948,-1.0793075,-1.3377096,-1.4905446,-1.5302723,-1.2551694,-2.0068989,7,1,5,8,6,4,6,5,6,8,4,3,5,7,6,5,2,5,1,6,-2.2091266,0.57982086,4.0274862,2.3352205,1.6922657
-16.152755,0.98293338,0.72482342,2,3,0,16.665402,0.83378515,2.370824,1.9767579,0.39406616,-1.4875587,-1.4884331,-1.3799574,-0.53689068,-1.1136653,-1.3792941,-1.4884331,-1.5629089,-1.2968373,-1.974376,4,3,5,6,4,6,4,6,4,8,3,3,5,8,6,6,3,6,3,3,-1.3313845,0.48179146,1.4618072,0.70428621,0.75752096
-16.152755,0.93813922,0.72482342,1,3,0,16.687483,0.83378515,2.370824,1.9767579,0.39406616,-1.4875587,-1.4884331,-1.3799574,-0.53689068,-1.1136653,-1.3792941,-1.4884331,-1.5629089,-1.2968373,-1.974376,3,4,4,7,8,2,4,5,2,7,7,2,4,7,5,5,4,5,2,5,-1.3313845,0.45409416,4.2559968,1.9326233,2.3233735
-16.293799,0.98715205,0.72482342,2,3,0,16.310689,0.7649999,1.8927048,1.447919,0.44478582,-1.5549307,-1.6048873,-1.4100098,-0.71388532,-1.1887076,-1.4213706,-1.6048873,-1.5223246,-1.3337554,-2.0668301,5,5,6,7,6,2,1,4,3,5,5,4,4,8,5,5,3,4,1,8,-0.7941686,0.59055976,3.4583903,2.0423861,1.4160042
-17.021388,0.78549635,0.72482342,3,7,0,17.974749,0.91937432,3.2234066,2.9635173,0.25988933,-1.4067034,-1.3458314,-1.3556468,-0.30883293,-1.045123,-1.349126,-1.3458314,-1.6494969,-1.2642913,-1.8568587,7,4,4,7,7,4,6,6,3,7,7,3,5,8,7,5,3,7,2,8,-2.6620852,0.79117207,1.3737407,1.0868653,0.28687543
-17.517106,0.95551063,0.72482342,1,1,0,17.518688,0.93696428,3.545589,3.3220903,0.22349876,-1.3887742,-1.3160585,-1.3501089,-0.25888105,-1.0331351,-1.3438712,-1.3160585,-1.6719767,-1.2571484,-1.8330904,4,3,3,6,5,2,6,3,3,6,5,1,4,5,7,4,1,7,3,7,-3.1845434,0.55539895,1.602715,0.89014621,0.71256876
-17.139099,0.97876121,0.72482342,3,7,0,17.962689,0.67241244,1.4299799,0.96153625,0.46844362,-1.6465607,-1.7591086,-1.4624958,-0.94028102,-1.30643,-1.4973776,-1.7591086,-1.5027245,-1.3950408,-2.1850705,5,4,4,8,6,7,2,4,4,8,5,5,5,8,7,4,3,4,3,7,-0.52967833,0.71218793,3.9174685,2.7899738,1.1274947
-17.62756,0.79461487,0.72482342,3,7,0,18.994381,0.59269105,1.5605872,0.92494608,0.63564113,-1.7060729,-1.9076192,-1.4614894,-1.1245753,-1.3844344,-1.5288294,-1.9076192,-1.4577003,-1.4035892,-2.3459757,6,2,3,6,8,4,5,6,5,7,5,4,2,7,7,6,1,2,3,5,-0.4234517,0.80630309,1.5744433,1.2694785,0.3049648
-17.498754,0.9954256,0.72482342,3,7,0,18.092916,0.94709166,2.5656562,2.4299115,0.13574462,-1.4087494,-1.3198996,-1.3861055,-0.26569855,-1.0665982,-1.3807859,-1.3198996,-1.6970605,-1.2929547,-1.8157943,6,5,3,4,7,7,4,6,4,7,2,3,4,7,8,4,2,4,6,6,-2.4938686,0.71242751,2.3387517,1.6661911,0.67256066
-17.075279,0.95483348,0.72482342,2,3,0,18.685562,0.92447976,1.9512592,1.8038996,0.14735956,-1.4490101,-1.368274,-1.417108,-0.34847076,-1.1045747,-1.411475,-1.368274,-1.6800709,-1.3260849,-1.8429304,4,4,3,8,7,6,8,6,3,4,3,1,5,7,5,6,5,6,3,3,-1.765603,0.43178425,1.895727,0.81854505,1.0771819
-16.279416,0.96802603,0.72482342,1,3,0,17.196865,0.85791968,2.1173597,1.8165246,0.30083515,-1.4809548,-1.455735,-1.3968402,-0.49013985,-1.1149434,-1.3935854,-1.455735,-1.5972795,-1.3113607,-1.9330918,4,3,8,7,7,3,4,3,3,7,6,3,4,8,6,4,2,6,2,6,-1.2953125,0.60481309,1.8354395,1.1100978,0.72534164
-16.170497,0.9826845,0.72482342,1,3,0,16.493513,0.77309228,2.2900228,1.770399,0.51962386,-1.5345349,-1.589295,-1.3830983,-0.68354316,-1.1598586,-1.393225,-1.589295,-1.5088585,-1.3063905,-2.0705551,4,4,7,6,5,1,5,2,2,5,5,5,4,8,6,4,6,6,5,7,-1.0398366,0.39613831,2.1490165,0.85130777,1.2977087
-17.058609,0.82094502,0.72482342,1,3,0,17.770759,0.74793294,4.2290708,3.1630614,1.0660094,-1.5238892,-1.637058,-1.3188138,-0.7222703,-1.1292546,-1.3374067,-1.637058,-1.4384947,-1.2462803,-2.1755389,5,2,5,7,7,1,6,1,4,8,3,4,1,6,3,3,4,5,4,6,-2.6660244,0.67659117,1.4481107,0.97977893,0.4683318
-16.957708,0.99247507,0.72482342,2,3,0,17.312848,0.70036103,3.5654647,2.4971125,1.0683522,-1.5738231,-1.7307932,-1.3382017,-0.85027463,-1.1913819,-1.3721087,-1.7307932,-1.4126966,-1.2715011,-2.2609208,7,5,3,7,7,5,4,3,3,5,6,2,5,8,7,8,5,4,5,7,-1.9351709,0.6588024,2.5698672,1.6930347,0.87683251
-16.57755,0.85717632,0.72482342,1,3,0,18.733167,0.78306419,1.5327053,1.2002067,0.33249868,-1.5613317,-1.5805509,-1.4433417,-0.68787825,-1.2038636,-1.4503996,-1.5805509,-1.5616594,-1.3647176,-2.0222036,2,2,3,6,3,5,7,4,3,8,6,2,7,8,5,5,5,6,2,6,-0.77539269,0.12583966,2.472199,0.31110069,2.1610983
-16.367697,1,0.72482342,1,1,0,16.548193,0.7803708,1.7356127,1.3544215,0.38119122,-1.5513405,-1.5815198,-1.4230366,-0.68432281,-1.1882973,-1.4309094,-1.5815198,-1.544422,-1.3449695,-2.0355193,8,6,4,8,5,3,5,6,1,7,5,7,4,7,7,5,4,4,2,5,-0.7894,0.64253572,1.7719097,1.1385152,0.63339442
-19.135092,0.63472368,0.72482342,2,3,0,20.021811,0.66141812,6.263461,4.1427666,2.1206944,-1.6001284,-1.8322882,-1.3017739,-0.95081069,-1.2117574,-1.3561993,-1.8322882,-1.3492915,-1.2421446,-2.4252255,3,4,4,6,5,3,4,3,5,8,3,2,5,7,7,5,2,4,6,7,-4.3715591,0.66895239,2.5535338,1.7081925,0.84534126
-19.312458,0.98998673,0.72482342,3,7,0,19.755221,0.6904746,6.9113749,4.7721288,2.1392461,-1.5677148,-1.7677852,-1.2912405,-0.86955345,-1.1699728,-1.3328887,-1.7677852,-1.3645901,-1.2275842,-2.3578222,7,3,2,7,5,3,3,1,6,7,5,2,4,5,8,4,1,4,3,8,-4.9855978,0.22042459,3.2466258,0.71563614,2.5309896
-18.346555,0.99785793,0.72482342,2,7,0,19.33586,0.92880323,1.1737945,1.0902242,0.083570383,-1.513263,-1.4096587,-1.5023081,-0.41384123,-1.1871399,-1.4977637,-1.4096587,-1.7239984,-1.4115356,-1.8430467,6,4,4,7,6,4,3,4,3,8,4,2,5,8,8,5,2,5,3,3,-1.8784163,0.49951524,2.3100594,1.1539099,1.1561495
-18.4772,0.98998888,0.72482342,1,1,0,18.743087,0.93383057,1.1683658,1.0910557,0.077310104,-1.511664,-1.4047291,-1.5039404,-0.40459383,-1.1873217,-1.4995075,-1.4047291,-1.7296585,-1.4128492,-1.8382797,6,3,4,7,6,5,3,5,3,3,3,1,4,8,5,6,3,4,3,5,-1.9515358,0.84586106,3.0505675,2.5803563,0.47021124
-19.194818,0.96530982,0.72482342,2,3,0,19.337055,0.93730808,0.99698263,0.93447988,0.062502758,-1.5358734,-1.4202259,-1.5358719,-0.42677975,-1.2175526,-1.5318556,-1.4202259,-1.7489116,-1.4446391,-1.841016,4,4,4,7,8,7,3,2,1,5,6,2,1,6,3,4,4,7,5,8,-2.2345787,0.79371666,1.3198509,1.0475876,0.27226324
-18.459252,0.9952758,0.72482342,2,7,0,19.490917,0.7787751,6.5014008,5.0631291,1.4382718,-1.482333,-1.5775264,-1.2876034,-0.63006018,-1.0750651,-1.2983534,-1.5775264,-1.4468405,-1.2115363,-2.1416872,5,4,3,8,4,6,4,1,3,7,6,3,3,6,8,4,2,7,1,6,-4.8441292,0.4591198,0.91728086,0.4211418,0.49613906
-16.615237,1,0.72482342,2,3,0,18.553891,0.85603268,3.6524873,3.1266485,0.52583882,-1.4420714,-1.4403568,-1.3342749,-0.45381675,-1.0569688,-1.3307149,-1.4403568,-1.5608782,-1.2488471,-1.9602506,6,3,3,5,5,4,4,5,2,4,5,2,3,7,8,5,3,7,3,8,-2.548493,0.4960509,1.541597,0.7647106,0.77688643
-17.810233,0.90438837,0.72482342,2,3,0,18.072822,0.92382233,4.5740549,4.225614,0.34844083,-1.3814898,-1.3254064,-1.3258907,-0.27237836,-1.0133781,-1.3189693,-1.3254064,-1.6456366,-1.2336521,-1.8574532,3,5,6,6,3,3,7,3,2,8,6,1,2,7,8,5,3,7,3,6,-3.9770492,0.099745353,2.9197046,0.29122696,2.6284776
-16.260961,0.98445271,0.72482342,2,7,0,18.513612,0.80628349,3.0372295,2.448868,0.58836151,-1.4906282,-1.5286442,-1.3495432,-0.58721479,-1.1053639,-1.3532949,-1.5286442,-1.5162402,-1.2695052,-2.0353802,4,4,2,8,6,5,3,7,4,5,4,5,3,7,6,6,7,6,2,7,-1.7507683,0.7263679,3.2012994,2.3253211,0.87597828
-16.535934,0.97252595,0.72482342,3,7,0,16.657384,0.82868435,3.634593,3.0119303,0.62266266,-1.4630165,-1.4869657,-1.3324933,-0.52204211,-1.0736745,-1.3324916,-1.4869657,-1.5289933,-1.2500318,-2.0072465,5,1,4,8,8,6,5,6,3,5,2,5,6,6,8,5,3,5,1,7,-2.3903464,0.88963062,1.1470671,1.020466,0.12660108
-16.258268,0.97915964,0.72482342,2,3,0,16.827566,0.86162583,2.500846,2.1547935,0.34605249,-1.4641862,-1.4431578,-1.3755263,-0.46700101,-1.0926845,-1.3717629,-1.4431578,-1.5892565,-1.289662,-1.9344967,6,4,2,6,4,6,5,4,4,8,5,5,5,8,8,7,7,7,5,5,-1.5772773,0.54934515,0.87546886,0.48093457,0.39453429
-16.317258,0.99337736,0.72482342,2,7,0,16.378686,0.74690543,2.7387152,2.0455613,0.69315395,-1.5442893,-1.635697,-1.3618669,-0.73899307,-1.1643414,-1.3791823,-1.635697,-1.4704611,-1.2885741,-2.1348854,5,2,2,8,6,2,4,2,4,6,4,4,5,8,7,4,2,5,5,7,-1.304951,0.46800611,1.8123458,0.8481889,0.96415689
-17.704336,0.87833598,0.72482342,2,3,0,17.845298,0.74526445,1.0546381,0.78598425,0.2686538,-1.626863,-1.6471023,-1.5143872,-0.80026181,-1.2896102,-1.5273385,-1.6471023,-1.5917969,-1.4380851,-2.0455949,5,5,5,6,8,5,1,2,5,6,3,4,4,7,8,6,1,6,1,7,-0.96784585,0.48492812,3.2951602,1.5979158,1.6972444
-16.234133,0.85308712,0.72482342,2,3,0,19.51047,0.75508223,2.1728654,1.6406921,0.53217335,-1.5520539,-1.6206891,-1.3906413,-0.72948683,-1.1806005,-1.4048627,-1.6206891,-1.4994822,-1.3158255,-2.0965023,3,3,6,5,5,5,6,2,4,6,7,4,5,8,6,5,4,3,3,8,-0.9115847,0.20159097,1.9096949,0.38497723,1.5247176
-17.348819,0.53045617,0.72482342,1,3,0,19.455052,0.93842323,2.0212604,1.8967977,0.12446268,-1.4374754,-1.3478182,-1.4147191,-0.31311055,-1.0977994,-1.4093786,-1.3478182,-1.6958036,-1.3226222,-1.8259682,6,5,6,7,3,7,2,5,3,7,2,1,5,8,8,5,4,7,6,5,-1.9890016,0.61890496,2.7072672,1.6755411,1.0317261
-16.431755,1,0.72482342,2,3,0,17.339286,0.87799245,2.8983143,2.5446981,0.35361624,-1.4417339,-1.4123171,-1.360232,-0.41628844,-1.0690044,-1.3550461,-1.4123171,-1.5997414,-1.2727263,-1.915482,6,1,5,5,6,5,6,8,6,7,3,3,3,8,7,3,1,2,3,8,-2.0072063,0.64647835,2.3703889,1.5324051,0.83798379
-17.293246,0.86931164,0.72482342,2,3,0,17.902737,0.82226787,4.8994607,4.0286691,0.87079158,-1.4540344,-1.4946395,-1.307198,-0.52467931,-1.055481,-1.3082619,-1.4946395,-1.5069475,-1.2255331,-2.0359134,6,5,4,4,6,2,4,3,3,7,4,3,5,8,6,6,4,6,5,7,-3.5518768,0.3299777,1.8985455,0.62647769,1.2720678
-18.213669,0.91391839,0.72482342,3,7,0,18.865204,0.89379327,1.0486987,0.93731984,0.11137886,-1.5471595,-1.4605253,-1.5201467,-0.50224543,-1.2160595,-1.5160338,-1.4605253,-1.7022965,-1.4317424,-1.8800141,5,5,3,6,8,5,3,3,3,8,7,3,4,7,8,5,5,7,2,5,-1.6698218,0.58017697,1.0718679,0.62187305,0.44999482
-17.491757,0.93590712,0.72482342,3,7,0,19.923327,0.62620733,3.3204754,2.079306,1.2411694,-1.6486705,-1.8869095,-1.357789,-1.0462531,-1.2879762,-1.4233357,-1.8869095,-1.3752946,-1.3007753,-2.4255372,4,4,5,6,7,3,5,5,5,8,4,6,3,7,8,4,4,4,3,7,-1.6002861,0.34045785,1.9853119,0.67591502,1.3093969
-16.499496,1,0.72482342,3,7,0,17.672998,0.85919675,3.3845464,2.9079913,0.47655513,-1.4443376,-1.4370897,-1.341888,-0.45073958,-1.0622099,-1.3380639,-1.4370897,-1.5685494,-1.2561583,-1.9515349,3,6,6,8,5,5,7,5,3,8,3,4,2,8,7,7,2,5,4,8,-2.3189059,0.16109374,1.962623,0.31616628,1.6464567
-17.394534,0.89427547,0.72482342,2,3,0,17.965565,0.77804859,1.1363759,0.88415568,0.25222024,-1.5979042,-1.5987517,-1.4984601,-0.72558318,-1.2547151,-1.5056234,-1.5987517,-1.6000855,-1.4194755,-2.00949,5,3,2,7,5,5,5,5,2,5,4,4,4,8,7,6,7,4,5,8,-0.95727413,0.96264091,6.3689925,6.1310528,0.23793975
-16.696575,1,0.72482342,2,3,0,17.316163,0.80515769,1.4495877,1.1671467,0.28244101,-1.5528683,-1.5498822,-1.4531202,-0.64419538,-1.1979264,-1.4563859,-1.5498822,-1.5861098,-1.3722659,-1.988145,7,6,2,8,6,2,5,5,2,8,4,4,3,8,7,8,2,5,7,8,-0.86479095,0.63823241,2.4227999,1.5463094,0.8764905
-16.822661,0.7414083,0.72482342,1,3,0,19.780413,0.82768565,4.147578,3.4328908,0.71468722,-1.4570427,-1.4867476,-1.3206812,-0.51800345,-1.0636412,-1.3208319,-1.4867476,-1.520948,-1.2383558,-2.0165332,4,5,5,7,7,3,2,5,4,8,4,4,2,7,5,2,2,6,7,5,-2.8680958,0.71795937,1.5392615,1.1051272,0.43413428
-18.557851,0.71506698,0.72482342,3,7,0,19.957816,0.55842268,3.6984121,2.0652772,1.6331349,-1.7202913,-2.0518247,-1.3663593,-1.2320369,-1.382221,-1.4719534,-2.0518247,-1.3404627,-1.3193724,-2.6315393,2,7,6,6,4,6,2,4,8,7,4,4,6,6,4,5,4,2,1,6,-1.8978275,0.23338562,1.7095074,0.39897445,1.310533
-18.331574,1,0.72482342,2,7,0,19.164852,0.96737666,2.4110261,2.3323704,0.078655723,-1.4034456,-1.2982449,-1.3982047,-0.22652444,-1.0743406,-1.3944078,-1.2982449,-1.7284351,-1.3037922,-1.7902458,4,7,5,7,7,6,7,3,3,7,7,2,2,7,8,4,2,3,2,6,-2.8398461,0.52167789,1.4428589,0.75270759,0.69015131
-16.867232,0.96390026,0.72482342,2,7,0,18.526623,0.70846507,3.5071725,2.4847092,1.0224633,-1.5668494,-1.7138133,-1.3388328,-0.82947577,-1.1834369,-1.3696583,-1.7138133,-1.4198475,-1.2710179,-2.2410247,6,3,3,8,4,3,2,5,5,7,5,4,7,8,8,4,5,4,5,8,-1.8970226,0.81117149,1.9581545,1.5883991,0.36975541
-16.429472,1,0.72482342,1,1,0,16.775613,0.74846579,3.0795857,2.3049645,0.77462116,-1.5368787,-1.6334839,-1.3487497,-0.73069832,-1.1524906,-1.3660897,-1.6334839,-1.4617126,-1.2755352,-2.143866,2,2,7,6,5,5,7,3,3,7,7,1,5,6,7,3,5,6,3,8,-1.6013728,0.380448,1.4901883,0.56693916,0.92324915
-16.485879,0.93251225,0.72482342,3,7,0,17.306987,0.87450721,1.8913973,1.6540406,0.23735671,-1.4814768,-1.4375831,-1.4145942,-0.46362402,-1.1231024,-1.4102256,-1.4375831,-1.6241903,-1.3276478,-1.9063822,2,8,5,6,5,3,3,7,5,8,6,3,4,8,7,3,3,5,4,5,-1.2871837,0.39489142,2.2137915,0.87420728,1.3395842
-16.405169,0.99319011,0.72482342,3,7,0,16.825534,0.77475039,1.7013846,1.3181483,0.38323622,-1.5570594,-1.5908299,-1.4262512,-0.69856332,-1.195097,-1.435192,-1.5908299,-1.5423584,-1.348712,-2.0424263,4,1,5,6,8,5,4,7,2,6,1,4,4,8,7,8,4,3,1,2,-0.76353162,0.50799264,1.2167793,0.61811493,0.59866439
-16.654652,0.82986355,0.72482342,1,3,0,17.739109,0.90422056,2.205105,1.9939013,0.21120373,-1.4481831,-1.3872313,-1.397004,-0.38008471,-1.0923856,-1.3911792,-1.3872313,-1.6476802,-1.3074202,-1.8703795,4,2,3,5,6,4,3,3,3,8,4,3,4,8,8,6,4,4,3,8,-1.6902586,0.39453792,3.0646979,1.2091395,1.8555584
-16.151718,0.96974371,0.72482342,1,3,0,17.16029,0.78431229,2.2392345,1.7562591,0.48297535,-1.5276733,-1.5705061,-1.385965,-0.65805999,-1.1536229,-1.3936209,-1.5705061,-1.520678,-1.307983,-2.0497954,6,6,4,7,7,2,5,3,4,6,5,2,5,7,7,3,2,3,2,5,-1.0425697,0.78272502,2.3804761,1.8632582,0.51721789
-17.230357,0.83582281,0.72482342,2,3,0,17.268963,0.91312272,1.5687102,1.4324249,0.13628528,-1.4807311,-1.3997602,-1.4486506,-0.40166024,-1.1396629,-1.4433825,-1.3997602,-1.68182,-1.3587298,-1.855886,3,8,6,6,5,5,4,6,1,8,6,1,7,8,8,4,1,5,4,8,-1.5364237,0.4946874,0.60567154,0.29961808,0.30605346
-16.508034,0.98782444,0.72482342,2,7,0,17.251589,0.72251036,2.938934,2.1234102,0.81552374,-1.5615284,-1.682608,-1.355603,-0.7977444,-1.1819354,-1.3805926,-1.682608,-1.4451629,-1.2854796,-2.190454,6,3,7,6,6,4,4,2,2,6,7,3,5,7,6,3,5,5,2,7,-1.4153696,0.34869116,2.9302033,1.021736,1.9084673
-16.720264,0.82510181,0.72482342,1,3,0,18.213012,0.8355486,1.4724488,1.2303026,0.24214627,-1.5323871,-1.50612,-1.4515374,-0.57655762,-1.178441,-1.4508345,-1.50612,-1.6100681,-1.3679438,-1.9490666,5,4,5,8,4,3,5,3,4,8,8,3,4,8,6,5,2,3,5,7,-0.99330747,0.40132865,2.122755,0.85192238,1.2708326
-18.233493,0.81650961,0.72482342,2,3,0,18.98296,0.96185502,3.2850129,3.1597062,0.12530675,-1.3793326,-1.285456,-1.3632604,-0.20640785,-1.0397963,-1.3586642,-1.285456,-1.7119427,-1.2685634,-1.7976007,6,1,6,7,5,7,3,4,2,7,7,1,1,8,7,4,1,5,2,8,-3.4211304,0.88739641,1.8657086,1.6556231,0.21008547
-17.970065,1,0.72482342,1,1,0,18.313427,0.95415118,3.4114158,3.2550064,0.15640938,-1.3810278,-1.2938689,-1.3577257,-0.22118488,-1.0359098,-1.3524886,-1.2938689,-1.6991171,-1.2635091,-1.8083848,4,3,2,8,6,2,4,7,6,7,7,3,4,8,8,4,5,7,5,4,-3.360768,0.74248565,1.3955395,1.0361681,0.35937146
-16.64983,0.97313092,0.72482342,2,3,0,18.571063,0.90360576,2.1917658,1.9804922,0.21127361,-1.449139,-1.3884424,-1.3977146,-0.38212875,-1.0933431,-1.3919117,-1.3884424,-1.6472953,-1.3081884,-1.8710842,2,5,5,8,7,6,4,3,3,8,4,3,3,8,8,4,6,3,2,6,-1.6761769,0.44172214,1.703395,0.75242729,0.95096774
-17.501701,0.88420293,0.72482342,3,7,0,18.24474,0.71277616,4.5769447,3.2623371,1.3146077,-1.5541695,-1.7103224,-1.315346,-0.8133363,-1.1619456,-1.3460581,-1.7103224,-1.4041382,-1.2476478,-2.2614352,7,2,2,7,4,5,4,5,2,8,5,4,5,6,7,6,4,5,2,7,-2.9119304,0.70662062,2.837817,2.00526,0.832557
-17.810919,0.79070492,0.72482342,2,3,0,18.938026,0.95555565,2.74315,2.6212325,0.12191751,-1.397888,-1.3045049,-1.380409,-0.23904214,-1.0586928,-1.3755268,-1.3045049,-1.7070685,-1.2865226,-1.8051064,7,5,3,7,7,3,3,5,3,7,5,1,1,8,7,4,1,5,2,6,-2.8017797,0.90385442,2.5680111,2.3211082,0.24690291
-17.923553,0.9986202,0.72482342,2,3,0,18.013432,0.9584162,2.7351658,2.6214272,0.11373859,-1.3965229,-1.3009515,-1.3814121,-0.23274279,-1.0590611,-1.3767413,-1.3009515,-1.7113865,-1.2873319,-1.8013898,5,2,5,5,5,6,2,3,3,6,5,5,4,8,6,8,4,3,2,8,-2.8587359,0.55375403,1.6197465,0.89694114,0.72280535
-18.519504,0.96641978,0.72482342,2,3,0,18.817428,0.96777951,1.9042255,1.8428704,0.061355076,-1.4288172,-1.3169734,-1.4292567,-0.2563953,-1.1056134,-1.4257569,-1.3169734,-1.7377304,-1.3353229,-1.7920094,6,5,6,6,5,4,2,5,2,7,6,3,2,8,8,8,4,6,2,6,-2.5508271,0.45917533,1.2740131,0.58499541,0.68901773
-22.108743,0.74070687,0.72482342,2,3,0,22.633215,0.97612044,8.171676,7.9765399,0.19513602,-1.3209891,-1.2298531,-1.3053806,-0.11048033,-0.97720213,-1.3017057,-1.2298531,-1.7273003,-1.2080615,-1.7838176,1,2,7,5,4,3,6,3,5,8,6,3,3,8,8,3,4,5,3,7,-8.2558713,0.32624577,2.190126,0.71451935,1.4756067
-21.604756,0.99795408,0.72482342,3,7,0,22.73624,0.96356237,8.5657354,8.2536204,0.31211506,-1.3275496,-1.2472805,-1.299444,-0.14013207,-0.97340458,-1.2943086,-1.2472805,-1.7040126,-1.2030135,-1.8039002,5,4,6,8,4,6,3,6,4,8,6,2,4,8,6,6,4,4,4,6,-8.1629283,0.51430502,3.3492802,1.7225516,1.6267286
-16.830463,1,0.72482342,2,3,0,21.556788,0.67024912,2.8094718,1.883046,0.9264258,-1.6106662,-1.7854526,-1.3669398,-0.93171865,-1.243047,-1.4106186,-1.7854526,-1.4147161,-1.3032894,-2.294488,4,1,3,8,6,7,2,3,2,5,4,1,2,8,4,6,3,6,4,6,-1.2075472,0.81519137,1.465253,1.1944616,0.2707914
-16.974668,0.99924505,0.72482342,3,7,0,17.33998,0.92011267,1.9885112,1.8296543,0.15885685,-1.4494199,-1.3725816,-1.4136832,-0.35589505,-1.1026956,-1.4079672,-1.3725816,-1.6735179,-1.322964,-1.8484697,2,4,7,5,2,4,6,1,4,8,5,3,1,8,7,7,3,6,3,5,-1.7318816,0.20970165,1.8981347,0.39804197,1.5000927
-16.762594,0.98803235,0.72482342,3,7,0,17.646134,0.80846886,4.0469165,3.271806,0.77511054,-1.4736653,-1.5215782,-1.3218639,-0.56784569,-1.0792462,-1.3253956,-1.5215782,-1.5007331,-1.2417639,-2.0507474,2,1,4,7,4,5,5,2,5,7,7,1,1,6,8,7,2,5,3,7,-2.6908139,0.35471425,2.2609618,0.80199539,1.4589665
-16.754915,0.93275848,0.72482342,2,3,0,17.599188,0.69553305,3.1031768,2.1583621,0.94481477,-1.5834165,-1.7371413,-1.3526178,-0.86527408,-1.2065991,-1.3873434,-1.7371413,-1.4211225,-1.2860941,-2.2536618,6,2,5,7,7,5,4,6,3,7,8,2,3,7,6,4,3,6,4,6,-1.5046602,0.63927356,3.2785877,2.0959144,1.1826733
-17.126313,0.8937479,0.72482342,1,1,0,17.229253,0.65105631,3.1005128,2.0186084,1.0819044,-1.6256301,-1.8295012,-1.3595987,-0.98063943,-1.2596293,-1.4125433,-1.8295012,-1.394281,-1.2989067,-2.353618,5,2,5,6,3,6,4,3,5,7,5,3,4,6,5,3,3,5,2,5,-1.4320281,0.42407691,2.6328841,1.1165453,1.5163387
-16.475325,0.88468887,0.72482342,2,7,0,18.439714,0.82838642,1.6435194,1.3614692,0.28205025,-1.5247385,-1.5106757,-1.4327561,-0.58095969,-1.1653601,-1.4328637,-1.5106757,-1.5914966,-1.3499192,-1.9632042,4,6,5,6,4,5,7,4,4,7,5,3,7,5,4,7,4,4,1,7,-0.9587304,0.18160369,2.4152712,0.43862217,1.9766491
-17.527357,0.90476149,0.72482342,2,3,0,17.811396,0.91356847,4.3866201,4.0074778,0.37914229,-1.3907487,-1.3425626,-1.3270465,-0.30033807,-1.0188648,-1.320105,-1.3425626,-1.6313573,-1.2357852,-1.8726117,5,5,7,5,6,3,5,3,5,8,4,2,5,8,6,5,1,5,2,6,-3.6851341,0.28051028,0.87322412,0.24494834,0.62827578
-17.106847,0.98470654,0.72482342,2,7,0,18.184646,0.72357251,4.0826621,2.954102,1.12856,-1.5474771,-1.6858348,-1.3235709,-0.78688902,-1.1568321,-1.3498921,-1.6858348,-1.4202145,-1.2541605,-2.2249311,6,4,3,8,7,5,5,4,3,6,4,2,3,7,6,3,2,6,2,4,-2.4685982,0.69552173,2.8653962,1.9929453,0.87245088
-16.62333,0.98256316,0.72482342,2,3,0,17.522662,0.82944701,3.7967652,3.1492155,0.64754965,-1.4600962,-1.4849335,-1.3285208,-0.51787734,-1.0695086,-1.328399,-1.4849335,-1.5274926,-1.2459817,-2.0083767,4,5,6,8,8,4,3,3,3,8,6,4,5,8,6,6,4,7,3,8,-2.5456544,0.70920999,2.311508,1.6393445,0.67216343
-16.553501,1,0.72482342,1,1,0,16.654984,0.82709223,3.6714374,3.0366174,0.63482005,-1.4637066,-1.489573,-1.3314553,-0.52549373,-1.0738679,-1.3317008,-1.489573,-1.5266413,-1.249174,-2.0106544,5,5,4,6,8,4,4,2,3,8,5,2,2,8,4,6,3,5,1,6,-2.4174083,0.79484111,1.2659385,1.00622,0.25971855
-16.463164,0.97126538,0.72482342,3,7,0,17.073353,0.80105274,1.6226725,1.2998462,0.32282625,-1.5437076,-1.5515587,-1.4339454,-0.64300966,-1.183571,-1.4379827,-1.5515587,-1.569131,-1.3536848,-2.0004723,7,6,2,7,6,4,6,6,1,6,6,4,2,7,7,5,7,5,2,7,-0.84207314,0.69693979,1.050914,0.73242378,0.31849022
-16.463164,0.59440925,0.72482342,1,3,0,20.381506,0.80105274,1.6226725,1.2998462,0.32282625,-1.5437076,-1.5515587,-1.4339454,-0.64300966,-1.183571,-1.4379827,-1.5515587,-1.569131,-1.3536848,-2.0004723,3,4,4,7,2,2,3,3,3,7,6,3,4,8,7,4,3,5,3,7,-0.84207314,0.2419767,1.7737526,0.42920679,1.3445458
-16.278608,0.98355848,0.72482342,3,7,0,16.759177,0.79539243,3.0557639,2.4305315,0.62523244,-1.4987917,-1.5476724,-1.3486655,-0.61380099,-1.112936,-1.3545483,-1.5476724,-1.5049377,-1.2698692,-2.0551675,2,7,4,4,4,6,6,7,5,7,6,3,4,6,4,8,4,6,2,5,-1.7259952,0.31512342,2.1679261,0.68316429,1.4847618
-16.413016,0.90291116,0.72482342,2,7,0,17.058522,0.87816844,2.1082583,1.8514059,0.2568524,-1.4684622,-1.4264285,-1.3995425,-0.44414695,-1.1068301,-1.3947887,-1.4264285,-1.6199364,-1.312226,-1.904571,7,3,3,4,6,4,1,5,5,8,6,4,4,7,8,3,2,5,5,7,-1.4204845,0.46289235,2.4124851,1.1167209,1.2957642
-16.215893,1,0.72482342,2,3,0,16.433188,0.80756996,2.9067379,2.3473942,0.55934368,-1.4923274,-1.5270583,-1.3543833,-0.58648639,-1.1086825,-1.3578653,-1.5270583,-1.5206767,-1.2741661,-2.0300818,4,6,5,5,3,3,3,4,2,8,5,1,5,7,6,4,5,6,1,7,-1.6423904,0.27119325,1.5062507,0.40848502,1.0977657
-18.905795,0.34758633,0.72482342,1,3,0,22.672059,0.96083347,1.3422438,1.2896728,0.05257103,-1.4783993,-1.3600097,-1.4831788,-0.32595415,-1.1605878,-1.4796433,-1.3600097,-1.7483666,-1.3902884,-1.807462,6,2,3,8,6,4,5,3,2,7,7,2,4,8,7,5,3,5,2,5,-2.3263515,0.81842592,5.2951465,4.3336851,0.96146135
-21.581098,0.80591247,0.72482342,2,3,0,22.303429,0.94881575,0.67831185,0.64359296,0.034718886,-1.6038312,-1.4657922,-1.6229548,-0.48806728,-1.298944,-1.6200478,-1.4657922,-1.8053931,-1.5308999,-1.8572163,6,4,4,6,4,7,2,5,6,8,6,4,2,6,6,5,7,6,5,8,-3.4091469,0.45069568,1.5982652,0.72033123,0.87793398
-17.462726,1,0.72482342,2,3,0,21.629943,0.94120201,1.9442989,1.829978,0.11432086,-1.4402512,-1.3473399,-1.4206924,-0.31189696,-1.1029837,-1.4155256,-1.3473399,-1.7014532,-1.3284648,-1.8226608,1,6,4,7,8,5,3,2,3,8,5,3,4,8,7,5,2,5,5,5,-1.9947741,0.42927818,1.266131,0.5435224,0.72260856
-16.15275,1,0.72482342,2,3,0,17.298114,0.78331835,2.2452957,1.7587813,0.48651439,-1.5282172,-1.5721399,-1.3856071,-0.6602612,-1.1540704,-1.3934743,-1.5721399,-1.519551,-1.3077379,-2.0516662,2,6,4,7,5,4,4,3,4,8,8,3,5,8,8,6,3,4,4,4,-1.0431796,0.68023646,2.6986197,1.8356995,0.86292017
-17.370784,0.71999941,0.72482342,2,3,0,18.429204,0.92670514,1.6508943,1.5298923,0.12100206,-1.4672004,-1.3787143,-1.4425702,-0.36544398,-1.1290681,-1.4372905,-1.3787143,-1.6936219,-1.3516096,-1.8401517,4,7,5,7,3,1,5,5,4,8,6,3,2,8,6,6,3,4,3,6,-1.6983313,0.068801832,1.1564166,0.079563579,1.076853
-16.864469,1,0.72482342,2,3,0,17.542648,0.88060731,1.5518359,1.3665581,0.18527786,-1.4999059,-1.4420279,-1.4462902,-0.47299266,-1.1506051,-1.441905,-1.4420279,-1.6478357,-1.3588915,-1.8942574,5,6,5,8,6,3,3,5,2,8,6,2,7,8,7,4,4,7,3,7,-1.2546874,0.76917739,5.9107267,4.5463974,1.3643294
-16.272022,0.99607515,0.72482342,2,7,0,16.829445,0.79123054,3.0208734,2.3902073,0.63066612,-1.5027499,-1.5551551,-1.3498595,-0.62468294,-1.1172371,-1.3565908,-1.5551551,-1.5017259,-1.2715285,-2.0617785,6,2,3,8,7,4,6,6,4,7,4,3,4,7,6,8,3,3,2,7,-1.680414,0.81934097,5.2837173,4.3291661,0.95455122
-16.671743,0.9534653,0.72482342,2,3,0,16.834675,0.80256104,3.8800743,3.1139965,0.76607784,-1.4804727,-1.532692,-1.3253883,-0.58466054,-1.087005,-1.3300571,-1.532692,-1.4967741,-1.2459612,-2.0591008,6,3,7,7,5,3,5,1,6,7,3,2,5,6,8,5,4,2,4,8,-2.5105208,0.14994502,2.4200482,0.36287417,2.057174
-16.7873,0.9815589,0.72482342,1,1,0,16.838113,0.79605985,4.0613794,3.2331011,0.82827833,-1.4837321,-1.5443597,-1.3212573,-0.59932076,-1.0886521,-1.3273238,-1.5443597,-1.4873508,-1.2426408,-2.0746598,4,4,5,8,6,4,1,7,2,8,7,4,3,8,3,7,2,5,3,7,-2.6571558,0.84033413,2.5172587,2.1153384,0.4019203
-17.126557,0.84747658,0.72482342,3,7,0,18.740127,0.89161832,1.4515739,1.2942498,0.15732402,-1.50208,-1.4329749,-1.4588341,-0.45807541,-1.1579063,-1.4541182,-1.4329749,-1.6654255,-1.3705851,-1.8804853,5,1,4,8,7,5,2,3,5,6,7,2,4,8,8,5,5,1,2,7,-1.3489325,0.8827704,2.4190152,2.135435,0.28358019
-17.406318,0.94804595,0.72482342,2,3,0,18.262574,0.68477567,1.2408914,0.84973223,0.39115916,-1.6494165,-1.7360712,-1.4867362,-0.91807867,-1.3132977,-1.5160122,-1.7360712,-1.531943,-1.4171239,-2.1456025,5,4,5,6,7,6,5,6,5,6,5,2,2,7,8,6,5,4,1,4,-0.63865999,0.41268953,3.0949033,1.2772342,1.8176691
-16.953234,0.97184791,0.72482342,3,7,0,17.995787,0.76297984,1.3204982,1.0075135,0.3129847,-1.5900019,-1.6149156,-1.4699854,-0.74406683,-1.2404412,-1.4804377,-1.6149156,-1.5673848,-1.3928887,-2.0392178,5,6,6,6,6,2,8,1,5,8,5,6,5,7,6,7,3,5,5,4,-0.76685398,0.1619766,1.2879527,0.20861819,1.0793345
-18.728022,0.8833763,0.72482342,3,7,0,18.89661,0.93610748,5.606103,5.2479149,0.35818806,-1.3628764,-1.300173,-1.3144966,-0.22974897,-0.99711413,-1.3077164,-1.300173,-1.66094,-1.2209032,-1.8419716,5,4,4,7,8,4,4,3,2,5,5,1,4,8,5,7,4,3,1,8,-5.0991863,0.54359929,1.9676657,1.0696217,0.89804402
-17.530161,0.98015961,0.72482342,2,3,0,19.97854,0.93702399,1.7188476,1.6106014,0.10824617,-1.4568546,-1.3626694,-1.438086,-0.3375745,-1.1215003,-1.4329839,-1.3626694,-1.7033528,-1.3463461,-1.8280961,5,5,2,6,7,3,6,5,4,8,7,4,2,6,7,2,3,7,4,8,-1.8516341,0.44285011,2.3343791,1.0337801,1.3005991
-16.608393,0.97253736,0.72482342,2,3,0,18.392709,0.90067865,2.7193076,2.4492223,0.27008531,-1.431774,-1.3810546,-1.3706215,-0.36785234,-1.0679511,-1.3645241,-1.3810546,-1.6316676,-1.2811019,-1.8799758,3,2,3,8,7,7,2,5,4,8,6,5,4,7,7,5,3,7,4,7,-2.0371913,0.75587683,4.3396715,3.2802572,1.0594144
-16.736608,0.9907992,0.72482342,3,7,0,16.759416,0.66687852,2.1512984,1.4346547,0.71664371,-1.6253915,-1.7822535,-1.4003419,-0.94389886,-1.2688426,-1.4423625,-1.7822535,-1.4425884,-1.3358343,-2.2593828,4,4,5,7,5,3,2,5,8,6,5,2,7,8,6,4,7,5,3,7,-0.7151348,0.35615165,3.3167755,1.1812751,2.1355004
-16.834229,0.8842281,0.72482342,2,3,0,17.80931,0.90742814,3.2056664,2.9089119,0.2967545,-1.4148104,-1.3636654,-1.3540239,-0.33784252,-1.0485125,-1.3475485,-1.3636654,-1.6331787,-1.2637121,-1.8742768,4,7,6,8,2,5,7,5,4,7,5,2,1,6,8,4,3,8,4,6,-2.521002,0.56444357,1.6759353,0.94597091,0.72996441
-16.824307,0.98184736,0.72482342,2,3,0,17.288712,0.90360464,3.3044581,2.9859237,0.31853443,-1.4151718,-1.3681309,-1.3503343,-0.34461815,-1.0465724,-1.3438811,-1.3681309,-1.6267522,-1.2603272,-1.8807751,4,6,7,8,5,1,5,5,6,5,4,3,4,8,5,7,1,6,4,5,-2.5742247,0.47434678,0.99525632,0.47209663,0.52315969
-16.598515,0.87159588,0.72482342,3,7,0,18.606802,0.83946955,1.5672243,1.3156371,0.25158722,-1.5229659,-1.4972349,-1.4411784,-0.56133721,-1.1666868,-1.4400148,-1.4972349,-1.6067365,-1.3572906,-1.9463725,6,5,6,7,7,3,4,4,3,8,2,5,5,7,7,6,4,5,4,6,-1.0065116,0.52271974,1.3121363,0.68587955,0.62625675
-16.193338,0.92943589,0.72482342,1,3,0,17.324668,0.7980559,2.8065777,2.2398059,0.56677182,-1.5018432,-1.5439834,-1.3581136,-0.61174206,-1.1191045,-1.3633604,-1.5439834,-1.513887,-1.2789253,-2.0440853,6,4,1,8,6,4,4,5,4,8,4,4,5,8,7,6,4,6,3,5,-1.5209349,0.55689584,3.5962408,2.0027315,1.5935093
-16.242227,0.9967457,0.72482342,2,7,0,16.281472,0.8038423,1.8983212,1.5259509,0.37237031,-1.5270416,-1.5423115,-1.4094745,-0.62381848,-1.1600756,-1.4132303,-1.5423115,-1.5543077,-1.3291868,-2.0066152,2,5,8,5,5,2,2,3,4,8,6,4,5,7,5,5,4,4,3,8,-0.92763526,0.15582981,4.3871362,0.68364661,3.7034896
-16.160494,0.97616913,0.72482342,1,3,0,16.505069,0.828948,2.620577,2.1723221,0.44825493,-1.4834045,-1.4933518,-1.3672689,-0.54114879,-1.1052097,-1.3672503,-1.4933518,-1.5502488,-1.2846844,-1.9877045,5,3,5,5,8,4,5,5,6,7,3,3,2,8,8,8,2,3,2,7,-1.4968792,0.48888836,1.3088801,0.63989624,0.66898386
-17.091399,0.89622616,0.72482342,2,3,0,17.173912,0.64051929,1.7059314,1.092682,0.61324943,-1.6603986,-1.8225193,-1.4381678,-1.0108382,-1.3203684,-1.4871415,-1.8225193,-1.4612159,-1.3754131,-2.2710586,3,6,5,6,4,5,4,5,6,8,4,5,4,8,4,4,5,5,2,5,-0.48729878,0.24760766,1.5911976,0.39399272,1.1972049
-16.226299,1,0.72482342,2,3,0,17.058467,0.83994322,2.8240224,2.3720184,0.45200393,-1.4701748,-1.4734441,-1.3592973,-0.50957076,-1.0906489,-1.3577741,-1.4734441,-1.5568613,-1.2755868,-1.9740991,4,3,5,7,6,2,2,2,2,8,4,6,5,8,6,5,6,4,7,8,-1.7169125,0.4525636,1.4882215,0.6735149,0.81470664
-16.182194,0.97496484,0.72482342,3,7,0,16.504288,0.84438408,2.4457962,2.0651914,0.38060483,-1.4777286,-1.4707121,-1.3767536,-0.50946486,-1.1040476,-1.374767,-1.4707121,-1.5717371,-1.2925781,-1.9596546,4,2,6,7,3,7,2,5,2,8,4,1,2,8,6,4,2,5,4,5,-1.4388966,0.53679189,1.5539828,0.83416534,0.71981742
-16.83368,0.8765449,0.72482342,2,3,0,17.401415,0.90632984,3.241703,2.9380521,0.30365084,-1.4147282,-1.3648305,-1.3527087,-0.33957914,-1.0476943,-1.3462334,-1.3648305,-1.6312315,-1.2624806,-1.8761918,6,5,5,4,7,3,2,2,6,8,5,4,4,8,8,5,3,3,5,7,-2.5429428,0.304975,1.7000062,0.51845938,1.1815468
-17.95129,0.92476502,0.72482342,3,7,0,18.220697,0.8801092,1.0804477,0.95091198,0.12953574,-1.5491802,-1.4730474,-1.5127756,-0.52454002,-1.2143652,-1.5090824,-1.4730474,-1.6864467,-1.4253607,-1.8932963,5,3,5,8,8,4,2,5,1,7,4,5,5,7,8,4,3,6,3,7,-1.5186401,0.89300828,2.5159096,2.2467281,0.26918149
-17.594454,1,0.72482342,1,1,0,18.089442,0.84865412,1.1192819,0.9498832,0.16939871,-1.5600875,-1.5075034,-1.5033018,-0.58253919,-1.2195229,-1.5015436,-1.5075034,-1.6550538,-1.4183095,-1.9266077,5,5,4,6,6,6,3,5,4,8,1,4,4,7,7,6,4,6,2,6,-1.2728775,0.2962879,2.2859962,0.677313,1.6086832
-18.315575,0.97657904,0.72482342,2,3,0,18.763494,0.74702318,0.90697255,0.67752952,0.22944303,-1.6451831,-1.6504155,-1.5464057,-0.81049788,-1.3150543,-1.5581829,-1.6504155,-1.6195509,-1.4692628,-2.0336434,4,5,3,3,8,2,6,3,7,7,7,3,4,7,6,5,1,6,2,8,-1.2532038,0.28540985,0.73649522,0.21020299,0.52629223
-19.330123,0.84314898,0.72482342,1,1,0,19.437784,0.76417036,0.73725323,0.56338706,0.17386617,-1.666405,-1.640892,-1.5933651,-0.80041529,-1.344625,-1.6013006,-1.640892,-1.6682055,-1.5138417,-2.007036,4,3,1,8,8,4,5,3,1,7,7,3,7,5,4,7,4,5,7,6,-1.8347105,0.38846606,0.86476395,0.33593144,0.52883251
-16.523064,0.99500841,0.72482342,2,3,0,20.373458,0.75415697,3.3418615,2.5202882,0.82157337,-1.5280988,-1.6231797,-1.3400372,-0.71341357,-1.1403864,-1.3560663,-1.6231797,-1.4601642,-1.2662887,-2.1406641,2,3,1,7,4,3,4,6,6,6,6,4,6,8,8,2,3,5,4,6,-1.8528964,0.49070713,1.6372892,0.80342951,0.83385973
-17.013703,0.87822229,0.72482342,2,7,0,17.918192,0.63546416,2.0133763,1.2794285,0.7339478,-1.6563569,-1.8405349,-1.4146789,-1.0219351,-1.3108945,-1.4684367,-1.8405349,-1.4358087,-1.353608,-2.3117341,5,7,6,8,4,2,3,3,4,6,7,2,4,8,8,5,6,4,1,7,-0.59646379,0.27190003,7.0904394,1.9278907,5.1625487
-16.360129,1,0.72482342,3,7,0,16.91117,0.75726859,2.9984086,2.2706006,0.72780795,-1.5308121,-1.6168678,-1.3512191,-0.70958555,-1.1466555,-1.3660444,-1.6168678,-1.4713441,-1.2768797,-2.1242026,3,2,5,7,2,2,6,3,4,8,3,6,4,7,7,5,2,7,4,7,-1.5538945,0.24374309,3.6016104,0.87786763,2.7237428
-16.164305,1,0.72482342,2,3,0,16.366458,0.81229626,2.7171471,2.2071284,0.51001865,-1.4931227,-1.5201603,-1.3622194,-0.57894605,-1.1121958,-1.3648233,-1.5201603,-1.530435,-1.2814298,-2.0174142,3,3,7,5,8,5,4,6,3,8,6,2,3,6,7,4,3,3,4,6,-1.5022001,0.76579323,0.85622208,0.65568907,0.20053301
-16.171015,0.97873649,0.72482342,3,7,0,16.414014,0.80864419,2.0664218,1.671,0.39542182,-1.516379,-1.5323701,-1.3973038,-0.60623007,-1.1460042,-1.4003396,-1.5323701,-1.5502337,-1.3166379,-2.0049456,5,3,3,8,8,5,1,6,6,7,6,2,3,7,8,7,4,6,4,7,-1.0280022,0.87938769,1.8994368,1.6703413,0.22909546
-16.146288,0.99271068,0.72482342,1,3,0,16.244263,0.78521576,2.4334779,1.9108052,0.5226727,-1.5210715,-1.5678819,-1.3751529,-0.6509629,-1.1436664,-1.382786,-1.5678819,-1.5137672,-1.297208,-2.0550725,3,2,1,8,7,7,4,2,5,7,4,2,5,4,8,6,4,3,2,6,-1.1802401,0.83179696,2.0439299,1.7001347,0.34379523
-17.495165,0.85499186,0.72482342,2,3,0,17.581652,0.79069559,5.1461239,4.0690175,1.0771064,-1.4788942,-1.5537946,-1.3026474,-0.60483908,-1.0771515,-1.310166,-1.5537946,-1.4695096,-1.2248695,-2.1014361,5,4,5,7,3,1,5,3,4,8,4,1,2,8,6,3,3,5,2,5,-3.6574987,0.44325581,1.8536745,0.82165198,1.0320225
-17.162215,1,0.72482342,1,1,0,17.516717,0.81163339,4.6935899,3.8094742,0.88411564,-1.4645742,-1.5145843,-1.3099221,-0.55371842,-1.0661878,-1.31292,-1.5145843,-1.4967175,-1.2295141,-2.0539269,5,2,4,7,6,3,1,5,6,8,7,4,4,8,6,3,3,5,2,8,-3.3136917,0.45015898,0.67881739,0.30557574,0.37324165
-17.828043,0.93700795,0.72482342,2,7,0,18.238821,0.92336057,1.3303367,1.2283805,0.10195625,-1.4974206,-1.4025869,-1.4783814,-0.40436529,-1.1653673,-1.4734956,-1.4025869,-1.7068185,-1.3878807,-1.8458869,4,4,3,7,2,2,3,2,5,8,6,4,3,8,6,3,2,6,1,8,-1.7003062,0.14017856,1.3137447,0.18415884,1.1295859
-16.254126,0.98867139,0.72482342,3,7,0,17.732492,0.76063275,2.7042947,2.0569752,0.64731959,-1.5337264,-1.6105421,-1.3627446,-0.70554203,-1.1531532,-1.376355,-1.6105421,-1.4829483,-1.2877962,-2.107984,4,5,7,7,3,2,6,3,4,8,3,6,5,7,7,4,2,7,4,7,-1.3142725,0.21796497,0.71178493,0.15514418,0.55664075
-17.27354,0.84904657,0.72482342,3,7,0,18.227292,0.76504786,1.1828334,0.90492414,0.27790924,-1.6010168,-1.6153522,-1.490786,-0.74901849,-1.2565921,-1.5004083,-1.6153522,-1.5852828,-1.4131195,-2.028457,4,4,2,8,8,7,3,8,2,7,3,4,4,6,8,4,2,6,3,8,-0.86987739,0.93516308,0.82241572,0.76909282,0.053322901
-18.147631,0.88617124,0.72482342,3,7,0,19.119915,0.54435315,1.5458588,0.84149309,0.70436568,-1.7496613,-2.0015531,-1.4747846,-1.2400804,-1.4461331,-1.5651922,-2.0015531,-1.4479015,-1.4223921,-2.4432775,5,2,7,6,7,3,7,4,4,8,6,6,2,6,4,4,3,5,3,6,-0.39648789,0.13696041,2.168015,0.29693223,1.8710828
-16.648291,0.8113331,0.72482342,2,3,0,19.622557,0.73141383,3.3658896,2.4618582,0.90403141,-1.5476463,-1.6672148,-1.3407051,-0.77123051,-1.1620697,-1.36354,-1.6672148,-1.4406605,-1.2698222,-2.1875016,7,6,6,8,5,6,4,5,4,4,5,3,6,7,7,4,3,4,1,8,-1.817018,0.61047738,0.99882073,0.60975746,0.38906327
-17.997721,0.85629651,0.72482342,2,7,0,18.412657,0.9365756,4.4438875,4.1620366,0.28185092,-1.3746744,-1.3072395,-1.3309186,-0.24293399,-1.0137338,-1.3243956,-1.3072395,-1.6659375,-1.2376249,-1.8372993,3,5,3,8,6,6,5,6,2,7,4,2,2,8,8,5,4,4,1,6,-4.0238219,0.61817521,4.723422,2.9199024,1.8035196
-18.943143,0.9063141,0.72482342,2,3,0,19.917006,0.95509328,5.0711201,4.8433927,0.22772739,-1.3554351,-1.2751899,-1.3259025,-0.18873282,-1.0029726,-1.3203497,-1.2751899,-1.6935983,-1.2309004,-1.8112699,5,4,3,6,4,7,4,1,3,7,5,3,3,8,7,7,5,3,2,7,-4.93805,0.57283425,0.45245883,0.25918392,0.19327492
-18.286405,1,0.72482342,2,3,0,18.943298,0.94444087,4.5803407,4.3258609,0.25447973,-1.3678517,-1.294509,-1.3304854,-0.22161442,-1.0107238,-1.3243117,-1.294509,-1.6777781,-1.2364968,-1.825911,2,1,6,8,5,3,4,3,6,8,6,3,5,8,8,4,2,6,5,7,-4.2765177,0.51116062,2.0286722,1.0369774,0.99169487
-17.509374,0.95511175,0.72482342,2,7,0,19.83633,0.58495578,2.1411636,1.252486,0.88867759,-1.7011198,-1.9475932,-1.4173479,-1.1485795,-1.3699428,-1.4958697,-1.9475932,-1.4088053,-1.362965,-2.4350444,3,3,2,8,8,2,4,4,2,6,4,2,5,6,5,6,4,4,3,8,-0.62027365,0.47389736,2.1523299,1.0199834,1.1323464
-17.509374,0.52586048,0.72482342,1,1,0,19.344787,0.58495578,2.1411636,1.252486,0.88867759,-1.7011198,-1.9475932,-1.4173479,-1.1485795,-1.3699428,-1.4958697,-1.9475932,-1.4088053,-1.362965,-2.4350444,3,4,6,8,5,2,4,4,3,8,1,5,3,7,5,3,2,5,3,6,-0.62027365,0.38616403,3.2119771,1.24035,1.9716271
-18.229175,0.97198747,0.72482342,2,3,0,18.623289,0.53570068,1.5704959,0.84131574,0.72918019,-1.7571597,-2.0207186,-1.4747059,-1.2616428,-1.4565343,-1.5701855,-2.0207186,-1.4438584,-1.4234849,-2.4664315,3,4,2,7,7,3,4,4,4,7,6,5,7,6,6,5,4,7,3,4,-0.39372056,0.31277232,1.7358115,0.5429138,1.1928977
-17.198627,0.84125286,0.72482342,2,3,0,19.587086,0.83607863,1.2368229,1.0340812,0.2027417,-1.553419,-1.5161116,-1.4831767,-0.59550032,-1.2072759,-1.4825036,-1.5161116,-1.6316075,-1.3993366,-1.9427949,5,6,2,8,6,7,3,2,2,6,5,3,5,8,7,5,1,6,2,6,-1.095934,0.63326778,1.8942054,1.1995392,0.69466616
-16.948539,0.98725607,0.72482342,3,7,0,17.952879,0.87919411,4.0266459,3.5402034,0.48644256,-1.4196332,-1.3997231,-1.3283658,-0.39063226,-1.0374826,-1.3227196,-1.3997231,-1.5861152,-1.2404983,-1.9255721,5,2,5,6,6,8,5,7,2,4,5,3,5,8,8,6,3,5,3,7,-3.0486879,0.86377908,2.7943475,2.4136989,0.38064859
-16.667978,0.97399012,0.72482342,2,7,0,17.558448,0.90723252,2.4845859,2.2540971,0.23048878,-1.4353228,-1.3762422,-1.3823273,-0.36100441,-1.0766466,-1.3762515,-1.3762422,-1.6447186,-1.2923518,-1.868665,5,6,4,8,6,3,3,2,3,3,8,3,2,7,7,3,3,3,2,6,-1.9132958,0.52543847,1.2625629,0.6633991,0.59916376
-17.387552,0.94542099,0.72482342,2,3,0,17.617267,0.92994182,1.6973287,1.5784169,0.11891176,-1.4621028,-1.3723924,-1.4387777,-0.35463344,-1.1242968,-1.4335067,-1.3723924,-1.6955761,-1.347551,-1.8363133,6,7,6,7,5,6,5,5,6,5,5,2,3,8,7,7,4,4,4,5,-1.748002,0.33698111,1.1715532,0.3947913,0.77676192
-17.081106,0.96402233,0.72482342,2,3,0,18.003938,0.78707947,4.5033244,3.5444742,0.95885023,-1.4869923,-1.560915,-1.3126461,-0.6185987,-1.0887809,-1.3208543,-1.560915,-1.4723778,-1.2352153,-2.0996423,6,1,4,8,7,4,4,3,6,5,4,3,4,8,8,6,5,4,5,7,-3.0427223,0.70717266,1.3290471,0.93986579,0.38918134
-16.489912,0.95855383,0.72482342,2,3,0,17.85094,0.89065847,2.2511857,2.0050376,0.24614809,-1.4545137,-1.4050939,-1.3923192,-0.40900075,-1.0938103,-1.3868483,-1.4050939,-1.6299858,-1.3038632,-1.8892098,6,3,3,7,4,4,6,4,2,7,6,4,3,7,8,6,4,6,2,5,-1.6025566,0.49114781,2.2119752,1.0864068,1.1255684
-16.601555,0.99427873,0.72482342,2,3,0,16.649608,0.89390266,2.0027126,1.7902301,0.21248248,-1.4639165,-1.4072689,-1.4086929,-0.41383413,-1.1082864,-1.4033019,-1.4072689,-1.6416373,-1.3200606,-1.8821385,6,6,6,8,6,4,3,6,2,7,5,3,4,8,7,5,5,7,3,6,-1.4840948,0.84427599,3.2943686,2.7813563,0.51301228
-16.554244,1,0.72482342,2,3,0,16.655939,0.88491713,1.9219745,1.7007881,0.22118634,-1.4735248,-1.4221555,-1.4134438,-0.43853378,-1.1169877,-1.4084831,-1.4221555,-1.6343992,-1.3255968,-1.8930366,8,1,4,8,6,6,4,2,4,8,5,3,4,8,8,7,2,4,2,8,-1.3749161,0.69045529,1.0979984,0.75811882,0.33987961
-17.346141,0.92107838,0.72482342,2,3,0,17.655907,0.91809768,1.5447694,1.4182492,0.1265202,-1.480042,-1.3949495,-1.4519183,-0.39316926,-1.1411267,-1.4466832,-1.3949495,-1.6886251,-1.3616498,-1.8502274,2,8,5,8,5,4,5,2,5,8,4,4,3,7,6,5,2,4,4,8,-1.5899954,0.092160089,0.90330547,0.083248712,0.82005676
-16.690918,1,0.72482342,2,3,0,17.490426,0.80243689,3.9133155,3.1401887,0.77312679,-1.4801701,-1.5328537,-1.3246266,-0.58460981,-1.0864372,-1.3293275,-1.5328537,-1.4961534,-1.24522,-2.059915,5,2,4,8,5,6,5,4,3,8,7,1,5,7,7,5,3,7,3,8,-2.5413364,0.66764135,2.2037432,1.4713101,0.73243313
-16.764133,0.80661344,0.72482342,1,3,0,18.55291,0.91003416,2.1025324,1.9133763,0.18915609,-1.4494318,-1.3822236,-1.404307,-0.37206938,-1.097211,-1.3984917,-1.3822236,-1.657708,-1.3143053,-1.8619337,3,8,6,6,3,4,4,3,3,8,6,1,6,8,4,7,3,5,6,4,-1.6847719,0.3947203,2.0735527,0.81847336,1.2550794
-17.031035,0.88390266,0.72482342,2,3,0,18.476895,0.92456675,2.043455,1.8893105,0.15414446,-1.4440079,-1.364835,-1.4106493,-0.34268632,-1.0981281,-1.404933,-1.364835,-1.6774737,-1.3195536,-1.8431029,4,5,6,7,4,4,5,4,5,7,4,3,2,8,6,5,1,8,3,4,-1.812535,0.31764632,2.7466572,0.87246553,1.8741916
-16.463044,1,0.72482342,2,3,0,17.110233,0.88400716,2.8332565,2.504619,0.32863747,-1.4394041,-1.4040303,-1.3635399,-0.40376759,-1.0690609,-1.3580317,-1.4040303,-1.608417,-1.275486,-1.9056134,5,3,6,8,8,5,4,7,3,7,4,2,3,8,4,6,4,6,5,4,-1.9955729,0.84961845,2.9600878,2.5149452,0.44514259
-16.750068,0.98548824,0.72482342,2,3,0,16.794641,0.89180664,3.433771,3.0622597,0.37151123,-1.4204944,-1.3847023,-1.3446848,-0.37024738,-1.046682,-1.3385472,-1.3847023,-1.6093193,-1.255725,-1.8999428,5,6,5,7,8,8,4,7,2,7,2,2,4,8,6,7,4,6,4,3,-2.5903383,0.74045042,1.7665166,1.308018,0.45849865
-16.657167,1,0.72482342,3,7,0,16.947386,0.88289491,3.4043096,3.0056476,0.39866199,-1.427187,-1.3989136,-1.3442158,-0.39250645,-1.0508542,-1.3385314,-1.3989136,-1.5980008,-1.2561154,-1.9136074,6,5,4,7,3,6,6,4,6,5,1,2,6,7,5,4,1,4,2,7,-2.4941312,0.43153977,1.0487588,0.45258114,0.59617767
-16.719118,0.88713739,0.72482342,3,7,0,18.505897,0.89493068,1.8275138,1.6354982,0.19201563,-1.4729748,-1.4117349,-1.4221694,-0.42190358,-1.1209608,-1.4169099,-1.4117349,-1.6494902,-1.3335262,-1.8791249,4,3,6,8,7,6,5,2,5,7,5,2,3,8,8,7,4,8,2,8,-1.4174011,0.45287668,2.6408911,1.195998,1.4448931
-17.158933,0.95534588,0.72482342,3,7,0,17.729009,0.93123413,2.9561853,2.7529006,0.20328466,-1.4059379,-1.3331468,-1.3669273,-0.28835462,-1.0520783,-1.3607454,-1.3331468,-1.6693872,-1.2747298,-1.8384871,4,5,5,7,7,3,4,4,3,8,7,3,4,8,8,6,2,4,1,6,-2.5715989,0.41257975,3.8190606,1.5756671,2.2433936
-16.505156,1,0.72482342,2,3,0,17.120047,0.69990542,2.3762284,1.6631351,0.71309325,-1.5916545,-1.7219193,-1.3830004,-0.86022658,-1.2239575,-1.4140454,-1.7219193,-1.4504893,-1.314934,-2.2086212,4,4,7,4,4,3,5,3,4,8,4,2,4,7,6,3,4,3,1,7,-0.91943506,0.18195509,2.0042817,0.36468926,1.6395925
-16.526207,0.99721231,0.72482342,3,7,0,16.97825,0.86512381,1.7508005,1.5146592,0.23614131,-1.4952856,-1.4551422,-1.4253361,-0.49287119,-1.1380691,-1.4217199,-1.4551422,-1.6208628,-1.3392214,-1.916546,3,4,4,5,5,5,5,3,5,8,4,3,5,8,6,5,4,4,3,4,-1.1778031,0.18001699,2.9963003,0.53938497,2.4569154
-16.366769,0.99837783,0.72482342,3,7,0,16.693701,0.8618066,3.0171659,2.6002134,0.41695242,-1.4500222,-1.4362597,-1.3539744,-0.45216756,-1.0721137,-1.3500046,-1.4362597,-1.5778913,-1.268025,-1.9422452,4,4,6,6,4,2,5,4,5,7,7,1,5,8,7,4,3,3,3,7,-2.0042981,0.29642152,1.8696696,0.55421032,1.3154593
-16.504746,0.92465316,0.72482342,2,3,0,17.725218,0.74303655,1.6813082,1.2492735,0.43203476,-1.5807429,-1.6421598,-1.4291741,-0.77176874,-1.2215921,-1.4451961,-1.6421598,-1.5205756,-1.3549084,-2.0905171,6,3,4,8,7,5,6,4,4,6,6,3,2,6,6,5,3,3,2,7,-0.66969209,0.82605374,4.6319951,3.8262769,0.80571822
-16.264445,0.96809458,0.72482342,2,3,0,16.884747,0.84476654,2.9117389,2.4597396,0.45199929,-1.4645899,-1.4647553,-1.3562523,-0.495832,-1.0847229,-1.3541177,-1.4647553,-1.5602643,-1.2720434,-1.9678841,3,2,3,5,5,3,3,5,2,7,7,5,1,8,6,7,5,6,3,8,-1.816458,0.43405953,3.3795612,1.4669308,1.9126305
-16.358614,0.70958208,0.72482342,2,3,0,20.062672,0.84415757,3.1855125,2.6890745,0.496438,-1.4591056,-1.4634108,-1.3465962,-0.49141909,-1.0761257,-1.3444871,-1.4634108,-1.5541165,-1.2624469,-1.9734947,5,3,6,8,6,3,5,5,2,8,8,2,3,7,5,4,3,6,1,6,-2.0542882,0.83614034,1.4831443,1.2401168,0.24302752
-17.073176,0.62450137,0.72482342,2,3,0,20.809236,0.75667193,1.2697287,0.96076804,0.30896063,-1.5983279,-1.6253051,-1.4774552,-0.76083393,-1.2510976,-1.4890182,-1.6253051,-1.5689885,-1.4008282,-2.0447867,5,5,2,8,5,5,2,6,4,7,4,6,3,7,5,7,3,7,3,8,-0.77786212,0.77159586,3.1624,2.4400948,0.72230526
-17.195277,0.98367704,0.72482342,1,1,0,17.30128,0.73927833,1.2350499,0.91304564,0.32200428,-1.6126464,-1.6517612,-1.4833993,-0.80030746,-1.2683815,-1.4985464,-1.6517612,-1.5623194,-1.4083386,-2.0663017,6,6,7,6,6,5,3,2,3,7,6,3,6,5,8,3,6,6,2,8,-0.7562429,0.25748188,2.0960171,0.53968641,1.5563307
-16.489018,0.63755624,0.72482342,2,3,0,20.107058,0.86099275,3.3419293,2.8773769,0.4645524,-1.443838,-1.4345122,-1.3433315,-0.44716491,-1.0624878,-1.3393437,-1.4345122,-1.5713853,-1.2574227,-1.9480296,5,5,4,8,6,2,6,5,5,7,5,2,3,8,7,4,5,3,3,7,-2.2906399,0.71516553,3.4266004,2.4505865,0.9760139
-16.266422,0.92643478,0.72482342,1,3,0,17.362062,0.81958227,1.8762825,1.5377679,0.33851463,-1.5173996,-1.5183536,-1.4117035,-0.58871374,-1.1516765,-1.4130029,-1.5183536,-1.5697481,-1.3298373,-1.9825642,5,6,2,6,5,3,6,2,5,8,6,3,6,7,8,7,2,8,4,8,-0.98292009,0.16500309,1.13593,0.18743195,0.94849802
-16.707664,0.93335771,0.72482342,2,3,0,16.95043,0.89545978,1.8512351,1.6577066,0.19352853,-1.4712647,-1.4101662,-1.4203139,-0.41922508,-1.1189267,-1.4150146,-1.4101662,-1.649119,-1.3316176,-1.8786662,2,6,7,3,8,2,8,3,5,8,4,3,4,8,8,6,2,6,3,7,-1.4304351,0.20384387,1.309042,0.26684018,1.0422018
-16.203388,0.98757646,0.72482342,2,3,0,16.99159,0.83068109,2.8124672,2.3362633,0.4762039,-1.4771812,-1.488741,-1.3591367,-0.53222772,-1.0966173,-1.3588629,-1.488741,-1.5470595,-1.2763952,-1.9889867,4,5,2,7,5,3,5,2,4,8,5,4,4,8,7,5,2,4,2,2,-1.6620206,0.58514333,3.0488361,1.7840061,1.26483
-16.291813,0.93131717,0.72482342,3,7,0,16.871548,0.8407207,1.9171559,1.6117926,0.30536325,-1.5014156,-1.4856703,-1.4096356,-0.5386363,-1.1367808,-1.408215,-1.4856703,-1.5879614,-1.3257528,-1.9532801,3,2,3,8,8,7,4,7,6,8,4,1,4,8,7,5,3,4,4,7,-1.0990458,0.81168189,1.1879388,0.96422845,0.2237104
-16.68604,0.90667217,0.72482342,2,3,0,17.392164,0.90082803,3.0209755,2.7213794,0.29959607,-1.4234722,-1.3760442,-1.3590587,-0.35845174,-1.0564783,-1.3527981,-1.3760442,-1.626857,-1.2694058,-1.8825153,8,4,6,8,6,6,2,6,2,8,5,5,4,7,7,7,2,5,2,8,-2.2951538,0.84136444,1.1898127,1.0010661,0.18874661
-16.511406,0.97243137,0.72482342,2,7,0,17.35216,0.83673912,1.6320162,1.3655718,0.26644439,-1.5202392,-1.4989964,-1.4343448,-0.5631518,-1.1619291,-1.4334605,-1.4989964,-1.5999142,-1.3507346,-1.951622,6,6,4,4,6,4,5,3,5,7,4,4,5,8,7,6,4,5,2,7,-0.99718388,0.49269171,2.7627213,1.3611699,1.4015515
-18.041689,0.79482677,0.72482342,2,3,0,19.05865,0.80293482,5.9880261,4.8079947,1.1800314,-1.4631663,-1.5298422,-1.2927568,-0.56815372,-1.0581922,-1.2976542,-1.5298422,-1.4764711,-1.2135211,-2.0855246,5,6,3,5,8,3,3,5,3,6,7,3,6,8,8,4,2,2,2,6,-4.4726236,0.71331567,2.1626795,1.5426732,0.62000632
-18.257186,0.97352813,0.72482342,1,1,0,18.49324,0.83036371,6.3260516,5.2529237,1.0731279,-1.4379574,-1.4774848,-1.2907411,-0.49449728,-1.03438,-1.2904413,-1.4774848,-1.506993,-1.2081319,-2.0330242,3,8,4,5,4,4,3,4,6,7,4,4,3,8,6,4,4,4,1,6,-4.8907368,0.41661388,5.0395422,2.0995433,2.939999
-16.250204,1,0.72482342,2,3,0,18.027445,0.8604231,2.3915281,2.057726,0.33380207,-1.4686614,-1.4467686,-1.3809834,-0.47356467,-1.0985411,-1.3773743,-1.4467686,-1.5909654,-1.2952467,-1.9344285,3,5,6,5,2,5,8,5,6,8,3,2,5,8,6,6,2,5,4,7,-1.4893634,0.11466328,2.041185,0.23404896,1.8071361
-17.04046,0.93860333,0.72482342,2,3,0,17.111813,0.8947385,3.9485354,3.5329067,0.41562877,-1.4097594,-1.3754007,-1.3323855,-0.35349904,-1.0331046,-1.325956,-1.3754007,-1.6078568,-1.2430076,-1.899658,4,4,1,8,4,7,3,4,2,7,6,1,7,8,7,7,1,3,2,6,-3.0952453,0.81521161,0.85835073,0.69973749,0.15861325
-17.112429,0.9951166,0.72482342,3,7,0,17.563946,0.65299084,1.5622792,1.020154,0.54212521,-1.6554727,-1.7958891,-1.4502156,-0.9827198,-1.3159592,-1.4930613,-1.7958891,-1.479912,-1.3854563,-2.2326097,7,4,3,5,8,3,4,4,4,8,1,7,2,7,7,2,2,5,3,8,-0.48679332,0.60246831,2.868825,1.7283762,1.1404489
-16.890163,0.99521307,0.72482342,2,3,0,17.484376,0.64793096,2.1835513,1.4147905,0.76876079,-1.6415093,-1.8199348,-1.4014117,-0.99060361,-1.2892784,-1.4511807,-1.8199348,-1.4311164,-1.3393051,-2.3006382,5,3,5,8,8,5,3,2,3,8,5,3,3,6,6,3,2,4,3,6,-0.70830316,0.28823677,1.5756718,0.45416655,1.1215053
-17.164005,0.91487885,0.72482342,1,1,0,17.336445,0.62086126,2.4016688,1.4911031,0.91056569,-1.6629413,-1.8800893,-1.3944756,-1.0586159,-1.3151377,-1.4576694,-1.8800893,-1.4072984,-1.33634,-2.3773241,5,3,3,8,6,5,6,5,3,7,3,4,6,7,5,4,3,3,2,8,-0.82368659,0.86243799,1.3846701,1.1941921,0.19047801
-17.259951,0.64260784,0.72482342,2,3,0,19.892991,0.87401196,1.3010801,1.1371596,0.16392054,-1.5258656,-1.4638768,-1.4764485,-0.50993132,-1.1823951,-1.4727163,-1.4638768,-1.6592128,-1.3895722,-1.8998467,5,3,4,3,8,5,3,6,3,4,3,6,6,8,7,6,4,5,2,6,-1.2731743,0.62188087,2.0908734,1.3002742,0.79059924
-16.949869,0.97155295,0.72482342,3,7,0,18.052003,0.71119467,3.6868399,2.6220609,1.064779,-1.56252,-1.7092917,-1.333842,-0.82137518,-1.177015,-1.3639828,-1.7092917,-1.4179767,-1.26581,-2.2409445,7,2,6,5,6,5,5,5,6,7,3,5,1,7,7,3,3,6,2,4,-2.0697773,0.60338323,1.4863483,0.89683764,0.58951066
-17.853525,0.93132338,0.72482342,2,3,0,18.2899,0.85136338,1.049901,0.89384723,0.15605372,-1.5679222,-1.5095322,-1.5164026,-0.58602074,-1.2304289,-1.5144983,-1.5095322,-1.6658959,-1.4311156,-1.923175,6,5,5,6,6,3,3,2,4,8,4,4,6,8,8,7,1,4,4,4,-1.3805298,0.25890697,2.1807413,0.56460912,1.6161322
-17.361728,1,0.72482342,3,7,0,18.34004,0.86393846,4.853752,4.193343,0.660409,-1.4214449,-1.4208889,-1.3115345,-0.41871592,-1.0303851,-1.3069616,-1.4208889,-1.5589986,-1.2251441,-1.9587938,2,2,2,7,6,8,3,6,5,6,6,5,4,7,8,4,2,5,4,8,-3.7268219,0.69649688,2.8529066,1.9870406,0.86586605
-17.267946,1,0.72482342,1,1,0,17.490832,0.85150274,4.7860092,4.0753,0.71070926,-1.4316601,-1.4426449,-1.3112135,-0.45092768,-1.038183,-1.3079939,-1.4426449,-1.5434761,-1.2261907,-1.9804105,3,4,7,8,8,2,5,4,3,8,2,5,5,7,5,5,1,4,3,4,-3.5903562,0.10382056,1.9496968,0.20241862,1.7472782
-17.62435,0.95094901,0.72482342,1,1,0,17.736258,0.88239855,5.0825993,4.4848782,0.59772102,-1.4054532,-1.3887062,-1.310689,-0.36976291,-1.0184639,-1.3046064,-1.3887062,-1.5824507,-1.2223186,-1.9282622,7,3,3,7,7,8,2,7,3,6,6,5,3,8,6,3,3,7,2,6,-4.0651877,0.89990599,1.4928815,1.343453,0.1494285
-17.398218,1,0.72482342,3,7,0,18.094029,0.68775299,1.2374991,0.85109371,0.38640539,-1.6475599,-1.7312889,-1.4869421,-0.91169838,-1.310993,-1.5153198,-1.7312889,-1.5338489,-1.4170102,-2.1407588,8,4,2,7,6,2,4,3,6,5,4,6,7,8,6,2,6,4,5,6,-0.64631562,0.79131392,0.77261549,0.61138139,0.1612341
-17.146957,0.9239571,0.72482342,2,3,0,18.427892,0.62014988,2.2270304,1.3810926,0.84593775,-1.6662536,-1.877025,-1.4041458,-1.0600897,-1.321511,-1.4663719,-1.877025,-1.416268,-1.3456181,-2.3639495,3,3,3,6,8,5,3,4,4,8,6,4,2,6,7,6,7,4,5,7,-0.70359542,0.59937695,3.2691418,1.9594482,1.3096936
-18.066746,0.96104058,0.72482342,2,3,0,18.305992,0.95280774,3.721006,3.5454033,0.17560269,-1.3756349,-1.2913996,-1.3494698,-0.21694426,-1.0278032,-1.3440432,-1.2913996,-1.6951019,-1.2551889,-1.8110927,3,4,6,6,4,5,7,6,7,8,6,3,3,8,6,4,5,7,2,4,-3.6207951,0.14118374,2.3872465,0.33704038,2.0502061
-17.805649,1,0.72482342,1,1,0,18.132662,0.94557209,3.6662131,3.4666688,0.19954433,-1.3810998,-1.3022637,-1.3490363,-0.23550613,-1.0293609,-1.3431704,-1.3022637,-1.6841862,-1.2553366,-1.8212057,6,5,4,5,4,2,5,4,4,8,3,5,4,8,7,7,2,5,4,5,-3.4345358,0.27585108,3.74395,1.0327726,2.7111773
-16.629688,0.96689206,0.72482342,3,7,0,18.639116,0.84849289,3.7328508,3.1672973,0.56555343,-1.4464472,-1.4525111,-1.3315404,-0.47124782,-1.0592436,-1.3288176,-1.4525111,-1.5506711,-1.2469084,-1.9741102,3,3,3,8,4,6,6,4,2,8,4,4,5,8,7,8,3,6,3,8,-2.5814349,0.65667727,2.8798548,1.8911352,0.98871961
-16.733224,0.97895747,0.72482342,3,7,0,17.162319,0.81723665,1.4363115,1.1738064,0.26250511,-1.5463705,-1.5330532,-1.4550578,-0.61884807,-1.1922618,-1.4565966,-1.5330532,-1.5971801,-1.3730763,-1.971702,3,4,6,3,5,5,2,5,3,7,2,1,6,8,4,4,5,5,5,8,-0.91671305,0.56785636,0.73844176,0.41932885,0.31911291
-17.96782,0.82624189,0.72482342,2,3,0,18.600057,0.59525278,3.526971,2.0994393,1.4275317,-1.680041,-1.9607872,-1.3596937,-1.1300761,-1.328379,-1.4424921,-1.9607872,-1.3566115,-1.3072651,-2.5174909,4,2,5,8,5,5,5,6,4,8,5,5,5,6,8,5,4,5,3,8,-1.761374,0.56072046,2.0134715,1.1289947,0.88447684
-16.650761,1,0.72482342,1,1,0,17.646725,0.69405161,2.8221993,1.958752,0.86344733,-1.5886474,-1.7375985,-1.3631048,-0.87089738,-1.2155222,-1.3976338,-1.7375985,-1.4289922,-1.2964284,-2.2440296,5,3,5,8,7,6,5,5,2,8,6,5,7,7,6,4,2,5,5,7,-1.2582766,0.59263236,1.2820422,0.75977968,0.5222625
-16.49913,0.97309467,0.72482342,2,3,0,17.050975,0.89299325,2.5124367,2.243589,0.26884768,-1.4432678,-1.3960883,-1.3787924,-0.39305626,-1.0795155,-1.3730562,-1.3960883,-1.6261965,-1.2900317,-1.8888613,6,2,2,8,6,5,2,4,4,6,6,3,4,8,5,4,5,4,2,7,-1.8073892,0.58300371,2.0967877,1.222435,0.87435271
-16.855412,0.89442528,0.72482342,1,3,0,18.195954,0.67563093,2.9817739,2.0145787,0.96719523,-1.6034134,-1.7765244,-1.3595897,-0.91715255,-1.2323696,-1.4016838,-1.7765244,-1.4120797,-1.2954948,-2.2915894,4,2,5,8,6,5,3,8,4,7,3,3,3,6,6,3,4,5,4,8,-1.3635267,0.73182905,2.4708097,1.8082103,0.66259938
-16.456756,1,0.72482342,2,7,0,16.876631,0.86545043,1.8413241,1.5935747,0.24774936,-1.4897849,-1.4518308,-1.4176641,-0.4867697,-1.1306176,-1.4139556,-1.4518308,-1.6167734,-1.3315167,-1.9176587,4,2,6,7,7,3,1,4,4,8,3,4,4,6,4,3,6,5,2,6,-1.2085107,0.59237667,1.8812399,1.1144026,0.76683725
-17.01047,0.81327217,0.72482342,2,3,0,18.523241,0.92450651,2.0918129,1.9338946,0.15791826,-1.4415957,-1.3632781,-1.4074329,-0.34005677,-1.0949498,-1.4016735,-1.3632781,-1.6760754,-1.3163077,-1.8433527,4,2,4,8,5,7,4,4,1,7,6,5,3,8,7,7,3,5,3,8,-1.8382961,0.64759126,2.5928893,1.6791325,0.91375687
-16.860858,1,0.72482342,1,1,0,17.048446,0.91451389,2.0304024,1.8568312,0.17357121,-1.4504124,-1.3785181,-1.4098358,-0.36595994,-1.1009401,-1.4040632,-1.3785181,-1.6653468,-1.3195222,-1.8557265,7,3,1,8,7,5,4,6,5,7,2,3,5,7,8,5,4,5,3,8,-1.6914851,0.87964962,1.8491158,1.626574,0.22254178
-17.044725,0.98733555,0.72482342,1,1,0,17.082303,0.92576018,2.0662688,1.9128694,0.15339942,-1.442166,-1.3624938,-1.4093332,-0.33869342,-1.0964123,-1.4036156,-1.3624938,-1.6783542,-1.3181311,-1.8416848,7,3,2,8,7,3,5,6,1,7,6,4,3,8,5,3,3,5,1,8,-1.8394962,0.73129591,2.0125378,1.4717607,0.54077714
-16.881949,0.98694098,0.72482342,2,7,0,17.514456,0.88370792,3.8432726,3.3963304,0.44694218,-1.4190916,-1.3937718,-1.3330613,-0.38238189,-1.0395539,-1.3271874,-1.3937718,-1.5939448,-1.2447808,-1.9165335,5,3,2,7,2,6,4,4,3,7,5,3,6,8,7,5,4,7,5,6,-2.9089157,0.92186331,1.9854862,1.8303469,0.15513932
-16.808911,0.97978573,0.72482342,2,3,0,17.402344,0.67218283,1.7763707,1.1940459,0.58232483,-1.6316291,-1.7656822,-1.4271174,-0.93485589,-1.2818718,-1.4648428,-1.7656822,-1.4703864,-1.3609521,-2.2186913,3,4,4,6,6,5,2,5,4,7,5,5,5,8,6,6,3,2,3,8,-0.54924836,0.72582199,3.8581019,2.8002952,1.0578067
-16.365376,0.93943939,0.72482342,2,3,0,17.306329,0.77568072,3.1662752,2.4560186,0.71025659,-1.5127058,-1.5829204,-1.3449198,-0.6612239,-1.1256886,-1.3552334,-1.5829204,-1.4835253,-1.2684699,-2.0942259,5,1,5,8,6,3,5,5,6,8,5,5,2,8,8,7,4,2,5,6,-1.7573996,0.49328008,5.0767384,2.504254,2.5724845
-16.219046,0.87430712,0.72482342,3,7,0,17.949759,0.80349036,1.9432849,1.5614107,0.38187421,-1.5252276,-1.5422081,-1.4060088,-0.62282486,-1.1572512,-1.4098486,-1.5422081,-1.551601,-1.3257898,-2.0087236,6,4,6,8,4,5,5,4,3,5,3,1,3,8,7,4,3,7,1,7,-0.94590071,0.74386869,2.2137011,1.6467029,0.56699815
-16.317639,0.98419027,0.72482342,2,7,0,16.420023,0.86821534,2.1992153,1.9093925,0.28982284,-1.4708464,-1.438773,-1.3927021,-0.46291311,-1.1054024,-1.3885527,-1.438773,-1.6056759,-1.3062624,-1.9198703,4,4,6,5,7,2,5,4,4,8,5,3,4,8,6,6,5,7,3,8,-1.4080664,0.30270479,1.2181635,0.36874394,0.8494196
-16.321593,0.99099874,0.72482342,3,7,0,16.517506,0.8195199,1.7942009,1.4703833,0.32381755,-1.5216678,-1.5200959,-1.4184942,-0.59271979,-1.1578502,-1.4197903,-1.5200959,-1.5742153,-1.3365872,-1.9801198,7,4,7,5,3,2,4,4,2,8,4,3,7,8,8,4,1,4,2,7,-0.95334544,0.20524866,2.3502604,0.4823878,1.8678726
-16.489196,0.86852387,0.72482342,1,3,0,17.574658,0.77111491,3.4042531,2.6250704,0.77918279,-1.5128275,-1.591267,-1.3376391,-0.66973619,-1.1234892,-1.3492333,-1.591267,-1.4740318,-1.2618449,-2.1091326,6,5,4,8,5,7,2,2,3,8,3,3,4,6,4,7,1,3,3,7,-1.9592998,0.54573362,3.2516465,1.7745328,1.4771137
-16.700193,0.96742585,0.72482342,1,1,0,16.723286,0.77087389,3.797613,2.9274807,0.87013231,-1.5079873,-1.5918018,-1.3272836,-0.66627098,-1.1151124,-1.3391847,-1.5918018,-1.4663958,-1.2516748,-2.1188808,4,5,5,7,4,4,3,2,3,8,8,6,4,7,7,5,3,2,5,5,-2.3244582,0.48458171,5.7149938,2.7693814,2.9456124
-17.476737,0.91234544,0.72482342,2,3,0,17.993487,0.83113136,5.1699735,4.2969271,0.87304641,-1.4446209,-1.4779169,-1.303876,-0.49974674,-1.0457876,-1.3034663,-1.4779169,-1.5152423,-1.2211713,-2.0218192,4,4,6,7,5,7,2,1,5,8,6,3,5,7,5,5,3,6,5,7,-3.8444386,0.43931699,2.3353693,1.0259674,1.3094019
-16.988714,0.95565217,0.72482342,2,3,0,18.408251,0.67750288,3.2921807,2.2304619,1.0617188,-1.598183,-1.7759722,-1.3490579,-0.91109109,-1.2232971,-1.3913002,-1.7759722,-1.4041417,-1.2851077,-2.3017428,3,5,5,7,1,3,7,3,4,8,6,5,6,8,8,5,5,3,4,7,-1.6433956,0.14513499,1.1483211,0.16666157,0.98165953
-16.988714,0.86574108,0.72482342,1,1,0,17.459191,0.67750288,3.2921807,2.2304619,1.0617188,-1.598183,-1.7759722,-1.3490579,-0.91109109,-1.2232971,-1.3913002,-1.7759722,-1.4041417,-1.2851077,-2.3017428,6,5,3,6,6,4,1,8,2,5,5,5,6,8,8,6,4,3,4,6,-1.6433956,0.84689159,1.8236886,1.5444665,0.27922205
-16.587,0.73282788,0.72482342,2,3,0,18.437553,0.89328576,2.9695335,2.652642,0.31689149,-1.4297082,-1.3880694,-1.3597159,-0.37784018,-1.0606953,-1.3537179,-1.3880694,-1.6178044,-1.2707636,-1.8932277,4,1,4,5,6,4,4,6,3,8,7,4,4,8,7,7,3,6,4,7,-2.1853435,0.54690773,1.137147,0.62191451,0.51523252
-16.740353,0.88801276,0.72482342,2,3,0,17.948956,0.86294226,1.5461378,1.3342277,0.21191015,-1.5104877,-1.4657398,-1.4451769,-0.51166555,-1.1579665,-1.4418923,-1.4657398,-1.6304614,-1.3592402,-1.9159341,7,3,7,6,7,4,5,5,3,8,2,3,7,8,4,3,4,7,3,8,-1.1370487,0.46031793,5.6949049,2.6214668,3.0734381
-21.877158,0.56526103,0.72482342,2,5,0,22.898645,0.99488686,2.6033232,2.590012,0.013311168,-1.3814597,-1.259064,-1.3965728,-0.15495042,-1.0697148,-1.3958393,-1.259064,-1.7685763,-1.3003325,-1.7564046,4,5,5,6,5,4,7,5,4,6,6,1,2,8,6,5,3,6,3,4,-4.8109014,0.33458864,2.2403427,0.74959322,1.4907495
-19.024021,0.9570506,0.72482342,1,3,0,24.106754,0.97491582,1.8396402,1.7934944,0.046145857,-1.4294087,-1.3118858,-1.4358399,-0.24586916,-1.1111311,-1.4330034,-1.3118858,-1.748944,-1.3415506,-1.7846559,5,5,7,5,4,2,4,2,4,5,7,1,7,7,7,4,1,4,1,8,-2.7684944,0.24840435,1.456362,0.36176665,1.0945953
-19.43981,0.95640245,0.72482342,3,7,0,19.532322,0.4825836,3.2964367,1.5908063,1.7056304,-1.8091402,-2.2310297,-1.4045139,-1.4391939,-1.5107042,-1.559848,-2.2310297,-1.3407712,-1.3672445,-2.8378961,4,3,5,5,4,4,6,2,4,7,3,4,7,6,6,7,1,4,3,8,-1.5137724,0.31441367,5.8080089,1.8261174,3.9818915
-17.798982,1,0.72482342,1,1,0,19.27175,0.61789936,3.6799083,2.273813,1.4060953,-1.6552094,-1.9111405,-1.350129,-1.0692055,-1.2941305,-1.4213179,-1.9111405,-1.362202,-1.2947721,-2.4651336,4,4,7,8,4,4,5,2,3,7,3,2,2,5,6,3,3,6,4,6,-1.923988,0.54050545,2.4995425,1.3510164,1.1485262
-16.550259,1,0.72482342,2,3,0,17.781717,0.88124477,3.1796562,2.8020554,0.37760081,-1.4329036,-1.4038617,-1.3508135,-0.40142434,-1.0581461,-1.3453099,-1.4038617,-1.5990707,-1.2629273,-1.9137889,7,2,3,8,7,5,1,5,2,6,5,3,5,8,8,8,4,4,3,6,-2.2778135,0.54214313,1.2970462,0.70318467,0.5938615
-16.206898,0.96393924,0.72482342,1,3,0,17.041883,0.8326934,2.0541885,1.7105092,0.3436793,-1.5003626,-1.4950127,-1.3991786,-0.55094115,-1.1320015,-1.3986958,-1.4950127,-1.5737893,-1.3161008,-1.9683073,5,2,2,7,8,4,2,5,2,6,5,4,5,6,8,4,4,4,5,6,-1.1263591,0.64535282,1.5971686,1.0307373,0.56643135
-17.338125,0.91217721,0.72482342,3,7,0,17.364102,0.77530689,1.1560118,0.89626393,0.2597479,-1.5974577,-1.6018058,-1.4951001,-0.72962637,-1.2535676,-1.5027847,-1.6018058,-1.595605,-1.4164175,-2.0139067,2,5,3,6,6,2,3,8,3,8,6,2,2,8,8,6,6,3,2,7,-0.92750726,0.55265034,0.90701603,0.50126271,0.40575332
-17.091361,1,0.72482342,1,1,0,17.400092,0.74378223,1.2752002,0.94847124,0.32672894,-1.6062924,-1.6443984,-1.4771481,-0.788267,-1.2600169,-1.4914785,-1.6443984,-1.5601068,-1.4017817,-2.0628926,4,5,6,6,7,3,6,2,3,7,8,3,4,6,4,8,3,4,5,8,-0.73994881,0.31187327,1.6199397,0.50521589,1.1147238
-16.919218,1,0.72482342,2,3,0,17.381541,0.6684698,1.6540228,1.1056643,0.54835851,-1.6392339,-1.7701403,-1.4387625,-0.94532956,-1.2934533,-1.4768862,-1.7701403,-1.4786551,-1.3726134,-2.2142186,3,5,4,6,7,2,5,4,4,8,4,4,4,8,7,4,4,5,2,4,-0.51619468,0.28358017,2.1421963,0.6074844,1.5347119
-17.477606,0.93602171,0.72482342,2,3,0,18.135525,0.7371745,1.1308749,0.83365216,0.29722277,-1.6236999,-1.6567033,-1.5006435,-0.81139354,-1.2839213,-1.5157108,-1.6567033,-1.575355,-1.4254003,-2.0614972,5,3,4,8,7,3,2,7,2,7,6,4,8,6,8,4,7,1,4,8,-0.84837386,0.50912815,2.9975571,1.5261407,1.4714164
-16.613438,0.98227952,0.72482342,2,3,0,17.858616,0.72835322,3.2599337,2.3743832,0.8855505,-1.5517303,-1.6727771,-1.3441595,-0.77995571,-1.1676492,-1.3678176,-1.6727771,-1.4407994,-1.2735848,-2.1903305,7,4,5,7,4,4,3,4,4,6,5,6,5,6,7,3,2,5,2,8,-1.7133417,0.52806018,2.2955197,1.2121726,1.0833471
-16.686717,0.98239951,0.72482342,2,7,0,17.082118,0.67515503,2.4235717,1.6362866,0.7872851,-1.6123689,-1.7703692,-1.383673,-0.92138965,-1.2491158,-1.4238718,-1.7703692,-1.4332269,-1.3187342,-2.2613251,2,2,3,8,6,6,3,7,6,8,5,4,4,7,6,2,3,6,3,8,-0.91029555,0.92617573,2.4009106,2.2236651,0.17724547
-18.445803,0.78415161,0.72482342,2,7,0,18.718977,0.91910946,1.0860225,0.99817358,0.087848953,-1.5298513,-1.4289034,-1.5160867,-0.44650822,-1.2034703,-1.5116096,-1.4289034,-1.722089,-1.4259754,-1.8546309,6,6,5,7,7,3,4,3,6,8,8,4,3,8,6,6,2,4,1,7,-1.8612886,0.51293687,3.0089963,1.5434251,1.4655711
-17.911348,1,0.72482342,2,3,0,18.507464,0.63476335,4.1354771,2.6250493,1.5104278,-1.6352922,-1.87846,-1.3362748,-1.0240986,-1.2652521,-1.4002544,-1.87846,-1.3607514,-1.2790865,-2.4404858,4,3,4,6,6,6,2,5,4,8,4,2,3,6,6,4,3,7,4,8,-2.3708226,0.46267175,1.3750597,0.63620129,0.73885843
-19.472714,0.62953211,0.72482342,1,1,0,19.693192,0.5438726,4.6753825,2.5428125,2.1325701,-1.7366955,-2.1060685,-1.3530813,-1.2792924,-1.3992497,-1.4728933,-2.1060685,-1.3174269,-1.3095792,-2.7281217,2,1,4,5,6,7,6,2,3,8,6,4,5,7,5,4,5,6,2,7,-2.8125246,0.69682504,1.2825498,0.89371279,0.38883698
-19.217014,0.97801379,0.72482342,3,7,0,19.959944,0.96868986,1.3851578,1.3417883,0.043369491,-1.4702331,-1.3480814,-1.4792719,-0.30441961,-1.1553412,-1.4762313,-1.3480814,-1.7556822,-1.3858792,-1.7986459,5,4,6,7,7,5,3,6,2,6,7,4,1,8,8,3,2,4,3,4,-2.5253371,0.5638531,2.2608772,1.2748026,0.98607458
-19.843545,0.92923328,0.72482342,2,7,0,21.136384,0.93961445,0.87929353,0.8261969,0.053096628,-1.5569907,-1.4347087,-1.5627124,-0.44733028,-1.2430224,-1.559018,-1.4347087,-1.7649546,-1.4713463,-1.8454823,2,4,2,6,5,1,4,3,3,7,3,1,4,7,7,6,6,5,4,6,-2.5253432,0.21473262,0.95055183,0.20411449,0.74643734
-16.578596,0.85945069,0.72482342,2,3,0,22.31351,0.89383748,2.9209706,2.610873,0.31009759,-1.4305854,-1.3879372,-1.3615831,-0.37787941,-1.0622595,-1.3555882,-1.3879372,-1.6193155,-1.2725972,-1.8919193,3,5,4,8,7,4,1,5,2,8,4,1,2,8,6,6,1,4,2,8,-2.1478949,0.56486377,0.91166086,0.51496418,0.39669667
-17.052687,0.95007706,0.72482342,3,7,0,17.267228,0.92369723,1.9650107,1.8150749,0.14993577,-1.4486833,-1.3687718,-1.4159751,-0.34934897,-1.1037168,-1.4103183,-1.3687718,-1.6786775,-1.3250007,-1.843934,5,6,1,8,5,4,6,4,6,8,3,3,3,8,6,5,3,6,1,8,-1.7625695,0.84683884,1.8991421,1.6082673,0.29087481
-17.071783,0.88451725,0.72482342,3,7,0,18.977687,0.64552098,2.8654641,1.8497172,1.0157469,-1.6334539,-1.8376644,-1.36902,-0.99531944,-1.2717482,-1.4234875,-1.8376644,-1.3991876,-1.3086802,-2.3533183,6,4,5,8,7,4,2,4,6,6,8,6,5,7,6,5,6,4,2,8,-1.2201659,0.70639557,5.6374251,3.9822521,1.655173
-16.880545,0.99762015,0.72482342,2,7,0,17.682379,0.86320045,4.0778276,3.5199826,0.55784499,-1.4306335,-1.4257962,-1.3252599,-0.42965185,-1.043941,-1.3208922,-1.4257962,-1.5648136,-1.2390323,-1.9529265,6,2,5,5,6,4,5,3,4,7,3,1,2,7,8,4,5,5,3,6,-2.9910197,0.49587482,1.5868008,0.78685457,0.79994625
-18.606797,0.87079688,0.72482342,2,3,0,19.029577,0.93741335,5.3743486,5.0379861,0.3363625,-1.3640222,-1.2994751,-1.3175413,-0.22889991,-0.99977075,-1.3108569,-1.2994751,-1.6637308,-1.2238946,-1.8392042,5,5,5,6,2,4,3,4,4,8,3,2,4,7,5,4,5,5,6,6,-4.9057292,0.1405416,0.74819888,0.10515307,0.64304581
-16.405721,1,0.72482342,2,3,0,18.661933,0.80746443,1.6810249,1.3573678,0.3236571,-1.5359733,-1.5406619,-1.4283496,-0.62559134,-1.1744182,-1.4314027,-1.5406619,-1.5705247,-1.3475252,-1.9935455,6,3,4,6,7,3,3,6,3,4,7,3,2,7,8,3,2,4,5,7,-0.87513979,0.72325043,1.238754,0.89592937,0.34282463
-16.296618,0.99465175,0.72482342,2,3,0,16.570986,0.84297084,3.0284312,2.5528792,0.47555201,-1.463245,-1.4666426,-1.351828,-0.49756451,-1.0817611,-1.3498916,-1.4666426,-1.5557912,-1.267805,-1.9728408,6,3,5,7,6,5,3,5,3,7,4,4,1,8,7,4,3,7,5,7,-1.9085032,0.55012984,1.9339443,1.0639204,0.87002382
-16.923857,0.94849273,0.72482342,3,7,0,16.93699,0.86353802,1.4306643,1.235433,0.19523128,-1.5194569,-1.4701577,-1.4585005,-0.51971105,-1.170268,-1.4552807,-1.4701577,-1.6390339,-1.3724938,-1.9134504,3,5,7,8,4,3,2,4,3,8,7,5,3,8,7,5,4,5,2,6,-1.1550585,0.34251525,0.56021371,0.19188174,0.36833197
-16.935866,0.97617524,0.72482342,3,7,0,17.797338,0.8003768,4.3169487,3.4551856,0.86176312,-1.4774604,-1.5360142,-1.3162089,-0.58587475,-1.0807466,-1.3214156,-1.5360142,-1.4885676,-1.2371146,-2.0704669,4,4,6,8,8,7,4,7,3,4,6,3,5,8,7,4,4,6,2,3,-2.9145349,0.77880762,0.8812708,0.68634041,0.19493039
-16.273171,1,0.72482342,2,3,0,16.926365,0.86349956,2.5621086,2.2123796,0.34972896,-1.4609847,-1.4393437,-1.3727716,-0.46059615,-1.089005,-1.368819,-1.4393437,-1.5898003,-1.2867191,-1.9326828,3,1,4,5,4,2,2,3,2,8,7,3,5,8,6,5,1,5,3,6,-1.6357459,0.4541716,1.0565353,0.47984833,0.57668697
-18.437794,0.88921495,0.72482342,2,3,0,18.655546,0.51248518,2.2605899,1.1585188,1.1020711,-1.7740594,-2.1130427,-1.4320947,-1.3375576,-1.4712993,-1.5537523,-2.1130427,-1.3866297,-1.3874038,-2.6310417,5,4,5,7,5,3,7,4,7,7,2,7,4,6,4,2,3,6,4,6,-0.66657777,0.22803636,1.1225513,0.25598252,0.86656879
-18.743657,1,0.72482342,3,7,0,20.114882,0.97402231,2.4930051,2.4282426,0.064762503,-1.3965941,-1.2875498,-1.3958776,-0.20747377,-1.0709131,-1.3926744,-1.2875498,-1.7373034,-1.3009685,-1.7819431,2,6,6,6,6,2,7,3,6,8,5,6,5,8,8,3,2,6,4,6,-3.1214601,0.13624097,0.83725522,0.11406847,0.72318675
-16.568816,0.98065925,0.72482342,1,3,0,20.019682,0.89736992,2.7115699,2.4332813,0.27828864,-1.4341229,-1.3860306,-1.3704353,-0.37589114,-1.0692812,-1.3644333,-1.3860306,-1.6275705,-1.2812103,-1.8846609,5,3,5,5,5,4,6,5,3,6,6,5,4,7,5,7,4,3,2,6,-2.001766,0.37129173,2.2128605,0.82161681,1.3912437
-16.88493,0.92088966,0.72482342,3,7,0,17.67941,0.71497192,3.6181762,2.5868944,1.0312818,-1.559693,-1.7012209,-1.3351959,-0.81191931,-1.1741527,-1.3638916,-1.7012209,-1.4222556,-1.2666173,-2.2304941,5,2,5,7,7,3,3,4,5,4,4,3,1,8,6,6,3,4,4,4,-2.0135596,0.71436738,1.5036778,1.0741784,0.42949944
-17.943355,0.86404548,0.72482342,3,7,0,18.824663,0.81674967,5.8667501,4.7916662,1.0750839,-1.4519516,-1.5035496,-1.2945638,-0.53254807,-1.0484592,-1.2966629,-1.5035496,-1.493199,-1.2136028,-2.0563735,3,3,5,8,3,1,5,4,4,8,8,3,2,8,8,4,3,2,3,7,-4.4188708,0.30331654,1.5504499,0.47027709,1.0801728
-18.156498,0.95268665,0.72482342,3,7,0,18.914341,0.8317467,0.95553332,0.79476168,0.16077164,-1.5920399,-1.5409959,-1.5351678,-0.6380356,-1.2572319,-1.5350473,-1.5409959,-1.6644847,-1.4512357,-1.9430499,6,2,6,8,8,7,5,6,1,8,5,2,4,6,6,5,2,3,4,8,-1.4462152,0.84358435,1.5806243,1.3333899,0.24723438
-16.510469,1,0.72482342,3,7,0,18.154579,0.86810673,3.3037051,2.8679686,0.43573648,-1.4394987,-1.4233611,-1.345277,-0.4305706,-1.0601278,-1.3406654,-1.4233611,-1.5807006,-1.2586538,-1.9360132,4,6,4,3,6,5,5,3,5,7,3,2,4,8,7,4,1,4,4,7,-2.3000814,0.18926851,1.6686882,0.31583013,1.3528581
-16.524168,0.99936285,0.72482342,3,7,0,16.529137,0.72881147,1.7245322,1.2568588,0.46767334,-1.5892159,-1.6658069,-1.4259843,-0.80316893,-1.2305729,-1.4458246,-1.6658069,-1.5076847,-1.3533385,-2.116249,2,5,6,4,7,5,7,6,3,8,6,4,5,8,7,4,2,6,4,6,-0.64419027,0.6249885,1.4061969,0.87885689,0.52734001
-17.53042,0.48679095,0.72482342,1,3,0,20.047763,0.93668993,1.7103733,1.6020895,0.10828385,-1.4576303,-1.363501,-1.4387849,-0.33898452,-1.1222905,-1.4336811,-1.363501,-1.7032557,-1.3470754,-1.8285115,5,4,8,6,3,4,6,4,5,7,5,3,6,7,6,6,2,6,1,8,-1.8448016,0.30367472,0.63372706,0.19244689,0.44128017
-17.551361,0.96956456,0.72482342,2,7,0,18.805007,0.9389446,3.5134743,3.2989577,0.21451659,-1.3881768,-1.3136564,-1.3513932,-0.25488859,-1.0337958,-1.3452496,-1.3136564,-1.6751949,-1.2582896,-1.8301126,8,4,2,6,8,6,1,3,2,6,6,1,4,8,7,5,4,4,2,8,-3.1845799,0.86476785,0.85059821,0.73556998,0.11502823
-16.23162,1,0.72482342,2,3,0,17.418111,0.85025517,2.1638383,1.8398147,0.3240236,-1.484025,-1.4662668,-1.3932062,-0.50587276,-1.1158931,-1.390669,-1.4662668,-1.5873903,-1.3084489,-1.9450682,2,4,3,6,4,4,5,4,2,8,5,4,4,7,7,4,1,3,2,7,-1.2793558,0.21833074,1.0926408,0.23855709,0.85408375
-16.273388,0.97315727,0.72482342,1,3,0,16.593938,0.7481377,2.0935067,1.5662313,0.52727543,-1.5600332,-1.6328131,-1.3960754,-0.74795697,-1.1907397,-1.4118953,-1.6328131,-1.4981335,-1.3219381,-2.1046997,5,4,1,7,5,4,1,3,2,7,4,2,3,7,6,5,2,4,1,6,-0.84608917,0.76901747,1.8760918,1.4427474,0.43334444
-17.08874,0.78728193,0.72482342,2,3,0,17.860686,0.68943963,3.6475574,2.5147707,1.1327868,-1.5834312,-1.7541021,-1.3374884,-0.878531,-1.2025019,-1.3757616,-1.7541021,-1.4033138,-1.2723112,-2.2884711,6,2,8,6,4,2,8,2,4,8,4,2,4,8,7,3,2,2,4,7,-1.9915298,0.36419557,2.2380246,0.81507867,1.422946
-16.765228,1,0.72482342,2,3,0,17.84348,0.91229289,2.7289826,2.4896314,0.23935117,-1.4241533,-1.3641062,-1.3721394,-0.34025927,-1.0644448,-1.3658641,-1.3641062,-1.6466821,-1.2816168,-1.8635608,7,3,5,7,5,3,5,6,4,8,5,3,3,8,8,5,3,6,2,6,-2.1566777,0.52176111,1.0113032,0.52765867,0.48364452
-16.149697,0.97355415,0.72482342,1,3,0,17.153832,0.82437992,2.2142976,1.8254225,0.38887513,-1.4996366,-1.5054251,-1.3883972,-0.56422927,-1.1274649,-1.389035,-1.5054251,-1.5590078,-1.3061925,-1.9850184,7,2,2,7,8,4,4,8,2,7,6,3,6,8,8,4,2,5,3,8,-1.1822448,0.93839289,2.4099906,2.261518,0.14847255
-16.46313,0.94686724,0.72482342,2,3,0,16.606181,0.88780193,2.2446647,1.9928177,0.25184704,-1.4565601,-1.4093255,-1.3923168,-0.41585269,-1.0951529,-1.3869702,-1.4093255,-1.6267802,-1.3041116,-1.8930716,4,3,4,7,5,7,5,5,1,7,6,2,4,8,7,4,3,6,3,5,-1.5757226,0.40507677,3.6898156,1.4946586,2.195157
-16.297855,0.999731,0.72482342,2,3,0,16.490387,0.73674306,2.3239995,1.7121905,0.61180901,-1.5621769,-1.6532909,-1.3826355,-0.77061008,-1.1897412,-1.4020369,-1.6532909,-1.4784374,-1.3101046,-2.1361317,7,3,3,7,6,4,3,3,3,6,6,2,5,8,5,4,5,6,4,7,-0.96254788,0.58554103,2.1084213,1.2345672,0.87385412
-16.277574,0.86745802,0.72482342,2,3,0,17.225086,0.85860094,2.1360115,1.8339815,0.30203001,-1.4797123,-1.4543289,-1.3956988,-0.48776645,-1.1134859,-1.3923734,-1.4543289,-1.5973251,-1.3101549,-1.9324693,3,3,3,8,8,5,6,4,2,8,4,5,2,7,7,3,3,4,4,5,-1.3102499,0.6458072,1.8734835,1.2099091,0.66357436
-17.102056,0.8945659,0.72482342,1,3,0,17.583804,0.93161389,2.6364293,2.4561342,0.18029515,-1.4153261,-1.3389898,-1.379699,-0.29857053,-1.064805,-1.3737016,-1.3389898,-1.6743346,-1.2876618,-1.8364414,6,7,7,8,7,6,3,6,3,8,5,3,3,8,6,6,2,4,3,7,-2.3095391,0.54397559,2.2890718,1.2451992,1.0438726
-16.598457,0.99387559,0.72482342,2,3,0,17.400541,0.88162983,3.2922891,2.9025803,0.3897088,-1.4302739,-1.4020393,-1.3473412,-0.39795675,-1.0545692,-1.3417716,-1.4020393,-1.5979043,-1.2593903,-1.9144193,3,5,2,6,7,3,5,4,5,8,5,1,2,7,6,3,1,5,4,6,-2.3824133,0.37447217,3.4284372,1.2838543,2.1445829
-16.176587,0.99151804,0.72482342,2,3,0,16.792261,0.82392161,2.0939689,1.7252663,0.36870269,-1.5046486,-1.5079069,-1.3960242,-0.56967404,-1.1346872,-1.3967231,-1.5079069,-1.5634727,-1.3138257,-1.9824576,4,5,4,8,8,4,3,5,2,7,6,4,3,8,6,8,3,4,4,7,-1.1078152,0.6564451,1.1582295,0.7603141,0.39791542
-16.184193,0.98768449,0.72482342,2,7,0,16.337382,0.83623236,2.6756187,2.2374389,0.43817976,-1.4766667,-1.4809513,-1.365261,-0.5222326,-1.0985651,-1.3642387,-1.4809513,-1.5564966,-1.2819263,-1.9771601,4,7,4,6,7,3,4,3,3,7,7,3,3,8,7,5,4,4,2,8,-1.5757689,0.30696906,1.5653634,0.48051814,1.0848453
-16.848631,0.8767665,0.72482342,1,3,0,17.258918,0.9188042,2.3584332,2.1669383,0.19149488,-1.4330674,-1.363142,-1.3907325,-0.33963445,-1.0803826,-1.3847029,-1.363142,-1.6623323,-1.2998779,-1.8520858,4,4,6,7,7,3,5,5,6,7,1,3,4,6,6,6,3,4,1,4,-1.9419546,0.53289843,2.5312241,1.3488854,1.1823388
-16.789316,0.99701065,0.72482342,2,7,0,16.947242,0.67490422,2.8010986,1.8904733,0.91062533,-1.6064588,-1.7758596,-1.3665649,-0.91984021,-1.2378227,-1.4083441,-1.7758596,-1.4177594,-1.3023026,-2.283877,4,5,3,6,7,5,3,5,3,8,4,5,4,7,7,2,3,6,4,7,-1.2078189,0.67306503,3.6013176,2.4239209,1.1773966
-17.216281,0.97385125,0.72482342,2,3,0,17.811962,0.86842824,1.3014675,1.1302311,0.17123637,-1.5288403,-1.4708648,-1.4758899,-0.5215354,-1.1844046,-1.4724855,-1.4708648,-1.6539537,-1.3894535,-1.9062043,4,6,4,4,7,6,2,3,7,6,6,4,2,8,5,7,3,6,1,5,-1.2360039,0.44359406,1.7449693,0.77405802,0.97091128
-16.914572,0.91354885,0.72482342,3,7,0,18.532954,0.87883764,3.9709814,3.4898479,0.48113347,-1.420674,-1.4006857,-1.3295132,-0.39235995,-1.0387966,-1.3239053,-1.4006857,-1.5861901,-1.241692,-1.9256556,3,2,6,6,7,2,5,1,3,7,4,4,3,8,5,5,3,5,3,2,-2.9936487,0.26818152,1.8140721,0.48650062,1.3275715
-17.73065,0.93543585,0.72482342,2,7,0,18.171693,0.94397456,1.706084,1.6104999,0.095584106,-1.4541689,-1.3549471,-1.4405196,-0.32361524,-1.122024,-1.4356937,-1.3549471,-1.7123945,-1.3483184,-1.8202506,4,4,2,7,4,3,3,2,2,6,2,2,5,8,7,5,2,8,1,6,-1.958366,0.59520418,1.5529206,0.92430484,0.62861579
-16.400429,1,0.72482342,2,3,0,17.634002,0.87209661,2.9337344,2.5584998,0.37523456,-1.4448606,-1.4209948,-1.358171,-0.42946558,-1.0702304,-1.3533766,-1.4209948,-1.5918536,-1.2712229,-1.924981,7,4,4,4,4,3,5,2,5,7,4,4,4,7,6,5,3,4,3,5,-1.9972188,0.23872203,1.3032844,0.3111227,0.9921617
-18.783043,0.80297043,0.72482342,2,3,0,18.957863,0.8995455,0.93519617,0.8412515,0.093944665,-1.563127,-1.4670272,-1.5446404,-0.51074016,-1.2374742,-1.5406477,-1.4670272,-1.7216071,-1.4557869,-1.877457,3,5,5,6,5,2,3,2,6,8,4,2,5,8,8,3,2,4,4,7,-1.9265933,0.22259021,1.1817909,0.2630551,0.91873585
-18.037008,1,0.72482342,2,3,0,18.807808,0.90388292,1.1347097,1.0256447,0.10906498,-1.5301873,-1.4409583,-1.5055475,-0.46934537,-1.1983319,-1.5010533,-1.4409583,-1.7026365,-1.4164555,-1.8685578,6,4,4,8,5,4,6,3,5,6,7,2,2,7,8,4,3,6,3,6,-1.6461096,0.457923,2.3932894,1.0959423,1.2973472
-18.413797,0.93465797,0.72482342,1,1,0,18.628912,0.89879217,1.0142337,0.91158533,0.1026484,-1.5501236,-1.4586126,-1.5275187,-0.4980612,-1.2213108,-1.523361,-1.4586126,-1.7108328,-1.4387573,-1.8758903,4,2,6,5,7,5,3,3,3,8,8,4,8,6,5,1,2,3,4,4,-1.7675673,0.5415018,3.4269485,1.8556988,1.5712497
-18.111729,0.87380325,0.72482342,2,3,0,21.03257,0.7013925,5.33781,3.7438999,1.5939101,-1.5614484,-1.7379029,-1.3055014,-0.84185489,-1.1672727,-1.3413518,-1.7379029,-1.386112,-1.2397294,-2.3046492,6,7,3,8,8,3,4,4,4,5,5,1,6,6,7,3,2,4,6,8,-3.5995054,0.545524,1.675996,0.91429606,0.76169996
-18.804565,0.78693071,0.72482342,3,7,0,20.899909,0.92643582,1.0296973,0.95394843,0.07574883,-1.5351743,-1.4273619,-1.5277615,-0.44169473,-1.2126195,-1.5234653,-1.4273619,-1.7349,-1.4371907,-1.8495086,3,5,3,8,4,2,5,2,4,7,6,3,2,6,8,2,3,6,1,6,-2.0307839,0.33212688,1.4303635,0.47506217,0.95530136
-18.948916,0.98497265,0.72482342,2,7,0,19.749498,0.878741,0.860768,0.75639213,0.10437587,-1.5864844,-1.498606,-1.5608319,-0.56462935,-1.2605203,-1.5576401,-1.498606,-1.7157201,-1.4732962,-1.8988077,4,3,6,8,7,6,4,2,4,7,4,3,4,7,8,7,1,5,3,6,-1.9447524,0.6346305,1.4300658,0.9075634,0.52250244
-21.423332,0.88841796,0.72482342,2,3,0,21.486499,0.88079869,0.57152669,0.50339996,0.068126731,-1.663082,-1.5506148,-1.658935,-0.64007105,-1.3522631,-1.6564924,-1.5506148,-1.7835694,-1.5704104,-1.9175423,4,6,3,8,5,6,5,1,6,8,7,3,5,8,6,5,3,7,3,8,-3.2664253,0.27263839,1.0478179,0.28567539,0.76214255
-16.97698,1,0.72482342,2,3,0,21.40741,0.92532321,2.669309,2.4699736,0.19933542,-1.4180187,-1.3469417,-1.377043,-0.31194294,-1.0643208,-1.3708835,-1.3469417,-1.6651908,-1.285482,-1.8451227,3,5,8,4,4,3,3,5,3,7,5,3,5,8,4,7,2,4,6,3,-2.2547133,0.24575684,0.83042118,0.20408169,0.62633949
-16.962329,0.86559403,0.72482342,3,7,0,18.858945,0.78860791,1.3041831,1.0284891,0.27569399,-1.5750742,-1.5780641,-1.4719725,-0.69000451,-1.2250201,-1.4777004,-1.5780641,-1.5872778,-1.3924214,-2.0040124,4,4,7,6,5,1,3,5,6,8,5,2,3,7,8,5,3,2,2,5,-0.85676815,0.32215229,0.87670892,0.28243379,0.59427513
-16.435998,0.88067164,0.72482342,3,7,0,18.20343,0.82174553,3.4466921,2.8323038,0.61438827,-1.4713152,-1.4998796,-1.3371796,-0.54213691,-1.0829115,-1.3382792,-1.4998796,-1.5243349,-1.2554791,-2.0163808,4,6,5,5,7,7,2,4,2,7,1,2,5,7,5,6,3,7,2,7,-2.1847693,0.46544093,1.6947152,0.78878983,0.90592539
-16.597924,0.97609963,0.72482342,3,7,0,16.793147,0.73468037,3.3008066,2.4250378,0.87576878,-1.545595,-1.6605785,-1.3424158,-0.7634285,-1.1602697,-1.3641352,-1.6605785,-1.4448221,-1.2710726,-2.1786751,7,2,6,7,7,3,6,2,2,8,5,4,3,7,6,6,3,2,3,7,-1.76538,0.62963691,5.8841549,3.7048811,2.1792738
-16.554215,0.98721918,0.72482342,2,3,0,16.889901,0.81143093,1.5521034,1.2594247,0.2926787,-1.5415369,-1.5378789,-1.4415576,-0.62396645,-1.1836812,-1.4439501,-1.5378789,-1.5830364,-1.3602323,-1.9834092,7,6,3,6,5,2,5,3,3,8,6,1,3,8,7,4,2,8,1,7,-0.879451,0.43168249,1.9209261,0.82923015,1.0916959
-16.317186,0.99905223,0.72482342,3,7,0,16.654089,0.7435492,1.9987774,1.4861894,0.51258806,-1.5668761,-1.6407796,-1.4028665,-0.7611872,-1.2000088,-1.4196519,-1.6407796,-1.4999053,-1.3291054,-2.1077148,3,4,4,7,5,3,5,1,5,7,6,2,4,6,6,8,3,7,1,7,-0.78370712,0.46477529,1.5044532,0.69923267,0.80522051
-16.454118,0.90778195,0.72482342,3,7,0,17.191783,0.87067392,1.89782,1.6523824,0.24543763,-1.4834753,-1.4427818,-1.413687,-0.47187938,-1.1241554,-1.4095628,-1.4427818,-1.6197786,-1.3270742,-1.9115975,3,2,7,8,3,2,3,7,7,8,4,5,4,6,6,4,4,5,5,5,-1.264144,0.69228599,0.8632427,0.59761083,0.26563187
-18.851977,0.8115058,0.72482342,3,7,0,20.356545,0.97502039,2.8181913,2.747794,0.070397327,-1.3846157,-1.2776898,-1.3823354,-0.19121822,-1.056979,-1.379133,-1.2776898,-1.7358136,-1.2870861,-1.7801734,7,5,3,8,7,7,4,4,4,8,4,3,6,7,7,6,1,4,3,8,-3.4203462,0.76902785,2.6628921,2.0478382,0.61505392
-17.992244,0.92914819,0.72482342,2,7,0,19.940797,0.91196567,5.1627571,4.7082572,0.45449985,-1.3833953,-1.340161,-1.3147096,-0.2946348,-1.0071999,-1.3075918,-1.340161,-1.6248513,-1.2234017,-1.8791076,3,7,4,5,5,6,3,2,5,8,6,2,5,7,7,6,3,6,2,6,-4.3963192,0.10482244,1.8651646,0.19551109,1.6696535
-16.652971,1,0.72482342,2,3,0,18.028566,0.84526219,3.7943052,3.2071827,0.58712248,-1.4479829,-1.4576559,-1.3297684,-0.47837913,-1.0597258,-1.327434,-1.4576559,-1.5459915,-1.2454826,-1.9804934,4,7,6,8,7,7,6,4,2,6,5,1,5,6,6,8,4,4,3,8,-2.6217715,0.459627,1.374343,0.63168514,0.74265783
-16.832442,0.97457836,0.72482342,1,1,0,16.866185,0.85948514,4.0244037,3.4589151,0.56548852,-1.434105,-1.4323279,-1.3259711,-0.43965565,-1.0469336,-1.3219798,-1.4323279,-1.5606804,-1.2401421,-1.9587155,6,3,1,7,7,5,3,4,5,7,4,2,3,6,6,4,2,4,3,8,-2.9181163,0.63986892,0.97988067,0.62699519,0.35288548
-18.650649,0.77687823,0.72482342,2,3,0,19.861833,0.49601008,2.1668542,1.0747815,1.0920727,-1.7919661,-2.1459258,-1.4430243,-1.3785122,-1.4983194,-1.5738418,-2.1459258,-1.390984,-1.4000093,-2.6625515,6,6,5,8,3,6,4,4,2,7,4,3,2,7,7,4,1,6,6,8,-0.60650775,0.67354908,4.8838536,3.2895151,1.5943385
-16.460767,0.96180932,0.72482342,2,3,0,19.148114,0.8106095,1.6298459,1.3211686,0.30867734,-1.5370052,-1.5371156,-1.4334362,-0.62129205,-1.1769335,-1.4359843,-1.5371156,-1.5767065,-1.3522627,-1.9872843,4,5,5,5,6,5,4,4,6,6,5,2,5,8,7,5,5,5,3,5,-0.88020327,0.10004349,1.2785967,0.12791527,1.1506814
-16.504001,0.99683567,0.72482342,3,7,0,16.607814,0.80424853,1.5879226,1.2770844,0.3108382,-1.5437995,-1.5475617,-1.4375738,-0.63778641,-1.1846989,-1.4410748,-1.5475617,-1.5743266,-1.3569676,-1.9946416,6,2,3,5,7,5,3,3,5,8,3,3,4,8,7,5,5,5,4,6,-0.85167882,0.72505208,2.5646796,1.8595263,0.70515332
-18.340769,0.51668367,0.72482342,1,3,0,21.621476,0.65527045,5.0631687,3.3177448,1.7454238,-1.6100189,-1.8396568,-1.3166381,-0.96816057,-1.2283674,-1.372458,-1.8396568,-1.3578823,-1.2572783,-2.4157085,5,5,5,7,3,3,3,6,3,7,4,5,4,8,7,3,4,2,3,7,-3.269234,0.58771651,1.6841915,0.98982717,0.69436435
-17.434696,1,0.72482342,1,1,0,18.220443,0.74811406,4.806533,3.5958349,1.2106981,-1.519373,-1.6378707,-1.3086875,-0.71860037,-1.1211088,-1.3276106,-1.6378707,-1.4310585,-1.2363392,-2.1865291,5,6,8,8,4,5,5,2,4,6,3,3,5,6,7,5,4,4,5,6,-3.2106443,0.41480918,3.4304081,1.4229648,2.0074433
-16.619679,0.99021471,0.72482342,2,3,0,17.573328,0.89528202,1.9964566,1.7873917,0.2090649,-1.4634137,-1.4055678,-1.4093238,-0.41107219,-1.1082929,-1.4038938,-1.4055678,-1.6434594,-1.3205794,-1.8802684,4,7,6,4,7,1,4,3,3,7,4,3,1,8,6,5,1,4,2,8,-1.4925131,0.37813927,3.3978795,1.2848717,2.1130078
-16.385454,1,0.72482342,2,3,0,16.814087,0.7935017,3.3033639,2.6212249,0.68213904,-1.4959592,-1.5503546,-1.3405307,-0.61471363,-1.1073836,-1.3469044,-1.5503546,-1.4976003,-1.2620333,-2.0644679,3,4,6,6,5,6,4,1,3,8,3,4,6,8,7,5,3,3,4,7,-1.9413306,0.40951024,0.83183434,0.34064468,0.49118965
# 
#  Elapsed Time: 0.011 seconds (Warm-up)
#                0.037 seconds (Sampling)
#                0.048 seconds (Total)
# 
